iteration;w_s;Non Food;Non Perishable A;Non Perishable B;Non Perishable C;Non Perishable D;Perishable A;Perishable B;medoid_0;medoid_1;medoid_2;medoid_3;cluster_size_0;cluster_size_1;cluster_size_2;cluster_size_3;iem;optimization;clustering;repetition
0;0.11408519359808582;0.1486707537952537;0.1253000809216158;0.11326817393468144;0.088067694135561;0.13426592896451614;0.09096390915257357;0.18537826549771252;536870928;44090656770;29609828386;18794684544;43;206;298;204;;;;random_0
1;0.19023785248333236;0.12136605307756992;0.027654874264217637;0.010949187314309576;0.13516805901953688;0.1448850049056568;0.014652283688509902;0.35508668524686693;27394187346;9663807490;29609828386;18794807424;101;209;254;187;-7.737530725475754;0.078125;0.0625;random_0
2;0.28285602862283515;0.2537776207989907;0.0451233842292053;0.02450298610495382;0.05022252087045374;0.006392669873997028;0.004814088301972496;0.3323107011975916;27394187346;9663807490;29609828386;18794807424;107;204;225;215;-7.776056342336955;0.09375;0.046875;random_0
3;0.28285602862283515;0.2537776207989907;0.0451233842292053;0.02450298610495382;0.05022252087045374;0.006392669873997028;0.004814088301972496;0.3323107011975916;27394187346;9663807490;29609828386;18794807424;107;204;225;215;-7.767191361608859;0.09375;;random_0
0;0.2230943142573634;0.08876925228049985;0.18328959226317257;0.12244267836512651;0.13150607973995737;0.21428175474110944;0.016445318155662837;0.020171010197108017;1073881088;3221356576;27384742082;35433613312;93;195;368;95;;;;random_1
1;0.2380546354771868;0.11173900989189237;0.026105787627590093;0.2538020055267487;0.04185444016434565;0.24887557479368702;0.006384928033296779;0.07318361848525257;1073881088;3221356576;27384742082;35433613312;93;183;388;87;-7.811595083681305;0.109375;0.046875;random_1
2;0.20351755227612883;0.11702777632732324;0.07684897614325388;0.15060676575082368;0.06044924340346322;0.37948267454670465;0.011261351265992668;0.0008056602863097856;1073881088;3827437728;27384742082;35433613312;81;249;323;98;-7.845598560996197;0.09375;0.046875;random_1
3;0.2380546354771868;0.11173900989189237;0.026105787627590093;0.2538020055267487;0.04185444016434565;0.24887557479368702;0.006384928033296779;0.07318361848525257;1073881088;3221356576;27384742082;35433613312;93;183;388;87;-7.839005908814123;0.09375;0.046875;random_1
4;0.20351755227612883;0.11702777632732324;0.07684897614325388;0.15060676575082368;0.06044924340346322;0.37948267454670465;0.011261351265992668;0.0008056602863097856;1073881088;3827437728;27384742082;35433613312;81;249;323;98;-7.845598560996197;0.125;0.0625;random_1
5;0.2380546354771868;0.11173900989189237;0.026105787627590093;0.2538020055267487;0.04185444016434565;0.24887557479368702;0.006384928033296779;0.07318361848525257;1073881088;3221356576;27384742082;35433613312;93;183;388;87;-7.839005908814123;0.125;;random_1
0;0.10822950194210952;0.14099952599637086;0.021833392552064484;0.23569143729881853;0.19284980200941512;0.09032859058704758;0.17809393668812418;0.031973812926049804;1610752128;64162527712;20669923328;10276184194;143;274;127;207;;;;random_10
1;0.22350086628715765;0.0027692807665022075;0.05262966994137647;0.43884178522662964;0.04310337257013177;0.00745609202988119;0.05762348469859703;0.17407544847972403;1610752128;64229881568;20405682208;9663815682;171;232;163;185;-7.833318910522849;0.09375;0.046875;random_10
2;0.22350086628715765;0.0027692807665022075;0.05262966994137647;0.43884178522662964;0.04310337257013177;0.00745609202988119;0.05762348469859703;0.17407544847972403;1610752128;64229881568;20405682208;9663815682;170;232;164;185;-7.885378312084534;0.109375;0.046875;random_10
3;0.22350086628715765;0.0027692807665022075;0.05262966994137647;0.43884178522662964;0.04310337257013177;0.00745609202988119;0.05762348469859703;0.17407544847972403;1610752128;64229881568;20405682208;9663815682;170;232;164;185;-7.88512500484175;0.09375;;random_10
0;0.009322162219970603;0.14911270249531897;0.0951737754178372;0.08797196308702855;0.18865973877286468;0.16527333083460805;0.22245139665832375;0.08203493051404832;536870928;42949675010;2415919104;12348170466;43;130;74;504;;;;random_100
1;0.24030796296979348;0.11197583844660527;0.027281348089047464;0.0250298090018953;0.021351447986262304;0.4082625053048089;0.1443111028754692;0.021479985326118143;536871040;26847870978;2415919104;29632917990;62;348;109;232;-7.736116212723354;0.078125;0.046875;random_100
2;0.17305282572050742;0.16043033105410665;0.02047030643166791;0.04343793241975356;0.030137884910238815;0.398998231539783;0.15418643366785129;0.019286054256091496;536871040;26847870978;2415919104;29632917990;57;345;110;239;-7.869068619581046;0.078125;0.046875;random_100
3;0.17305282572050742;0.16043033105410665;0.02047030643166791;0.04343793241975356;0.030137884910238815;0.398998231539783;0.15418643366785129;0.019286054256091496;536871040;26847870978;2415919104;29632917990;57;345;110;239;-7.863276009275753;0.09375;;random_100
0;0.2170897606207756;0.18623290023866013;0.08645073539751559;0.15036297556090727;0.06979676679074373;0.21149217191757047;0.027192932016326093;0.05138175745750107;1073881088;20405682208;27384742082;35433613312;80;218;324;129;;;;random_101
1;0.23305217935049427;0.24520217241991435;0.013850355910538516;0.23175226723291628;0.10393040132183767;0.15078164055193224;0.014373299585556198;0.007057683626810569;1073881088;3221356576;27384820166;35433613312;93;139;370;149;-7.824643903519177;0.09375;0.046875;random_101
2;0.2500791569798219;0.2354027773027801;0.014862273932091507;0.2486842722487812;0.05416282486031248;0.14072914265149306;0.02574566700541392;0.030333885019305878;1073881088;2147483680;27384742082;35433613312;108;88;407;148;-7.842855983829096;0.09375;0.046875;random_101
3;0.2500791569798219;0.2354027773027801;0.014862273932091507;0.2486842722487812;0.05416282486031248;0.14072914265149306;0.02574566700541392;0.030333885019305878;1073881088;2147483680;27384742082;35433613312;108;88;407;148;-7.835631399161815;0.109375;0.046875;random_101
4;0.2500791569798219;0.2354027773027801;0.014862273932091507;0.2486842722487812;0.05416282486031248;0.14072914265149306;0.02574566700541392;0.030333885019305878;1073881088;2147483680;27384742082;35433613312;108;88;407;148;-7.835631399161815;0.078125;;random_101
0;0.06455341222950547;0.14214192061329237;0.2628337715466683;0.18583326223849234;0.17199696508865392;0.00019255457112802617;0.15003354104561953;0.022414572666639838;1610752128;61207611458;29530141040;9663815682;149;283;200;119;;;;random_102
1;0.2447600051492009;0.14314318544021434;0.145212789654177;0.2490712965086182;0.15598942420100342;0.01939091665609377;0.009623424332912491;0.032808958057779856;1610752128;61207611458;29530141040;9663815682;181;232;207;131;-7.782229370267787;0.078125;0.03125;random_102
2;0.29367196430529735;0.0431497126012566;0.2162087121398788;0.3542349238155285;0.010690672475181013;0.005330983715718444;0.007158337437897366;0.06955469350924194;1073872896;64169314514;29530141040;9663815682;142;280;212;117;-7.805924284840389;0.09375;0.03125;random_102
3;0.22350086628715765;0.0027692807665022075;0.05262966994137647;0.43884178522662964;0.04310337257013177;0.00745609202988119;0.05762348469859703;0.17407544847972403;1073872896;63967544802;29530141040;9663815682;166;228;215;142;-7.8077422284932245;0.078125;0.046875;random_102
4;0.22350086628715765;0.0027692807665022075;0.05262966994137647;0.43884178522662964;0.04310337257013177;0.00745609202988119;0.05762348469859703;0.17407544847972403;1073872896;63967544802;29530141040;9663815682;166;227;215;143;-7.838221078077724;0.09375;0.03125;random_102
5;0.22350086628715765;0.0027692807665022075;0.05262966994137647;0.43884178522662964;0.04310337257013177;0.00745609202988119;0.05762348469859703;0.17407544847972403;1073872896;63967544802;29530141040;9663815682;166;227;215;143;-7.838620842978575;0.078125;;random_102
0;0.053428457240253635;0.23921052464411083;0.055261531971979645;0.22021099481663264;0.20598647912553986;0.04082979655201607;0.15539855958670462;0.0296736560627626;1610752128;63355365730;20405682208;10276184194;139;319;138;155;;;;random_103
1;0.22350086628715765;0.0027692807665022075;0.05262966994137647;0.43884178522662964;0.04310337257013177;0.00745609202988119;0.05762348469859703;0.17407544847972403;1610752128;63355365730;20405682208;10200686722;177;237;172;165;-7.776345792280655;0.078125;0.046875;random_103
2;0.22350086628715765;0.0027692807665022075;0.05262966994137647;0.43884178522662964;0.04310337257013177;0.00745609202988119;0.05762348469859703;0.17407544847972403;1610752128;63355365730;20405682208;10200686722;176;239;173;163;-7.8645472063737465;0.078125;0.046875;random_103
3;0.22350086628715765;0.0027692807665022075;0.05262966994137647;0.43884178522662964;0.04310337257013177;0.00745609202988119;0.05762348469859703;0.17407544847972403;1610752128;63355365730;20405682208;10200686722;176;239;173;163;-7.86489103277555;0.078125;;random_103
0;0.15725111321634438;0.13771573503098267;0.17540914936051838;0.10356502325718148;0.19764470317060676;0.010661221410606934;0.06327490338901065;0.15447815116474894;2415919136;50466031650;26915008834;1610752128;40;185;319;207;;;;random_104
1;0.3587451534834802;0.06983747711903127;0.009503202814100446;0.12229479343965617;0.1995317687719363;0.11098038876385158;0.019546778525275588;0.10956043708266854;2415919136;63971487074;26915008834;1610752128;59;301;212;179;-7.771133400531762;0.078125;0.046875;random_104
2;0.2380546354771868;0.11173900989189237;0.026105787627590093;0.2538020055267487;0.04185444016434565;0.24887557479368702;0.006384928033296779;0.07318361848525257;2415919136;63971487074;26847748162;1610752128;82;287;229;153;-7.798398706151111;0.078125;0.0625;random_104
3;0.20351755227612883;0.11702777632732324;0.07684897614325388;0.15060676575082368;0.06044924340346322;0.37948267454670465;0.011261351265992668;0.0008056602863097856;3489800192;29602427378;26847748162;1610752128;119;222;258;152;-7.837261551602091;0.078125;0.046875;random_104
4;0.1630698429893746;0.00407268318921882;0.09797735637200568;0.2025790815233156;0.07132255533094715;0.3329994162083449;0.0012882034078602433;0.12669086097893295;37849409536;29602427378;26847748162;1073872896;110;286;245;110;-7.885780488703993;0.078125;0.046875;random_104
5;0.1630698429893746;0.00407268318921882;0.09797735637200568;0.2025790815233156;0.07132255533094715;0.3329994162083449;0.0012882034078602433;0.12669086097893295;37849409536;29602427378;26847748162;1073872896;110;286;245;110;-7.856085377413755;0.09375;0.046875;random_104
6;0.1630698429893746;0.00407268318921882;0.09797735637200568;0.2025790815233156;0.07132255533094715;0.3329994162083449;0.0012882034078602433;0.12669086097893295;37849409536;29602427378;26847748162;1073872896;110;286;245;110;-7.856085377413755;0.078125;;random_104
0;0.10416137327174486;0.04308647134268225;0.026708855388853297;0.20361944173060256;0.11787164933493181;0.21979874229061694;0.18268050808149736;0.1020729585590711;2684354720;46802282550;29632917990;18257936384;78;206;266;201;;;;random_105
1;0.22350086628715765;0.0027692807665022075;0.05262966994137647;0.43884178522662964;0.04310337257013177;0.00745609202988119;0.05762348469859703;0.17407544847972403;2684354720;46506575906;29058605408;18257936384;106;204;208;233;-7.814092889304417;0.09375;0.046875;random_105
2;0.22350086628715765;0.0027692807665022075;0.05262966994137647;0.43884178522662964;0.04310337257013177;0.00745609202988119;0.05762348469859703;0.17407544847972403;2684354720;46506575906;29058605408;18257936384;106;204;208;233;-7.898021290110449;0.078125;0.03125;random_105
3;0.22350086628715765;0.0027692807665022075;0.05262966994137647;0.43884178522662964;0.04310337257013177;0.00745609202988119;0.05762348469859703;0.17407544847972403;2684354720;46506575906;29058605408;18257936384;106;204;208;233;-7.898021290110449;0.078125;;random_105
0;0.0770958457266066;0.10643213430803317;0.18350952554306732;0.1521805609070556;0.001063615591677689;0.14328007633199394;0.18979413859462627;0.1466441029969395;2684354720;46802282550;29602427378;18257936384;73;193;284;201;;;;random_106
1;0.22350086628715765;0.0027692807665022075;0.05262966994137647;0.43884178522662964;0.04310337257013177;0.00745609202988119;0.05762348469859703;0.17407544847972403;2952790176;46506575906;64229881568;18257936384;91;208;229;223;-7.746755683262747;0.09375;0.03125;random_106
2;0.22350086628715765;0.0027692807665022075;0.05262966994137647;0.43884178522662964;0.04310337257013177;0.00745609202988119;0.05762348469859703;0.17407544847972403;2952790176;46506575906;64229881568;18257936384;91;208;229;223;-7.886525219607982;0.078125;0.046875;random_106
3;0.22350086628715765;0.0027692807665022075;0.05262966994137647;0.43884178522662964;0.04310337257013177;0.00745609202988119;0.05762348469859703;0.17407544847972403;2952790176;46506575906;64229881568;18257936384;91;208;229;223;-7.886525219607982;0.09375;;random_106
0;0.048591579009631035;0.1327352648225285;0.03851951507382107;0.09855128616164952;0.25725711545394114;0.25346552188829363;0.0776442957266274;0.09323542186350757;2415919104;44090656770;29610352866;1610752128;106;172;293;180;;;;random_107
1;0.1630698429893746;0.00407268318921882;0.09797735637200568;0.2025790815233156;0.07132255533094715;0.3329994162083449;0.0012882034078602433;0.12669086097893295;3489800192;44090656770;29610352866;1073872896;101;140;373;137;-7.82349625574553;0.078125;0.046875;random_107
2;0.1630698429893746;0.00407268318921882;0.09797735637200568;0.2025790815233156;0.07132255533094715;0.3329994162083449;0.0012882034078602433;0.12669086097893295;3489800192;44090656770;29610352866;1073872896;102;140;372;137;-7.845097541378051;0.078125;0.046875;random_107
3;0.1630698429893746;0.00407268318921882;0.09797735637200568;0.2025790815233156;0.07132255533094715;0.3329994162083449;0.0012882034078602433;0.12669086097893295;3489800192;44090656770;29610352866;1073872896;102;140;372;137;-7.845462033926394;0.09375;;random_107
0;0.1358545121052031;0.21801381735792158;0.03345392808799203;0.05815151112708867;0.19772424562846416;0.11133679848473162;0.20347434563723638;0.041990841571362375;536871040;2147483680;25773998146;27386847234;43;105;69;534;;;;random_108
1;0.17431270716244007;0.010866292813401159;0.0326207616882067;0.03269026259579141;0.24634406609672857;0.2524315272436045;0.24807216349650374;0.0026622189033237162;34896611456;2147483680;25773998082;27386847234;47;197;53;454;-7.754702831169693;0.078125;0.0625;random_108
2;0.2522743808185384;0.061691910193058565;0.009471971422022316;0.0639685345950845;0.0011664631816217196;0.37351810168271277;0.0744675286251454;0.1634411094818165;35970484352;3296862240;25773998082;27386847234;156;272;81;242;-7.780767190727548;0.078125;0.046875;random_108
3;0.21982401366548493;0.2544826784721114;0.021661278610512345;0.09821831115289123;0.04594910015733628;0.2864773754072369;0.0015186869759567518;0.07186855555847017;35433613312;3296862240;8589934594;27384742082;173;235;29;314;-7.7496128913519104;0.09375;0.046875;random_108
4;0.2380546354771868;0.11173900989189237;0.026105787627590093;0.2538020055267487;0.04185444016434565;0.24887557479368702;0.006384928033296779;0.07318361848525257;1073872896;3221356576;8589934594;27384742082;139;181;87;344;-7.792390857103268;0.078125;0.03125;random_108
5;0.34884434049438995;0.00273272513097807;0.06775407423558436;0.38042746609519695;0.011189118644623321;0.09961849730817919;0.034426194101241654;0.05500758398980671;1073872896;3221356576;9663819778;27384742082;141;131;150;329;-7.84120077658175;0.078125;0.046875;random_108
6;0.22350086628715765;0.0027692807665022075;0.05262966994137647;0.43884178522662964;0.04310337257013177;0.00745609202988119;0.05762348469859703;0.17407544847972403;1073872896;2147483680;9663815682;29532451296;197;42;189;323;-7.856059995953773;0.109375;0.046875;random_108
7;0.22350086628715765;0.0027692807665022075;0.05262966994137647;0.43884178522662964;0.04310337257013177;0.00745609202988119;0.05762348469859703;0.17407544847972403;1073872896;2147483680;9663815682;29532451296;197;42;189;323;-7.876412265987409;0.09375;0.046875;random_108
8;0.22350086628715765;0.0027692807665022075;0.05262966994137647;0.43884178522662964;0.04310337257013177;0.00745609202988119;0.05762348469859703;0.17407544847972403;1073872896;2147483680;9663815682;29532451296;197;42;189;323;-7.876412265987409;0.09375;;random_108
0;0.13121541504610262;0.0803719353308564;0.0779758077592293;0.11008185516833283;0.10668253876334623;0.08802737806440206;0.2253901810729005;0.18025488879483;536871040;42949675010;3221356576;27395236032;59;110;189;393;;;;random_109
1;0.22350086628715765;0.0027692807665022075;0.05262966994137647;0.43884178522662964;0.04310337257013177;0.00745609202988119;0.05762348469859703;0.17407544847972403;1610752128;46506575906;3489792032;27395236032;133;201;182;235;-7.744187359719647;0.09375;0.046875;random_109
2;0.22350086628715765;0.0027692807665022075;0.05262966994137647;0.43884178522662964;0.04310337257013177;0.00745609202988119;0.05762348469859703;0.17407544847972403;1610752128;46506575906;3489792032;27395236032;133;201;182;235;-7.887225293643956;0.109375;0.046875;random_109
3;0.22350086628715765;0.0027692807665022075;0.05262966994137647;0.43884178522662964;0.04310337257013177;0.00745609202988119;0.05762348469859703;0.17407544847972403;1610752128;46506575906;3489792032;27395236032;133;201;182;235;-7.887225293643956;0.09375;;random_109
0;0.15108994594523184;0.24378534003112792;0.0835712452060656;0.17508396875411358;0.03457496843894646;0.1879164807572236;0.07592085597706041;0.04805719489023067;536871040;2147483680;20961435680;29272178690;63;46;304;338;;;;random_11
1;0.34884434049438995;0.00273272513097807;0.06775407423558436;0.38042746609519695;0.011189118644623321;0.09961849730817919;0.034426194101241654;0.05500758398980671;1610752128;2147483680;18257936384;29610352866;148;56;126;421;-7.7675200205454535;0.09375;0.046875;random_11
2;0.26400356727738417;0.13972626508717423;0.03191848428753177;0.3958529056178151;0.08658313179424464;0.012663840306161888;0.06594451750872049;0.003307288120967658;1610752128;2147483680;18257936384;29540626790;165;49;134;403;-7.850687493782347;0.109375;0.046875;random_11
3;0.26400356727738417;0.13972626508717423;0.03191848428753177;0.3958529056178151;0.08658313179424464;0.012663840306161888;0.06594451750872049;0.003307288120967658;1610752128;2147483680;18257936384;29540626790;165;49;134;403;-7.861891865860617;0.09375;0.046875;random_11
4;0.26400356727738417;0.13972626508717423;0.03191848428753177;0.3958529056178151;0.08658313179424464;0.012663840306161888;0.06594451750872049;0.003307288120967658;1610752128;2147483680;18257936384;29540626790;165;49;134;403;-7.861891865860617;0.078125;;random_11
0;0.1448939819076465;0.057737458364140896;0.11505321288133481;0.1551767955290746;0.15844510092004335;0.06861466124106427;0.15352248662170329;0.14655630253499238;2415919104;50466031650;26915008834;1610752128;46;191;312;202;;;;random_110
1;0.22350086628715765;0.0027692807665022075;0.05262966994137647;0.43884178522662964;0.04310337257013177;0.00745609202988119;0.05762348469859703;0.17407544847972403;2415919136;46506575906;26847879232;1610752128;58;220;256;217;-7.764416317430513;0.078125;0.046875;random_110
2;0.22350086628715765;0.0027692807665022075;0.05262966994137647;0.43884178522662964;0.04310337257013177;0.00745609202988119;0.05762348469859703;0.17407544847972403;2415919136;46506575906;26847879232;1610752128;58;220;256;217;-7.8594745906711605;0.078125;0.046875;random_110
3;0.22350086628715765;0.0027692807665022075;0.05262966994137647;0.43884178522662964;0.04310337257013177;0.00745609202988119;0.05762348469859703;0.17407544847972403;2415919136;46506575906;26847879232;1610752128;58;220;256;217;-7.8594745906711605;0.078125;;random_110
0;0.03476179077001536;0.21272392614555952;0.10841287267721346;0.11948921053552185;0.11014417831152454;0.1394942698647304;0.15259339750290307;0.12238035419253167;536871040;29610352866;2415919104;35433613312;40;463;53;195;;;;random_111
1;0.24583922759881016;0.08743795752925479;0.10132649713046628;0.051382160824446486;0.08725840913364279;0.3248062312263;0.004794632639486017;0.09715488391759348;1610752128;29610352866;3489800192;1073872896;161;354;110;126;-7.737494327428512;0.09375;0.046875;random_111
2;0.1630698429893746;0.00407268318921882;0.09797735637200568;0.2025790815233156;0.07132255533094715;0.3329994162083449;0.0012882034078602433;0.12669086097893295;1610752128;29610352866;3489800192;1073872896;134;397;101;119;-7.837491824089107;0.109375;0.03125;random_111
3;0.1630698429893746;0.00407268318921882;0.09797735637200568;0.2025790815233156;0.07132255533094715;0.3329994162083449;0.0012882034078602433;0.12669086097893295;1610752128;29610352866;3489800192;1073872896;134;397;101;119;-7.83730789124835;0.078125;;random_111
0;0.23160611057485037;0.1677308802541284;0.10726164615087519;0.11134013927244518;0.21665627610606267;0.09303697218909483;0.056500773106001906;0.01586720234654143;1610752128;2147483680;61761521922;29610352866;166;48;237;300;;;;random_112
1;0.2500791569798219;0.2354027773027801;0.014862273932091507;0.2486842722487812;0.05416282486031248;0.14072914265149306;0.02574566700541392;0.030333885019305878;1073881088;2147483680;61744482434;29610352866;154;60;230;307;-7.806446662759497;0.078125;0.046875;random_112
2;0.2366789100818342;0.1819432033667347;0.02595492144120827;0.25233527557337193;0.12282527776671816;0.1402530047885955;0.006348029328823759;0.033661377652713445;1073881088;2147483680;61744482434;29610352866;153;64;222;312;-7.834403289770211;0.078125;0.03125;random_112
3;0.2366789100818342;0.1819432033667347;0.02595492144120827;0.25233527557337193;0.12282527776671816;0.1402530047885955;0.006348029328823759;0.033661377652713445;1073881088;2147483680;61744482434;29610352866;153;64;222;312;-7.831197666973238;0.09375;;random_112
0;0.2504950863934237;0.26265333441945027;0.03434770918272336;0.09564093722844134;0.05014668421235129;0.03314053334132116;0.2573119740170322;0.016263741205256678;9126805634;2147483680;29800661154;1073750016;91;43;473;144;;;;random_113
1;0.3462756393079222;0.008205280802740194;0.004277236468970023;0.1072427835096712;0.20480471150285293;0.033308968913574766;0.2223050048994628;0.0735803745948058;43486546050;2147483680;29632917990;1073872896;90;40;452;169;-7.782813728739639;0.078125;0.03125;random_113
2;0.3462756393079222;0.008205280802740194;0.004277236468970023;0.1072427835096712;0.20480471150285293;0.033308968913574766;0.2223050048994628;0.0735803745948058;43486546050;2147483680;29632917990;1073872896;90;40;452;169;-7.793348167863421;0.078125;0.046875;random_113
3;0.3462756393079222;0.008205280802740194;0.004277236468970023;0.1072427835096712;0.20480471150285293;0.033308968913574766;0.2223050048994628;0.0735803745948058;43486546050;2147483680;29632917990;1073872896;90;40;452;169;-7.793348167863421;0.078125;;random_113
0;0.2285988305704629;0.022487380269210433;0.2013169472965084;0.13208008887204062;0.08577943624797014;0.0798166356398722;0.17657836714061603;0.07334231396331926;43486546050;2415919136;29610352866;1073872896;99;37;446;169;;;;random_114
1;0.2603278280507688;0.05944281685690619;0.16138999031618984;0.2671751501375342;0.19477989426477432;0.010940647049314897;0.034100168389173256;0.011843504935338547;44585596934;2415919136;29610352866;1073872896;176;40;405;130;-7.787550813890446;0.09375;0.046875;random_114
2;0.27002795685226705;0.14532099445965768;0.0831791085664718;0.41170311013635125;0.0045732289880018;0.013170908603486808;0.068584978332819;0.0034397140609446495;44585596934;2147483680;29610352866;1073872896;206;46;334;165;-7.826863738367238;0.078125;0.0625;random_114
3;0.22350086628715765;0.0027692807665022075;0.05262966994137647;0.43884178522662964;0.04310337257013177;0.00745609202988119;0.05762348469859703;0.17407544847972403;44090656770;2415919136;64229881568;1073872896;195;48;346;162;-7.825089014722776;0.078125;0.046875;random_114
4;0.22350086628715765;0.0027692807665022075;0.05262966994137647;0.43884178522662964;0.04310337257013177;0.00745609202988119;0.05762348469859703;0.17407544847972403;44090656770;2415919136;64229881568;1073872896;195;48;345;163;-7.864914607260789;0.09375;0.046875;random_114
5;0.22350086628715765;0.0027692807665022075;0.05262966994137647;0.43884178522662964;0.04310337257013177;0.00745609202988119;0.05762348469859703;0.17407544847972403;44090656770;2415919136;64229881568;1073872896;195;48;345;163;-7.86499269525641;0.078125;;random_114
0;0.13966460223733415;0.10991946200652977;0.10304364018360536;0.1914754815862933;0.11784885469867108;0.17568838196449502;0.15416708156787376;0.008192495755197607;536871040;2147483680;20961435680;29272178690;47;40;321;343;;;;random_115
1;0.31896473706033546;0.06615693933664528;0.12333501943267289;0.15794394571505288;0.04077200544447715;0.24593140929721294;0.030105303091945517;0.016790640621657946;1610752128;2147483680;20961435680;29800542402;195;48;197;311;-7.7518393177832;0.09375;0.046875;random_115
2;0.32527253356693814;0.010901490558701125;0.11535445860469405;0.11489880856417176;0.16248782408225748;0.2197583773069824;0.04865566503930241;0.002670842276952704;1610752128;2147483680;20961435680;64169314514;200;46;196;309;-7.790045862937694;0.09375;0.046875;random_115
3;0.24957397041188203;0.08294254218321442;0.04002392341038691;0.032676322541849885;0.001568267562862918;0.43105644165302875;0.10011889913834794;0.06203963309842712;1610752128;2147483680;29610352866;63665547266;296;41;216;198;-7.7877614271240825;0.09375;0.046875;random_115
4;0.1630698429893746;0.00407268318921882;0.09797735637200568;0.2025790815233156;0.07132255533094715;0.3329994162083449;0.0012882034078602433;0.12669086097893295;1073872896;3221356576;29610352866;46507497474;156;81;328;186;-7.785709857906572;0.09375;0.046875;random_115
5;0.1630698429893746;0.00407268318921882;0.09797735637200568;0.2025790815233156;0.07132255533094715;0.3329994162083449;0.0012882034078602433;0.12669086097893295;1073872896;3221356576;29610352866;46507497474;156;81;328;186;-7.818166029089306;0.09375;0.046875;random_115
6;0.1630698429893746;0.00407268318921882;0.09797735637200568;0.2025790815233156;0.07132255533094715;0.3329994162083449;0.0012882034078602433;0.12669086097893295;1073872896;3221356576;29610352866;46507497474;156;81;328;186;-7.818166029089306;0.078125;;random_115
0;0.21097455025052966;0.059181876276736774;0.24646114733076682;0.011713612802237964;0.09089226358721515;0.027216194667012875;0.12978385128463724;0.22377650380086345;536871040;42949675010;3221356576;29534331042;97;81;170;403;;;;random_116
1;0.31491442761273214;0.13823659864529877;0.1887212157776861;0.05549360368282881;0.13667021767856763;0.008049858184562955;0.000861219715738271;0.1570528587025853;1610752128;44090656770;3221356576;29610352866;115;182;115;339;-7.779606047500876;0.09375;0.046875;random_116
2;0.36193442665461406;0.11513028157588424;0.19158479815497936;0.03469919649421562;0.1519672610039248;0.023569997948277938;0.0036352375031071023;0.11747880066499677;1610752128;44090656770;3221356576;29610352866;109;171;116;355;-7.7947548524137025;0.09375;0.03125;random_116
3;0.36193442665461406;0.11513028157588424;0.19158479815497936;0.03469919649421562;0.1519672610039248;0.023569997948277938;0.0036352375031071023;0.11747880066499677;1610752128;44090656770;3221356576;29610352866;109;171;116;355;-7.793309178298259;0.078125;;random_116
0;0.10900342670502099;0.055174776807656624;0.1207302638829153;0.2975167173308828;0.05131784416292056;0.08311313424384364;0.02516907515338866;0.2579747617133714;34359740416;63971487074;1073872896;12348170466;60;344;109;238;;;;random_117
1;0.22350086628715765;0.0027692807665022075;0.05262966994137647;0.43884178522662964;0.04310337257013177;0.00745609202988119;0.05762348469859703;0.17407544847972403;34359740416;63971487074;1073872896;12348170466;47;332;147;225;-7.771278476769767;0.09375;0.0625;random_117
2;0.22350086628715765;0.0027692807665022075;0.05262966994137647;0.43884178522662964;0.04310337257013177;0.00745609202988119;0.05762348469859703;0.17407544847972403;34359740416;63971487074;1073872896;12348170466;47;332;147;225;-7.770394358271576;0.078125;;random_117
0;0.08792477628351782;0.06915039637293857;0.15986778854134684;0.07474257474456894;0.16190218669464126;0.1813517097351156;0.048421930921143566;0.21663863670672728;1610752128;29610352866;2415919104;1073872896;137;427;73;114;;;;random_118
1;0.173774107802524;0.005944439597428946;0.1460460754256834;0.05636071752935284;0.15193135180814402;0.2964315205646726;0.0005845289065144723;0.16892725836567982;1610752128;29610352866;3489800192;1073872896;137;383;107;124;-7.804240567156081;0.078125;0.046875;random_118
2;0.173774107802524;0.005944439597428946;0.1460460754256834;0.05636071752935284;0.15193135180814402;0.2964315205646726;0.0005845289065144723;0.16892725836567982;1610752128;29610352866;3489800192;1073872896;137;383;107;124;-7.83074865801356;0.09375;0.046875;random_118
3;0.173774107802524;0.005944439597428946;0.1460460754256834;0.05636071752935284;0.15193135180814402;0.2964315205646726;0.0005845289065144723;0.16892725836567982;1610752128;29610352866;3489800192;1073872896;137;383;107;124;-7.83074865801356;0.078125;;random_118
0;0.04360018306346546;0.07810345557828356;0.04828286939490099;0.0927833226538564;0.12891726496724054;0.1402269723935106;0.22923041456656704;0.23885551738217548;34359740416;29609828386;2415919104;1610752128;46;397;53;255;;;;random_119
1;0.2202661165154616;0.03063273414087388;0.0011318744300935696;0.10738063715537516;0.18742419100673524;0.199213055326444;0.05172204374353616;0.2022293476814803;1073872896;29609828386;2415919104;1610752128;145;385;74;147;-7.739202599609692;0.109375;0.046875;random_119
2;0.19231259739623724;0.049601640102730424;0.031164011217917686;0.0673703529948998;0.20801433423983703;0.24869547574379194;0.028723165892810088;0.17411842241177575;1073872896;29610352866;2415919104;1610752128;146;365;94;146;-7.803849582573439;0.078125;0.03125;random_119
3;0.1630698429893746;0.00407268318921882;0.09797735637200568;0.2025790815233156;0.07132255533094715;0.3329994162083449;0.0012882034078602433;0.12669086097893295;1073872896;29610352866;3489800192;1610752128;127;399;100;125;-7.821465133684979;0.09375;0.046875;random_119
4;0.1630698429893746;0.00407268318921882;0.09797735637200568;0.2025790815233156;0.07132255533094715;0.3329994162083449;0.0012882034078602433;0.12669086097893295;1073872896;29610352866;3489800192;1610752128;127;397;101;126;-7.836398386633666;0.078125;0.0625;random_119
5;0.1630698429893746;0.00407268318921882;0.09797735637200568;0.2025790815233156;0.07132255533094715;0.3329994162083449;0.0012882034078602433;0.12669086097893295;1073872896;29610352866;3489800192;1610752128;127;397;101;126;-7.837158738835387;0.09375;;random_119
0;0.1435609441755931;0.004921730015495125;0.20289989563132566;0.001149313093622308;0.16590935378399868;0.06608993129700884;0.17995365780355352;0.23551517419940277;536871040;42949675010;3221356576;29609828386;118;66;180;387;;;;random_12
1;0.26603379501649377;0.05536077796444734;0.23638251459367227;0.015236933012937805;0.01303937016367669;0.08499488384654025;0.02662107906550008;0.3023306463367318;1610752128;44090656770;3221356576;29609828386;167;145;130;309;-7.776181979478526;0.078125;0.046875;random_12
2;0.30043637372696197;0.03449579389710296;0.17783980849910447;0.026820518832762933;0.1196419236621894;0.03647101530121085;0.0008658110060888888;0.30342875507457845;1610752128;44090656770;3221356576;29609828386;168;152;129;302;-7.810126464308466;0.09375;0.046875;random_12
3;0.30043637372696197;0.03449579389710296;0.17783980849910447;0.026820518832762933;0.1196419236621894;0.03647101530121085;0.0008658110060888888;0.30342875507457845;1610752128;44090656770;3221356576;29609828386;168;152;129;302;-7.811974437032126;0.078125;;random_12
0;0.06741911616140978;0.1907961312590622;0.03415190270580384;0.14058518650430302;0.09873267178132257;0.09694605286433272;0.14781841142732188;0.22355052729644403;34359740416;29609828386;2415919104;1610752128;98;376;43;234;;;;random_120
1;0.19259922197210105;0.16609191517739205;0.01016343005408128;0.07180614506198917;0.13104408118065658;0.1812588562507812;0.0020468810368769567;0.2449894692661218;1073872896;29609828386;2415919104;1610752128;144;382;68;157;-7.759040999274682;0.09375;0.046875;random_120
2;0.19231259739623724;0.049601640102730424;0.031164011217917686;0.0673703529948998;0.20801433423983703;0.24869547574379194;0.028723165892810088;0.17411842241177575;1073872896;29610352866;2415919104;1610752128;146;365;94;146;-7.800921231911462;0.078125;0.03125;random_120
3;0.1630698429893746;0.00407268318921882;0.09797735637200568;0.2025790815233156;0.07132255533094715;0.3329994162083449;0.0012882034078602433;0.12669086097893295;1073872896;29610352866;3489800192;1610752128;127;399;100;125;-7.821465133684979;0.078125;0.046875;random_120
4;0.1630698429893746;0.00407268318921882;0.09797735637200568;0.2025790815233156;0.07132255533094715;0.3329994162083449;0.0012882034078602433;0.12669086097893295;1073872896;29610352866;3489800192;1610752128;127;397;101;126;-7.836398386633666;0.09375;0.046875;random_120
5;0.1630698429893746;0.00407268318921882;0.09797735637200568;0.2025790815233156;0.07132255533094715;0.3329994162083449;0.0012882034078602433;0.12669086097893295;1073872896;29610352866;3489800192;1610752128;127;397;101;126;-7.837158738835387;0.09375;;random_120
0;0.015366376398008547;0.19527593564363385;0.16321178226611827;0.03920283046401419;0.20859996246516;0.1124585892630088;0.22207060563265155;0.04381391786740458;536871040;61207611458;2415919104;12348170466;36;320;51;344;;;;random_121
1;0.2601165174251684;0.18385832164427246;0.04615903610399947;0.011925032802931659;0.13638365813392953;0.2459231278484447;0.10539203726197047;0.010242268779283392;536871040;61207611458;2415919104;29534331042;50;300;81;320;-7.727083844760594;0.09375;0.046875;random_121
2;0.1630698429893746;0.00407268318921882;0.09797735637200568;0.2025790815233156;0.07132255533094715;0.3329994162083449;0.0012882034078602433;0.12669086097893295;1073872896;26847748162;3489800192;29534331042;121;220;105;305;-7.771604835009304;0.09375;0.046875;random_121
3;0.1630698429893746;0.00407268318921882;0.09797735637200568;0.2025790815233156;0.07132255533094715;0.3329994162083449;0.0012882034078602433;0.12669086097893295;1073872896;26847748162;3489800192;29534331042;121;220;105;305;-7.853421206786605;0.09375;0.03125;random_121
4;0.1630698429893746;0.00407268318921882;0.09797735637200568;0.2025790815233156;0.07132255533094715;0.3329994162083449;0.0012882034078602433;0.12669086097893295;1073872896;26847748162;3489800192;29534331042;121;220;105;305;-7.853421206786605;0.078125;;random_121
0;0.11307662150029284;0.061356823748358214;0.06430060022123901;0.12494793789384273;0.19484629020303584;0.17022830549320003;0.15303718984707548;0.11820623109295592;2415919104;29609828386;26915008834;1610752128;72;305;211;163;;;;random_122
1;0.1630698429893746;0.00407268318921882;0.09797735637200568;0.2025790815233156;0.07132255533094715;0.3329994162083449;0.0012882034078602433;0.12669086097893295;37849409536;29534331042;26847748162;1073872896;114;304;220;113;-7.787677294901361;0.078125;0.046875;random_122
2;0.1630698429893746;0.00407268318921882;0.09797735637200568;0.2025790815233156;0.07132255533094715;0.3329994162083449;0.0012882034078602433;0.12669086097893295;37849409536;29534331042;26847748162;1073872896;114;304;220;113;-7.845801391503856;0.09375;0.03125;random_122
3;0.1630698429893746;0.00407268318921882;0.09797735637200568;0.2025790815233156;0.07132255533094715;0.3329994162083449;0.0012882034078602433;0.12669086097893295;37849409536;29534331042;26847748162;1073872896;114;304;220;113;-7.845801391503856;0.078125;;random_122
0;0.20760634513860743;0.11082892547688049;0.1966967354790273;0.1877265118716316;0.04813362987622383;0.1736003029469451;0.002739687204360278;0.0726678620063241;10200686722;2415919136;29610352866;1073872896;185;65;403;98;;;;random_123
1;0.32527253356693814;0.010901490558701125;0.11535445860469405;0.11489880856417176;0.16248782408225748;0.2197583773069824;0.04865566503930241;0.002670842276952704;10200686722;2415919104;29610352866;1073872896;209;70;366;106;-7.8048822416572365;0.078125;0.03125;random_123
2;0.1630698429893746;0.00407268318921882;0.09797735637200568;0.2025790815233156;0.07132255533094715;0.3329994162083449;0.0012882034078602433;0.12669086097893295;10200686722;3489800192;29610352866;1073872896;178;99;338;136;-7.826654604333793;0.078125;0.046875;random_123
3;0.1630698429893746;0.00407268318921882;0.09797735637200568;0.2025790815233156;0.07132255533094715;0.3329994162083449;0.0012882034078602433;0.12669086097893295;10200686722;3489800192;29610352866;1073872896;178;98;339;136;-7.842662690606641;0.09375;0.046875;random_123
4;0.1630698429893746;0.00407268318921882;0.09797735637200568;0.2025790815233156;0.07132255533094715;0.3329994162083449;0.0012882034078602433;0.12669086097893295;10200686722;3489800192;29610352866;1073872896;178;98;339;136;-7.842309546982317;0.09375;;random_123
0;0.05841289148509514;0.1289700768837802;0.18749053826628373;0.024853519888407175;0.13102073225304076;0.23877671185083804;0.05817857226633328;0.17229695710622164;1610752128;29534331042;2415919104;1073872896;126;403;103;119;;;;random_124
1;0.173774107802524;0.005944439597428946;0.1460460754256834;0.05636071752935284;0.15193135180814402;0.2964315205646726;0.0005845289065144723;0.16892725836567982;1610752128;29610352866;3489800192;1073872896;137;383;107;124;-7.819932001853213;0.09375;0.046875;random_124
2;0.173774107802524;0.005944439597428946;0.1460460754256834;0.05636071752935284;0.15193135180814402;0.2964315205646726;0.0005845289065144723;0.16892725836567982;1610752128;29610352866;3489800192;1073872896;137;383;107;124;-7.83074865801356;0.078125;0.046875;random_124
3;0.173774107802524;0.005944439597428946;0.1460460754256834;0.05636071752935284;0.15193135180814402;0.2964315205646726;0.0005845289065144723;0.16892725836567982;1610752128;29610352866;3489800192;1073872896;137;383;107;124;-7.83074865801356;0.078125;;random_124
0;0.18176587106272854;0.003085338637816141;0.14587930688011905;0.21729558874193647;0.013482035245812854;0.2696446421965706;0.15944712006315817;0.009400097171858282;43486546050;2147483680;29610352866;1073872896;120;68;393;170;;;;random_125
1;0.34884434049438995;0.00273272513097807;0.06775407423558436;0.38042746609519695;0.011189118644623321;0.09961849730817919;0.034426194101241654;0.05500758398980671;44561336450;2147483680;29610352866;1073872896;171;76;359;145;-7.82672782604111;0.078125;0.03125;random_125
2;0.26400356727738417;0.13972626508717423;0.03191848428753177;0.3958529056178151;0.08658313179424464;0.012663840306161888;0.06594451750872049;0.003307288120967658;44585596934;2147483680;29540626790;1073872896;209;48;317;177;-7.844964730861027;0.078125;0.046875;random_125
3;0.22350086628715765;0.0027692807665022075;0.05262966994137647;0.43884178522662964;0.04310337257013177;0.00745609202988119;0.05762348469859703;0.17407544847972403;61744482434;2415919136;64229881568;1073872896;279;47;274;151;-7.8310026991560395;0.09375;0.046875;random_125
4;0.22350086628715765;0.0027692807665022075;0.05262966994137647;0.43884178522662964;0.04310337257013177;0.00745609202988119;0.05762348469859703;0.17407544847972403;61744482434;2415919136;64229881568;1073872896;279;47;273;152;-7.8382803302934265;0.09375;0.046875;random_125
5;0.22350086628715765;0.0027692807665022075;0.05262966994137647;0.43884178522662964;0.04310337257013177;0.00745609202988119;0.05762348469859703;0.17407544847972403;61744482434;2415919136;64229881568;1073872896;279;47;273;152;-7.838340397057954;0.09375;;random_125
0;0.07370642652898415;0.3132253300035668;0.19125714457872928;0.035298299654509674;0.09444114173712183;0.14999977923300123;0.006880842601489746;0.13519103566259735;3758620832;61207611458;28992213282;1073881088;179;274;195;103;;;;random_126
1;0.36193442665461406;0.11513028157588424;0.19158479815497936;0.03469919649421562;0.1519672610039248;0.023569997948277938;0.0036352375031071023;0.11747880066499677;3758620832;61207611458;28992213282;1073872896;209;268;193;81;-7.771207451866954;0.09375;0.0625;random_126
2;0.1768824643639467;0.07808065691183654;0.27436987958488546;0.04822416650369036;0.1299976850527301;0.08363813258027995;0.00754469418510878;0.2012623208175221;3758620832;61207611458;28992213282;1073872896;211;271;173;96;-7.762369231501058;0.09375;0.046875;random_126
3;0.2337700385736786;0.0030813621737787885;0.24985205292281729;0.04691282902530974;0.1648275416836902;0.10245125319663659;0.0009746452323179247;0.1981302771917709;3758620832;61207611458;28992213282;1073872896;224;248;182;97;-7.775516686107894;0.078125;0.046875;random_126
4;0.2337700385736786;0.0030813621737787885;0.24985205292281729;0.04691282902530974;0.1648275416836902;0.10245125319663659;0.0009746452323179247;0.1981302771917709;3758620832;61207611458;28992213282;1073872896;224;248;182;97;-7.777211385196817;0.09375;;random_126
0;0.10829899401634936;0.053916851898141174;0.13024392043628966;0.1666640269450735;0.052181343582963814;0.1372935527593389;0.14152461607288574;0.20987669428895778;536871040;29610352866;18257936384;35970484240;59;440;142;110;;;;random_127
1;0.25337187096608077;0.03274468835911163;0.011503915778870702;0.1671621380836255;0.12270298448407539;0.20708755333870177;0.010189754318229854;0.1952370946713044;1610752128;29610352866;1073872896;35433613312;134;431;94;92;-7.759066053905847;0.09375;0.046875;random_127
2;0.2380546354771868;0.11173900989189237;0.026105787627590093;0.2538020055267487;0.04185444016434565;0.24887557479368702;0.006384928033296779;0.07318361848525257;1610752128;29610352866;1073872896;35433613312;101;479;72;99;-7.796248254289191;0.09375;0.046875;random_127
3;0.2366789100818342;0.1819432033667347;0.02595492144120827;0.25233527557337193;0.12282527776671816;0.1402530047885955;0.006348029328823759;0.033661377652713445;1610752128;29610352866;1073872896;35433613312;96;449;75;131;-7.81959990736306;0.078125;0.03125;random_127
4;0.2366789100818342;0.1819432033667347;0.02595492144120827;0.25233527557337193;0.12282527776671816;0.1402530047885955;0.006348029328823759;0.033661377652713445;1610752128;29610352866;1073872896;35433613312;96;449;75;131;-7.8248173564827255;0.09375;;random_127
0;0.19618208006373103;0.21384457938339718;0.12362141073381498;0.04672129619078835;0.25101772833509145;0.03260704019365516;0.11884146201403684;0.017164403085485027;536871040;2147483680;61761521922;29534331042;46;39;265;401;;;;random_128
1;0.23100146817560832;0.28560526106641454;0.048180961704098677;0.07155834578377031;0.1489056167349243;0.024893341860084312;0.01694696935742803;0.1729080353176716;1610752128;2147483680;63355365730;26847748162;233;45;249;224;-7.754966076637578;0.09375;0.046875;random_128
2;0.23100146817560832;0.28560526106641454;0.048180961704098677;0.07155834578377031;0.1489056167349243;0.024893341860084312;0.01694696935742803;0.1729080353176716;1610752128;2147483680;63355365730;26847748162;233;45;249;224;-7.808014741559771;0.09375;0.046875;random_128
3;0.23100146817560832;0.28560526106641454;0.048180961704098677;0.07155834578377031;0.1489056167349243;0.024893341860084312;0.01694696935742803;0.1729080353176716;1610752128;2147483680;63355365730;26847748162;233;45;249;224;-7.808014741559771;0.09375;;random_128
0;0.22738208701880683;0.2324590216323401;0.1733072391925219;0.08431639660702758;0.06128298853203394;0.06391393635598447;0.030666265691893433;0.12667206496939176;536871040;2147483680;1073881088;29610352866;79;43;131;498;;;;random_129
1;0.24265488072094357;0.04774158604080464;0.12974322700013724;0.165487103809149;0.047542452493914734;0.0021567508552906506;0.0256253964842772;0.33904860259548303;1610752128;2415919136;1073872896;29610352866;140;43;137;431;-7.786749384035505;0.078125;0.046875;random_129
2;0.24265488072094357;0.04774158604080464;0.12974322700013724;0.165487103809149;0.047542452493914734;0.0021567508552906506;0.0256253964842772;0.33904860259548303;1610752128;2415919136;1073872896;29610352866;140;43;137;431;-7.80072073815007;0.078125;0.046875;random_129
3;0.24265488072094357;0.04774158604080464;0.12974322700013724;0.165487103809149;0.047542452493914734;0.0021567508552906506;0.0256253964842772;0.33904860259548303;1610752128;2415919136;1073872896;29610352866;140;43;137;431;-7.80072073815007;0.078125;;random_129
0;0.05579214832119081;0.12922472055354275;0.1327874324500045;0.12834878286636378;0.05003435679203865;0.21368941678985753;0.10028450329915845;0.18983863892784364;34359740416;63355365730;18258997248;1610752128;44;384;151;172;;;;random_13
1;0.2380546354771868;0.11173900989189237;0.026105787627590093;0.2538020055267487;0.04185444016434565;0.24887557479368702;0.006384928033296779;0.07318361848525257;35433613312;29610352866;1073872896;1610752128;102;479;72;98;-7.742517534896531;0.09375;0.046875;random_13
2;0.2366789100818342;0.1819432033667347;0.02595492144120827;0.25233527557337193;0.12282527776671816;0.1402530047885955;0.006348029328823759;0.033661377652713445;35433613312;29610352866;1073872896;1610752128;134;449;75;93;-7.820082848811523;0.09375;0.03125;random_13
3;0.2366789100818342;0.1819432033667347;0.02595492144120827;0.25233527557337193;0.12282527776671816;0.1402530047885955;0.006348029328823759;0.033661377652713445;35433613312;29610352866;1073872896;1610752128;134;449;75;93;-7.8254918362826675;0.078125;;random_13
0;0.037591815016285696;0.08395648956143605;0.16612245438527715;0.19285157363752198;0.006434018828694519;0.11401178340411161;0.17286009067385114;0.22617177449282194;536871040;29610352866;18257944576;35433613312;67;426;132;126;;;;random_130
1;0.22350086628715765;0.0027692807665022075;0.05262966994137647;0.43884178522662964;0.04310337257013177;0.00745609202988119;0.05762348469859703;0.17407544847972403;1610752128;29610352866;18257936384;1073872896;140;415;121;75;-7.742712619095852;0.078125;0.046875;random_130
2;0.22350086628715765;0.0027692807665022075;0.05262966994137647;0.43884178522662964;0.04310337257013177;0.00745609202988119;0.05762348469859703;0.17407544847972403;1610752128;29610352866;18257936384;1073872896;140;415;121;75;-7.853764635352317;0.09375;0.03125;random_130
3;0.22350086628715765;0.0027692807665022075;0.05262966994137647;0.43884178522662964;0.04310337257013177;0.00745609202988119;0.05762348469859703;0.17407544847972403;1610752128;29610352866;18257936384;1073872896;140;415;121;75;-7.853764635352317;0.078125;;random_130
0;0.13503434036818096;0.27534031564542033;0.07546317208761565;0.0038376692249813245;0.13742866231845374;0.0727590032414694;0.23400878021468943;0.0661280568991892;536871040;2147483680;29534331042;29811212306;56;42;493;160;;;;random_131
1;0.2685636691508343;0.04481320204540245;0.23505958871963623;0.0019155497974443156;0.06747376052764223;0.1477752171863021;0.22545105044289385;0.008947962129844585;536871040;2147483680;29534331042;29811212306;55;49;469;178;-7.714584743977853;0.078125;0.046875;random_131
2;0.23209341226162952;0.02740663533338298;0.14915274359390868;0.2039276300945778;0.09355120281288384;0.22342394747367597;0.0284923222924217;0.041952106137519436;1073881088;2147483680;29610352866;29873090642;162;55;356;178;-7.717680879585409;0.078125;0.0625;random_131
3;0.1630698429893746;0.00407268318921882;0.09797735637200568;0.2025790815233156;0.07132255533094715;0.3329994162083449;0.0012882034078602433;0.12669086097893295;1073872896;3221356576;29610352866;29873090642;163;79;327;182;-7.779246355343612;0.078125;0.046875;random_131
4;0.1630698429893746;0.00407268318921882;0.09797735637200568;0.2025790815233156;0.07132255533094715;0.3329994162083449;0.0012882034078602433;0.12669086097893295;1073872896;3221356576;29610352866;29873090642;163;79;327;182;-7.805328322783333;0.09375;0.03125;random_131
5;0.1630698429893746;0.00407268318921882;0.09797735637200568;0.2025790815233156;0.07132255533094715;0.3329994162083449;0.0012882034078602433;0.12669086097893295;1073872896;3221356576;29610352866;29873090642;163;79;327;182;-7.805328322783333;0.078125;;random_131
0;0.08836489311099016;0.22508097516737685;0.20343725993285114;0.1587491934883931;0.20053702766037487;0.11908989729032485;0.0015105526533062805;0.0032302006963828957;1610752128;2147483680;61744482434;1073881088;88;126;448;89;;;;random_132
1;0.28352667924301206;0.1051106751065324;0.0436051392896673;0.008917201254994641;0.04581660859754534;0.3412105661438268;0.015738707729988453;0.15607442263443316;1610752128;29062463522;61207611458;1073872896;172;271;200;108;-7.798067244166026;0.078125;0.046875;random_132
2;0.35536557504575755;0.038265523519394884;0.00450023963246392;0.001360380912786598;0.016291722576489084;0.3531279735521729;0.10437146840750454;0.12671711635343055;18790621568;29058605408;61207611458;1073872896;239;274;158;80;-7.854046739845354;0.078125;0.03125;random_132
3;0.35536557504575755;0.038265523519394884;0.00450023963246392;0.001360380912786598;0.016291722576489084;0.3531279735521729;0.10437146840750454;0.12671711635343055;18790621568;29058605408;61207611458;1073872896;239;274;158;80;-7.848884329161288;0.078125;0.046875;random_132
4;0.35536557504575755;0.038265523519394884;0.00450023963246392;0.001360380912786598;0.016291722576489084;0.3531279735521729;0.10437146840750454;0.12671711635343055;18790621568;29058605408;61207611458;1073872896;239;274;158;80;-7.848884329161288;0.09375;;random_132
0;0.14342167312162693;0.023367023780293265;0.014329066169366704;0.2708726724443583;0.24099050312462472;0.04265076296908687;0.00018634444744177739;0.2641819539432013;35433613312;18794807424;29062463522;1073872896;85;247;325;94;;;;random_133
1;0.2308093585983686;0.12859103137220315;0.012810719944813947;0.2926995990654124;0.00829441579153979;0.08442058700028815;0.0014980813812954942;0.2408762068460784;35433613312;18794807424;29062463522;1073872896;102;215;340;94;-7.818580464984408;0.109375;0.046875;random_133
2;0.2308093585983686;0.12859103137220315;0.012810719944813947;0.2926995990654124;0.00829441579153979;0.08442058700028815;0.0014980813812954942;0.2408762068460784;35433613312;18794807424;29062463522;1073872896;102;215;340;94;-7.8182357866527035;0.09375;;random_133
0;0.07595137406993678;0.0507290514315495;0.1887036187055493;0.029718421775799114;0.07221945233397575;0.2660907264175859;0.17450112038329646;0.14208623488230712;536871040;42949675010;29534331042;3489792000;68;72;431;180;;;;random_134
1;0.08365946100027769;0.041121742231133386;0.09186568040930077;0.044696011818012756;0.21723168090227032;0.3311928691550277;0.0033295270512081624;0.18690302743276893;1610752128;1073872896;29610352866;3489800192;130;134;374;113;-7.747995574646758;0.078125;0.0625;random_134
2;0.08365946100027769;0.041121742231133386;0.09186568040930077;0.044696011818012756;0.21723168090227032;0.3311928691550277;0.0033295270512081624;0.18690302743276893;1610752128;1073872896;29610352866;3489800192;130;134;374;113;-7.831225413677393;0.078125;0.046875;random_134
3;0.08365946100027769;0.041121742231133386;0.09186568040930077;0.044696011818012756;0.21723168090227032;0.3311928691550277;0.0033295270512081624;0.18690302743276893;1610752128;1073872896;29610352866;3489800192;130;134;374;113;-7.831225413677393;0.078125;;random_134
0;0.08836241041095902;0.17198685532102098;0.03130123077113745;0.21480849772530403;0.19122227967292307;0.13715784522827015;0.00952781363871172;0.15563306723167342;1610752128;29610352866;20673732608;1073872896;125;438;101;87;;;;random_135
1;0.29733882025190816;0.006585438005213238;0.09639513903075424;0.2184823345993384;0.06785395966563444;0.29924815921097253;0.009175559626182243;0.004920589609996752;1610752128;29602427378;20673732608;1073872896;130;386;136;99;-7.821574236607882;0.078125;0.0625;random_135
2;0.1630698429893746;0.00407268318921882;0.09797735637200568;0.2025790815233156;0.07132255533094715;0.3329994162083449;0.0012882034078602433;0.12669086097893295;1610752128;29602427378;20673732608;1073872896;132;378;142;99;-7.82424087150027;0.09375;0.046875;random_135
3;0.1630698429893746;0.00407268318921882;0.09797735637200568;0.2025790815233156;0.07132255533094715;0.3329994162083449;0.0012882034078602433;0.12669086097893295;1610752128;29602427378;20673732608;1073872896;132;378;142;99;-7.82419314575865;0.09375;;random_135
0;0.20702246734612856;0.11891065461313902;0.08029536183531047;0.027264359640010057;0.17112029866772094;0.20061595178065225;0.022724974561824055;0.17204593155521453;1610752128;44090656770;29610352866;1073881088;137;172;353;89;;;;random_136
1;0.2652928102179358;0.15373269069199993;0.04602216215185193;0.05001752882531023;0.025126077006584698;0.33905860638957874;0.0012182451395121444;0.11953187957722651;1610752128;44090656770;29610352866;1073872896;148;181;338;84;-7.819410675730144;0.09375;0.03125;random_136
2;0.24583922759881016;0.08743795752925479;0.10132649713046628;0.051382160824446486;0.08725840913364279;0.3248062312263;0.004794632639486017;0.09715488391759348;1610752128;44090656770;29610352866;1073872896;143;186;351;71;-7.823169376997703;0.078125;0.03125;random_136
3;0.2380546354771868;0.11173900989189237;0.026105787627590093;0.2538020055267487;0.04185444016434565;0.24887557479368702;0.006384928033296779;0.07318361848525257;1610752128;44090656770;29610352866;1073872896;113;172;378;88;-7.825744838408949;0.078125;0.046875;random_136
4;0.2380546354771868;0.11173900989189237;0.026105787627590093;0.2538020055267487;0.04185444016434565;0.24887557479368702;0.006384928033296779;0.07318361848525257;1610752128;44090656770;29610352866;1073872896;113;172;378;88;-7.829656883650524;0.09375;;random_136
0;0.0038158899745783176;0.21629953043042557;0.1375689824476083;0.12356310569093754;0.06619459643876828;0.20785308924658102;0.05947465987362159;0.1852301458974794;34359740416;29609828386;2415919104;12348170466;109;303;71;268;;;;random_137
1;0.03910347001067048;0.31061035472830206;0.038783714156762544;0.1624667149408915;0.04762325040755438;0.3374368621369374;0.063044486713078;0.0009311469058036912;35433613312;29609828386;2415919104;12348170466;178;215;104;254;-7.742171913026273;0.09375;0.046875;random_137
2;0.03379901133745165;0.009229863395055908;0.1021697361520277;0.21617204921416489;0.22323368334804478;0.3535120839966061;0.034289155376229945;0.02759441718041919;1073872896;29534331042;2415919104;11274289376;160;308;111;172;-7.764964797855029;0.078125;0.046875;random_137
3;0.1630698429893746;0.00407268318921882;0.09797735637200568;0.2025790815233156;0.07132255533094715;0.3329994162083449;0.0012882034078602433;0.12669086097893295;1073872896;29534331042;3489800192;12348039392;153;307;100;191;-7.82010483647586;0.078125;0.046875;random_137
4;0.1630698429893746;0.00407268318921882;0.09797735637200568;0.2025790815233156;0.07132255533094715;0.3329994162083449;0.0012882034078602433;0.12669086097893295;1073872896;29534331042;3489800192;12348039392;153;307;100;191;-7.817279962968599;0.09375;0.046875;random_137
5;0.1630698429893746;0.00407268318921882;0.09797735637200568;0.2025790815233156;0.07132255533094715;0.3329994162083449;0.0012882034078602433;0.12669086097893295;1073872896;29534331042;3489800192;12348039392;153;307;100;191;-7.817279962968599;0.09375;;random_137
0;0.2532007595697737;0.2013550685821116;0.13339507082540805;0.016982952385024595;0.12142368934343216;0.11264415895094339;0.05212431150321592;0.10887398884009056;1073872896;2147483680;20961435680;29800542402;151;55;231;314;;;;random_138
1;0.173774107802524;0.005944439597428946;0.1460460754256834;0.05636071752935284;0.15193135180814402;0.2964315205646726;0.0005845289065144723;0.16892725836567982;1073872896;3221356576;63971487074;29800542402;140;83;274;254;-7.766334923658985;0.09375;0.03125;random_138
2;0.173774107802524;0.005944439597428946;0.1460460754256834;0.05636071752935284;0.15193135180814402;0.2964315205646726;0.0005845289065144723;0.16892725836567982;1073872896;3221356576;63971487074;29800542402;140;83;274;254;-7.7942856792800175;0.09375;0.03125;random_138
3;0.173774107802524;0.005944439597428946;0.1460460754256834;0.05636071752935284;0.15193135180814402;0.2964315205646726;0.0005845289065144723;0.16892725836567982;1073872896;3221356576;63971487074;29800542402;140;83;274;254;-7.7942856792800175;0.09375;;random_138
0;0.10205807272181595;0.04669442930929311;0.12591139544989183;0.07496929696686104;0.14892944884298626;0.01003015752019857;0.2585218558668461;0.23288534332210703;34359740416;29609828386;2415919136;1610752128;47;414;31;259;;;;random_139
1;0.46228151093046305;0.07869690791641894;0.1301193657679063;0.14853815279440782;0.06485685665318612;0.04324145824821803;0.04359765696864657;0.02866809072075323;35433613312;29610352866;2415919136;1610752128;112;444;47;148;-7.740826172355129;0.09375;0.046875;random_139
2;0.3213706583755633;0.11903814318268968;0.017556143254973008;0.27872367736218245;0.15140872368796396;0.0725830103446137;0.006198745360259357;0.03312089843175478;35433613312;29610352866;2415919136;1610752128;111;428;49;163;-7.826806958969069;0.09375;0.046875;random_139
3;0.2366789100818342;0.1819432033667347;0.02595492144120827;0.25233527557337193;0.12282527776671816;0.1402530047885955;0.006348029328823759;0.033661377652713445;35433613312;29610352866;2415919136;1073881088;134;430;57;130;-7.855626700074304;0.078125;0.046875;random_139
4;0.2500791569798219;0.2354027773027801;0.014862273932091507;0.2486842722487812;0.05416282486031248;0.14072914265149306;0.02574566700541392;0.030333885019305878;35433613312;29610352866;2415919136;1073881088;147;415;57;132;-7.85607354150316;0.09375;0.03125;random_139
5;0.2500791569798219;0.2354027773027801;0.014862273932091507;0.2486842722487812;0.05416282486031248;0.14072914265149306;0.02574566700541392;0.030333885019305878;35433613312;29610352866;2415919136;1073881088;147;415;57;132;-7.858409527214701;0.078125;;random_139
0;0.13339007919825738;0.05672096348107715;0.15519052451155035;0.07561329411816448;0.16802560045992326;0.11084822274612922;0.16814615371747194;0.13206516176742628;2684354720;68189404707;29602427378;18257936384;93;159;276;223;;;;random_14
1;0.40072647367377445;0.00310362567010429;0.0033302005369709063;0.3927380356007213;0.046225443549343416;0.03708592971439797;0.06602574663090753;0.05076454462378014;2684354720;63944488370;29530141040;18257936384;94;235;198;224;-7.736552489704497;0.09375;0.046875;random_14
2;0.22350086628715765;0.0027692807665022075;0.05262966994137647;0.43884178522662964;0.04310337257013177;0.00745609202988119;0.05762348469859703;0.17407544847972403;2684354720;63665547266;29058605408;18257936384;106;224;187;234;-7.88242618718219;0.078125;0.03125;random_14
3;0.22350086628715765;0.0027692807665022075;0.05262966994137647;0.43884178522662964;0.04310337257013177;0.00745609202988119;0.05762348469859703;0.17407544847972403;2684354720;63665547266;29058605408;18257936384;106;224;187;234;-7.895435347196231;0.078125;0.046875;random_14
4;0.22350086628715765;0.0027692807665022075;0.05262966994137647;0.43884178522662964;0.04310337257013177;0.00745609202988119;0.05762348469859703;0.17407544847972403;2684354720;63665547266;29058605408;18257936384;106;224;187;234;-7.895435347196231;0.078125;;random_14
0;0.09698926567821342;0.14950973563417322;0.1689199146072585;0.01939891109339157;0.11072381614151466;0.17516825054920163;0.17339464702835847;0.10589545926788858;536871040;42949675010;11811291170;27395236032;46;100;264;341;;;;random_140
1;0.35536557504575755;0.038265523519394884;0.00450023963246392;0.001360380912786598;0.016291722576489084;0.3531279735521729;0.10437146840750454;0.12671711635343055;536871040;42949675010;29058605408;27395236032;36;73;280;362;-7.737668234088513;0.078125;0.0625;random_140
2;0.23555451233352423;0.10528831281141263;0.012445437546849816;0.000924517542813351;0.1821131449366348;0.28690817640800137;0.010691916678750328;0.16607398174201343;1610752128;44090656770;29004800096;18257944576;172;167;275;137;-7.8035086630887935;0.09375;0.046875;random_140
3;0.35536557504575755;0.038265523519394884;0.00450023963246392;0.001360380912786598;0.016291722576489084;0.3531279735521729;0.10437146840750454;0.12671711635343055;1610752128;44090656770;29611143330;18257944576;146;142;309;154;-7.83987864362228;0.078125;0.03125;random_140
4;0.2652928102179358;0.15373269069199993;0.04602216215185193;0.05001752882531023;0.025126077006584698;0.33905860638957874;0.0012182451395121444;0.11953187957722651;1610752128;44090656770;29610352866;18257944576;131;170;308;142;-7.834994431727002;0.09375;0.03125;random_140
5;0.24583922759881016;0.08743795752925479;0.10132649713046628;0.051382160824446486;0.08725840913364279;0.3248062312263;0.004794632639486017;0.09715488391759348;1610752128;44090656770;29610352866;18257944576;154;159;313;125;-7.817063407430351;0.078125;0.03125;random_140
6;0.2380546354771868;0.11173900989189237;0.026105787627590093;0.2538020055267487;0.04185444016434565;0.24887557479368702;0.006384928033296779;0.07318361848525257;1610752128;44090656770;29610352866;1073872896;113;174;376;88;-7.7946811030807535;0.078125;0.046875;random_140
7;0.2380546354771868;0.11173900989189237;0.026105787627590093;0.2538020055267487;0.04185444016434565;0.24887557479368702;0.006384928033296779;0.07318361848525257;1610752128;44090656770;29610352866;1073872896;113;172;378;88;-7.829464519816589;0.078125;0.046875;random_140
8;0.2380546354771868;0.11173900989189237;0.026105787627590093;0.2538020055267487;0.04185444016434565;0.24887557479368702;0.006384928033296779;0.07318361848525257;1610752128;44090656770;29610352866;1073872896;113;172;378;88;-7.829656883650524;0.09375;;random_140
0;0.0410586103592998;0.18704049681630897;0.0006621659990719857;0.06379446536627398;0.30664600330894404;0.10597827268028494;0.20474326192304612;0.09007672354677028;1610752128;68520487010;29264060480;29528301986;168;220;151;212;;;;random_141
1;0.23080128995372354;0.32482563310304574;0.028595903139285273;0.10969062600695854;0.004956775726365735;0.23401378172630377;0.013817753791250624;0.05329823655306676;1073881088;61207611458;29264060480;29528301986;148;191;150;262;-7.769803473432153;0.078125;0.046875;random_141
2;0.2380546354771868;0.11173900989189237;0.026105787627590093;0.2538020055267487;0.04185444016434565;0.24887557479368702;0.006384928033296779;0.07318361848525257;1073881088;61207611458;12088123456;29528301986;146;186;152;267;-7.799511741213321;0.078125;0.046875;random_141
3;0.2380546354771868;0.11173900989189237;0.026105787627590093;0.2538020055267487;0.04185444016434565;0.24887557479368702;0.006384928033296779;0.07318361848525257;1073881088;61207611458;12088123456;29528301986;146;186;152;267;-7.814559015617264;0.078125;0.046875;random_141
4;0.2380546354771868;0.11173900989189237;0.026105787627590093;0.2538020055267487;0.04185444016434565;0.24887557479368702;0.006384928033296779;0.07318361848525257;1073881088;61207611458;12088123456;29528301986;146;186;152;267;-7.814559015617264;0.078125;;random_141
0;0.2254988753949712;0.17333338309316296;0.07842820082346043;0.18837010675221685;0.0257339532433162;0.0933376628920289;0.052630604651337974;0.16266721314950552;1610752128;64271383026;1073872896;11811291170;134;347;95;175;;;;random_142
1;0.37025333210684236;0.022956605155466023;0.07191222226505606;0.4037747516473602;0.08737804219003784;0.0029004357188159953;0.03653897053246483;0.004285640383956738;1610752128;64252676160;1073872896;12694204578;150;282;126;193;-7.80053086975426;0.078125;0.046875;random_142
2;0.22350086628715765;0.0027692807665022075;0.05262966994137647;0.43884178522662964;0.04310337257013177;0.00745609202988119;0.05762348469859703;0.17407544847972403;1610752128;29004800096;1073872896;11811291170;179;248;130;194;-7.872651738414804;0.078125;0.046875;random_142
3;0.22350086628715765;0.0027692807665022075;0.05262966994137647;0.43884178522662964;0.04310337257013177;0.00745609202988119;0.05762348469859703;0.17407544847972403;1610752128;29004800096;1073872896;11811291170;179;248;130;194;-7.885814370229245;0.09375;0.03125;random_142
4;0.22350086628715765;0.0027692807665022075;0.05262966994137647;0.43884178522662964;0.04310337257013177;0.00745609202988119;0.05762348469859703;0.17407544847972403;1610752128;29004800096;1073872896;11811291170;179;248;130;194;-7.885814370229245;0.078125;;random_142
0;0.03417910061069139;0.13245952544029851;0.09229850804923312;0.16893092930017226;0.11673618425716617;0.23567939986625092;0.008199620054237647;0.21151673242195004;1073881088;18794807424;44090656770;11819556962;84;205;157;305;;;;random_143
1;0.2380546354771868;0.11173900989189237;0.026105787627590093;0.2538020055267487;0.04185444016434565;0.24887557479368702;0.006384928033296779;0.07318361848525257;1073872896;18794807424;61274851586;29610352866;53;177;169;352;-7.799773511764225;0.09375;0.03125;random_143
2;0.2380546354771868;0.11173900989189237;0.026105787627590093;0.2538020055267487;0.04185444016434565;0.24887557479368702;0.006384928033296779;0.07318361848525257;1073872896;18794807424;61274851586;29610352866;53;177;169;352;-7.830869882492912;0.078125;0.046875;random_143
3;0.2380546354771868;0.11173900989189237;0.026105787627590093;0.2538020055267487;0.04185444016434565;0.24887557479368702;0.006384928033296779;0.07318361848525257;1073872896;18794807424;61274851586;29610352866;53;177;169;352;-7.830869882492912;0.09375;;random_143
0;0.05574158445594654;0.06496154417323688;0.19346517674741995;0.23101270070191435;0.07652735208361634;0.19988367098132612;0.025140224895803705;0.1532677459607359;34359740416;29602427378;18257936384;1610752128;54;443;134;120;;;;random_144
1;0.237093302125587;0.041885180458211324;0.1130974945830922;0.3310012416790537;0.057989232244441996;0.2003518973286874;0.006288139640876182;0.012293511940050123;34359740416;29602427378;18257944576;1073881088;51;487;138;75;-7.761522499741679;0.078125;0.046875;random_144
2;0.3185978616200468;0.0399253692728866;0.07682932231412168;0.20500689188455026;0.19099429936681292;0.12665723020531697;0.02933711933047395;0.012651906005790876;34359740416;29610352866;18257944576;1073881088;53;478;132;88;-7.807779797179631;0.078125;0.046875;random_144
3;0.3185978616200468;0.0399253692728866;0.07682932231412168;0.20500689188455026;0.19099429936681292;0.12665723020531697;0.02933711933047395;0.012651906005790876;34359740416;29610352866;18257944576;1073881088;53;478;132;88;-7.802538244829804;0.09375;0.046875;random_144
4;0.3185978616200468;0.0399253692728866;0.07682932231412168;0.20500689188455026;0.19099429936681292;0.12665723020531697;0.02933711933047395;0.012651906005790876;34359740416;29610352866;18257944576;1073881088;53;478;132;88;-7.802538244829804;0.09375;;random_144
0;0.2226262738167195;0.04623607391781555;0.12627862245422694;0.26462253315777756;0.030703456268727697;0.005364249711419676;0.17506546974011108;0.12910332093320193;2415919136;46506575906;26915008834;1610752128;33;188;304;226;;;;random_145
1;0.22350086628715765;0.0027692807665022075;0.05262966994137647;0.43884178522662964;0.04310337257013177;0.00745609202988119;0.05762348469859703;0.17407544847972403;2415919136;46506575906;26847879232;1610752128;58;220;256;217;-7.814301141070404;0.09375;0.03125;random_145
2;0.22350086628715765;0.0027692807665022075;0.05262966994137647;0.43884178522662964;0.04310337257013177;0.00745609202988119;0.05762348469859703;0.17407544847972403;2415919136;46506575906;26847879232;1610752128;58;220;256;217;-7.8594745906711605;0.078125;0.0625;random_145
3;0.22350086628715765;0.0027692807665022075;0.05262966994137647;0.43884178522662964;0.04310337257013177;0.00745609202988119;0.05762348469859703;0.17407544847972403;2415919136;46506575906;26847879232;1610752128;58;220;256;217;-7.8594745906711605;0.078125;;random_145
0;0.15462561233650174;0.17878026812039843;0.05791591101911481;0.07519473253861363;0.09414189463034599;0.11386566157426194;0.1904733299925084;0.13500258978825505;1610752128;61744482434;26847879232;12348170466;132;209;178;232;;;;random_146
1;0.23305217935049427;0.24520217241991435;0.013850355910538516;0.23175226723291628;0.10393040132183767;0.15078164055193224;0.014373299585556198;0.007057683626810569;1610752128;61744482434;26847879232;29610352866;140;227;130;254;-7.801624001313756;0.078125;0.046875;random_146
2;0.2380546354771868;0.11173900989189237;0.026105787627590093;0.2538020055267487;0.04185444016434565;0.24887557479368702;0.006384928033296779;0.07318361848525257;1073881088;61274851586;26847879232;29565784290;143;176;117;315;-7.80799494828758;0.09375;0.046875;random_146
3;0.20642446111882667;0.03247375426306101;0.008323848523663028;0.2607266687233741;0.10171287090797551;0.31275183634833637;0.0006962130348169285;0.07689034707994648;1073881088;61274851586;26847879232;29565784290;169;165;107;310;-7.8366930269600426;0.09375;0.046875;random_146
4;0.20642446111882667;0.03247375426306101;0.008323848523663028;0.2607266687233741;0.10171287090797551;0.31275183634833637;0.0006962130348169285;0.07689034707994648;1073881088;61274851586;26847879232;29565784290;169;165;107;310;-7.852943230045497;0.09375;;random_146
0;0.0872083580561855;0.059049762506772525;0.21147368383614254;0.030345274248465174;0.1612461636392743;0.20716850196405717;0.148798913011107;0.09470934273799593;2684354720;1073872896;29530141040;29534331042;105;135;229;282;;;;random_147
1;0.18153155597111703;0.018499239378718394;0.29694500048040506;0.06215625728962643;0.3024017672827637;0.04651591436108697;0.008327125938963313;0.0836231392973191;2684354720;1073872896;29530141040;29534331042;112;135;210;294;-7.755413763527839;0.09375;0.046875;random_147
2;0.2918298615737812;0.02798348849342666;0.2756224425237807;0.13549656140253524;0.15022329959840944;0.005399268053588264;0.007937667226402241;0.10550741112807623;2684354720;1073872896;29530141040;29534331042;90;134;209;318;-7.78481752516378;0.09375;0.03125;random_147
3;0.2918298615737812;0.02798348849342666;0.2756224425237807;0.13549656140253524;0.15022329959840944;0.005399268053588264;0.007937667226402241;0.10550741112807623;2684354720;1073872896;29530141040;29534331042;90;134;209;318;-7.785347774755308;0.078125;;random_147
0;0.036543539899224195;0.06748472621779797;0.12981293611083083;0.11928321885383374;0.1704174777118749;0.15919401354278645;0.14988138450120608;0.1673827031624459;536871040;29610352866;2415919104;1073872896;85;480;58;128;;;;random_148
1;0.1630698429893746;0.00407268318921882;0.09797735637200568;0.2025790815233156;0.07132255533094715;0.3329994162083449;0.0012882034078602433;0.12669086097893295;1610752128;29610352866;3489800192;1073872896;133;399;100;119;-7.779967481402472;0.09375;0.03125;random_148
2;0.1630698429893746;0.00407268318921882;0.09797735637200568;0.2025790815233156;0.07132255533094715;0.3329994162083449;0.0012882034078602433;0.12669086097893295;1610752128;29610352866;3489800192;1073872896;134;397;101;119;-7.836595514474449;0.078125;0.046875;random_148
3;0.1630698429893746;0.00407268318921882;0.09797735637200568;0.2025790815233156;0.07132255533094715;0.3329994162083449;0.0012882034078602433;0.12669086097893295;1610752128;29610352866;3489800192;1073872896;134;397;101;119;-7.83730789124835;0.09375;;random_148
0;0.09336266755830036;0.12484641710791887;0.12835012554518366;0.1893526132056348;0.22576275322834427;0.09686947302229315;0.006575546745216488;0.13488040358710834;1610752128;29610352866;2415919104;1073872896;107;504;56;84;;;;random_149
1;0.22350086628715765;0.0027692807665022075;0.05262966994137647;0.43884178522662964;0.04310337257013177;0.00745609202988119;0.05762348469859703;0.17407544847972403;1610752128;29610352866;2415919136;1073872896;155;431;46;119;-7.810718780928724;0.078125;0.0625;random_149
2;0.22350086628715765;0.0027692807665022075;0.05262966994137647;0.43884178522662964;0.04310337257013177;0.00745609202988119;0.05762348469859703;0.17407544847972403;1610752128;29610352866;2415919136;1073872896;155;432;46;118;-7.872818554810086;0.078125;0.046875;random_149
3;0.22350086628715765;0.0027692807665022075;0.05262966994137647;0.43884178522662964;0.04310337257013177;0.00745609202988119;0.05762348469859703;0.17407544847972403;1610752128;29610352866;2415919136;1073872896;155;432;46;118;-7.872377247269405;0.09375;;random_149
0;0.17360262844264218;0.12000098837955407;0.22885577736986673;0.1541506122588734;0.10145731304982097;0.14515109909943447;0.004594236487028784;0.07218734491277927;10200686722;2147483680;29610352866;1073881088;194;66;393;98;;;;random_15
1;0.1630698429893746;0.00407268318921882;0.09797735637200568;0.2025790815233156;0.07132255533094715;0.3329994162083449;0.0012882034078602433;0.12669086097893295;10200686722;2147483680;29610352866;1073872896;196;80;335;140;-7.7921961184943465;0.09375;0.046875;random_15
2;0.34884434049438995;0.00273272513097807;0.06775407423558436;0.38042746609519695;0.011189118644623321;0.09961849730817919;0.034426194101241654;0.05500758398980671;10200686722;2147483680;29610352866;1073872896;168;76;355;152;-7.8165241837297605;0.09375;0.03125;random_15
3;0.26400356727738417;0.13972626508717423;0.03191848428753177;0.3958529056178151;0.08658313179424464;0.012663840306161888;0.06594451750872049;0.003307288120967658;29534331042;2415919136;29530141040;1073872896;296;53;213;189;-7.835322089450861;0.078125;0.046875;random_15
4;0.37340059868882525;0.034454710893647704;0.021988553198505963;0.4433429767374552;0.03507017768372346;0.0141831083682436;0.0738558143111319;0.0037040601184669896;29534331042;2415919136;29530141040;1073872896;293;53;220;185;-7.880157861797086;0.09375;0.046875;random_15
5;0.37340059868882525;0.034454710893647704;0.021988553198505963;0.4433429767374552;0.03507017768372346;0.0141831083682436;0.0738558143111319;0.0037040601184669896;29534331042;2415919136;29530141040;1073872896;293;53;220;185;-7.877709545812711;0.078125;;random_15
0;0.05755418944920275;0.17575936356895136;0.16570094489462772;0.16048621278299016;0.12181350437738823;0.06422524506047761;0.10238480415382237;0.15207573571253968;536871040;29610352866;2415919104;35433613312;62;479;29;181;;;;random_150
1;0.22350086628715765;0.0027692807665022075;0.05262966994137647;0.43884178522662964;0.04310337257013177;0.00745609202988119;0.05762348469859703;0.17407544847972403;1610752128;29610352866;2415919136;1073872896;155;431;46;119;-7.766043816382919;0.078125;0.046875;random_150
2;0.22350086628715765;0.0027692807665022075;0.05262966994137647;0.43884178522662964;0.04310337257013177;0.00745609202988119;0.05762348469859703;0.17407544847972403;1610752128;29610352866;2415919136;1073872896;155;432;46;118;-7.872818554810086;0.078125;0.046875;random_150
3;0.22350086628715765;0.0027692807665022075;0.05262966994137647;0.43884178522662964;0.04310337257013177;0.00745609202988119;0.05762348469859703;0.17407544847972403;1610752128;29610352866;2415919136;1073872896;155;432;46;118;-7.872377247269405;0.078125;;random_150
0;0.026327895611839305;0.21387827768815093;0.010994556266711487;0.21797553303488976;0.21561074977405173;0.013618396520341604;0.16744508672945543;0.1341495043745598;2684354720;61873748034;8589934658;1073872896;97;369;129;156;;;;random_151
1;0.40072647367377445;0.00310362567010429;0.0033302005369709063;0.3927380356007213;0.046225443549343416;0.03708592971439797;0.06602574663090753;0.05076454462378014;2684354720;63988251895;8589934594;1073872896;91;363;97;200;-7.781413130283582;0.078125;0.046875;random_151
2;0.22350086628715765;0.0027692807665022075;0.05262966994137647;0.43884178522662964;0.04310337257013177;0.00745609202988119;0.05762348469859703;0.17407544847972403;2684354720;64229881568;9663815682;1073872896;97;303;185;166;-7.848593711717245;0.078125;0.03125;random_151
3;0.22350086628715765;0.0027692807665022075;0.05262966994137647;0.43884178522662964;0.04310337257013177;0.00745609202988119;0.05762348469859703;0.17407544847972403;2684354720;64229881568;9663815682;1073872896;97;303;185;166;-7.88720497889541;0.078125;0.046875;random_151
4;0.22350086628715765;0.0027692807665022075;0.05262966994137647;0.43884178522662964;0.04310337257013177;0.00745609202988119;0.05762348469859703;0.17407544847972403;2684354720;64229881568;9663815682;1073872896;97;303;185;166;-7.88720497889541;0.09375;;random_151
0;0.03585958352397405;0.03133213093586904;0.16328366117546225;0.11987566305788105;0.20757297556624169;0.20741431668948623;0.2096144688848264;0.025047200166259397;34896611456;8589934594;2415919104;63355365730;49;59;83;560;;;;random_152
1;0.03379901133745165;0.009229863395055908;0.1021697361520277;0.21617204921416489;0.22323368334804478;0.3535120839966061;0.034289155376229945;0.02759441718041919;1073872896;9663815682;2415919104;29610352866;165;109;110;367;-7.762973414300565;0.078125;0.046875;random_152
2;0.1630698429893746;0.00407268318921882;0.09797735637200568;0.2025790815233156;0.07132255533094715;0.3329994162083449;0.0012882034078602433;0.12669086097893295;1073872896;9663815682;3489800192;29610352866;151;130;101;369;-7.848474720905289;0.078125;0.046875;random_152
3;0.1630698429893746;0.00407268318921882;0.09797735637200568;0.2025790815233156;0.07132255533094715;0.3329994162083449;0.0012882034078602433;0.12669086097893295;1073872896;9663815682;3489800192;29610352866;151;130;100;370;-7.852862733271729;0.078125;0.046875;random_152
4;0.1630698429893746;0.00407268318921882;0.09797735637200568;0.2025790815233156;0.07132255533094715;0.3329994162083449;0.0012882034078602433;0.12669086097893295;1073872896;9663815682;3489800192;29610352866;151;130;100;370;-7.852505927201398;0.09375;;random_152
0;0.27125618310102073;0.07070672498886618;0.13247225755901296;0.2189713483278637;0.05886818605148503;0.1637245081770018;0.05372087630902748;0.030279915485722165;1610752128;2147483680;61746587650;1073872896;117;131;401;102;;;;random_153
1;0.2380546354771868;0.11173900989189237;0.026105787627590093;0.2538020055267487;0.04185444016434565;0.24887557479368702;0.006384928033296779;0.07318361848525257;1610752128;2147483680;61744482434;1073872896;117;165;358;111;-7.822980106525055;0.078125;0.046875;random_153
2;0.2380546354771868;0.11173900989189237;0.026105787627590093;0.2538020055267487;0.04185444016434565;0.24887557479368702;0.006384928033296779;0.07318361848525257;1610752128;2147483680;61744482434;1073872896;117;165;358;111;-7.835492248093588;0.0625;0.046875;random_153
3;0.2380546354771868;0.11173900989189237;0.026105787627590093;0.2538020055267487;0.04185444016434565;0.24887557479368702;0.006384928033296779;0.07318361848525257;1610752128;2147483680;61744482434;1073872896;117;165;358;111;-7.835492248093588;0.078125;;random_153
0;0.05503044214100003;0.16885096522974957;0.00219767311831325;0.20058491296117678;0.3135852392157186;0.18964774856887387;0.040505928317984004;0.029597090447183932;1073881088;50466031650;2415919104;12348170466;155;184;78;334;;;;random_154
1;0.20351755227612883;0.11702777632732324;0.07684897614325388;0.15060676575082368;0.06044924340346322;0.37948267454670465;0.011261351265992668;0.0008056602863097856;1073881088;61746587650;3489800192;29602427378;144;244;108;255;-7.828141498181644;0.078125;0.046875;random_154
2;0.1630698429893746;0.00407268318921882;0.09797735637200568;0.2025790815233156;0.07132255533094715;0.3329994162083449;0.0012882034078602433;0.12669086097893295;1073872896;61746587650;3489800192;63967544802;125;233;97;296;-7.855060470746108;0.078125;0.046875;random_154
3;0.1630698429893746;0.00407268318921882;0.09797735637200568;0.2025790815233156;0.07132255533094715;0.3329994162083449;0.0012882034078602433;0.12669086097893295;1073872896;61746587650;3489800192;63967544802;125;232;97;297;-7.843300184549216;0.078125;0.0625;random_154
4;0.1630698429893746;0.00407268318921882;0.09797735637200568;0.2025790815233156;0.07132255533094715;0.3329994162083449;0.0012882034078602433;0.12669086097893295;1073872896;61746587650;3489800192;63967544802;125;232;97;297;-7.842881634839546;0.078125;;random_154
0;0.06889712766429462;0.04194342126470633;0.23908063177170802;0.037463896023853596;0.1995352517079931;0.14519509570198563;0.14102806487053898;0.12685651099491957;2415919104;29609828386;28992213282;12348170466;55;294;174;228;;;;random_155
1;0.3662829654364193;0.0747082252043531;0.38630008413185984;0.0028693332484015805;0.06353103761909794;0.029723884611345595;0.0648360103870657;0.011748459361456857;2415919136;29534331042;29327761760;10200686786;62;284;158;247;-7.74047496607302;0.078125;0.03125;random_155
2;0.23427582993386736;0.019183126881715137;0.29185252373984955;0.17528994279892476;0.1737918768159492;0.015698919695808174;0.03978063205717474;0.050127148076711085;2415919136;29534331042;29327761760;10200686786;60;287;169;235;-7.789592294859349;0.09375;0.03125;random_155
3;0.3209674153459886;0.07896411295195717;0.2195949142346356;0.06751599715507521;0.2213538669943189;0.03645070910996493;0.014557679518077364;0.04059530468998215;2415919136;29610352866;29327761760;10200686786;61;302;155;233;-7.7759288390333685;0.078125;0.0625;random_155
4;0.16079753138357655;0.08765028772903916;0.3217275069528928;0.13992284358918416;0.21328693222169304;0.040568185543332747;0.017743861787246722;0.018302850793034856;2147483680;29610352866;29530141040;10200686786;70;280;160;241;-7.776525404532232;0.078125;0.0625;random_155
5;0.16079753138357655;0.08765028772903916;0.3217275069528928;0.13992284358918416;0.21328693222169304;0.040568185543332747;0.017743861787246722;0.018302850793034856;2147483680;29610352866;29530141040;10200686786;69;280;161;241;-7.787449431566692;0.078125;0.046875;random_155
6;0.16079753138357655;0.08765028772903916;0.3217275069528928;0.13992284358918416;0.21328693222169304;0.040568185543332747;0.017743861787246722;0.018302850793034856;2147483680;29610352866;29530141040;10200686786;69;280;161;241;-7.786913290186038;0.09375;;random_155
0;0.2047045133723391;0.07664488336606455;0.16597657838822963;0.11697420167693427;0.08334129933080643;0.201271476277282;0.12603687293973248;0.02505017464861138;9126805634;2147483680;29610352866;1073872896;103;60;427;161;;;;random_156
1;0.40072647367377445;0.00310362567010429;0.0033302005369709063;0.3927380356007213;0.046225443549343416;0.03708592971439797;0.06602574663090753;0.05076454462378014;61744482434;2147483680;29530141040;1073872896;262;61;278;150;-7.8065201977090135;0.09375;0.046875;random_156
2;0.22350086628715765;0.0027692807665022075;0.05262966994137647;0.43884178522662964;0.04310337257013177;0.00745609202988119;0.05762348469859703;0.17407544847972403;61744482434;2415919136;29530141040;1073872896;286;50;269;146;-7.839532910147422;0.078125;0.046875;random_156
3;0.22350086628715765;0.0027692807665022075;0.05262966994137647;0.43884178522662964;0.04310337257013177;0.00745609202988119;0.05762348469859703;0.17407544847972403;61744482434;2415919136;29530141040;1073872896;286;50;269;146;-7.837794642550649;0.078125;0.046875;random_156
4;0.22350086628715765;0.0027692807665022075;0.05262966994137647;0.43884178522662964;0.04310337257013177;0.00745609202988119;0.05762348469859703;0.17407544847972403;61744482434;2415919136;29530141040;1073872896;286;50;269;146;-7.837794642550649;0.09375;;random_156
0;0.08590874324502422;0.16081053900591039;0.1427385374934081;0.18853713838855507;0.053366929487292936;0.15599845272665006;0.09461938189872042;0.11802027775443878;2415919104;44090656770;29610352866;1610752128;60;177;366;148;;;;random_157
1;0.20642446111882667;0.03247375426306101;0.008323848523663028;0.2607266687233741;0.10171287090797551;0.31275183634833637;0.0006962130348169285;0.07689034707994648;2415919104;44090656770;29565784290;1073881088;84;159;336;172;-7.803393105453719;0.078125;0.046875;random_157
2;0.1536894198364882;0.002031259805225586;0.015509271266870073;0.24031944545001954;0.08378739188450274;0.3347126832399806;0.042266667114845044;0.12768386140206808;2415919104;44090656770;29565784290;1073881088;98;138;339;176;-7.847482670748459;0.078125;0.046875;random_157
3;0.1630698429893746;0.00407268318921882;0.09797735637200568;0.2025790815233156;0.07132255533094715;0.3329994162083449;0.0012882034078602433;0.12669086097893295;3489800192;44090656770;29610352866;1073872896;101;140;373;137;-7.846846156902229;0.09375;0.046875;random_157
4;0.1630698429893746;0.00407268318921882;0.09797735637200568;0.2025790815233156;0.07132255533094715;0.3329994162083449;0.0012882034078602433;0.12669086097893295;3489800192;44090656770;29610352866;1073872896;102;140;372;137;-7.845097541378051;0.09375;0.046875;random_157
5;0.1630698429893746;0.00407268318921882;0.09797735637200568;0.2025790815233156;0.07132255533094715;0.3329994162083449;0.0012882034078602433;0.12669086097893295;3489800192;44090656770;29610352866;1073872896;102;140;372;137;-7.845462033926394;0.109375;;random_157
0;0.1855515046135298;0.1902609094772018;0.16739443515929883;0.06976727552258237;0.17246719871571223;0.12407235806161977;0.08354204164266352;0.006944276807391792;536871040;2147483680;61746587650;1073881088;37;121;442;151;;;;random_158
1;0.22514130965584078;0.29242288328106486;0.2101023940298635;0.0032291267131626155;0.08972950097948343;0.1576350692368679;0.015745414421126615;0.0059943016825901975;536871040;2147483680;61746587650;1073881088;43;144;426;138;-7.782807999546128;0.09375;0.03125;random_158
2;0.2964359458958123;0.22263152819462279;0.037580570346368206;0.06022250718964245;0.00047552443683100866;0.25811395670503035;0.00702758194325551;0.11751238528843733;1610752128;3296862240;61207611458;1073872896;162;222;262;105;-7.786375081877825;0.078125;0.046875;random_158
3;0.22794178734514348;0.24706625911771557;0.017721489867657182;0.06295507542077715;0.049887405597615384;0.3409769332128235;0.02364781992100208;0.029803229517265672;1610752128;29610352866;61207611458;1073872896;139;295;206;111;-7.857433843816355;0.09375;0.046875;random_158
4;0.22794178734514348;0.24706625911771557;0.017721489867657182;0.06295507542077715;0.049887405597615384;0.3409769332128235;0.02364781992100208;0.029803229517265672;1610752128;29610352866;61207611458;1073872896;139;295;206;111;-7.852396494987836;0.09375;0.046875;random_158
5;0.22794178734514348;0.24706625911771557;0.017721489867657182;0.06295507542077715;0.049887405597615384;0.3409769332128235;0.02364781992100208;0.029803229517265672;1610752128;29610352866;61207611458;1073872896;139;295;206;111;-7.852396494987836;0.09375;;random_158
0;0.14668245310762473;0.09563353938924547;0.14974139248270052;0.14247216241230043;0.15114680868677965;0.05726352291520894;0.152524105102242;0.10453601590389829;2415919104;68189404707;26915008834;1610752128;50;240;280;181;;;;random_159
1;0.40072647367377445;0.00310362567010429;0.0033302005369709063;0.3927380356007213;0.046225443549343416;0.03708592971439797;0.06602574663090753;0.05076454462378014;2415919136;63944488370;26847879232;1610752128;69;265;221;196;-7.777360573210101;0.078125;0.046875;random_159
2;0.22350086628715765;0.0027692807665022075;0.05262966994137647;0.43884178522662964;0.04310337257013177;0.00745609202988119;0.05762348469859703;0.17407544847972403;2415919136;63944488370;26847879232;1610752128;58;274;221;198;-7.853906307719536;0.09375;0.03125;random_159
3;0.22350086628715765;0.0027692807665022075;0.05262966994137647;0.43884178522662964;0.04310337257013177;0.00745609202988119;0.05762348469859703;0.17407544847972403;2415919136;63944488370;26847879232;1610752128;58;274;221;198;-7.854503350465568;0.078125;;random_159
0;0.18380892781250868;0.08076490640063039;0.17207104938998458;0.11937999741662882;0.03771938903474669;0.08304930659236966;0.15869257578036833;0.16451384757276272;536871040;42949675010;63355365730;18794684544;57;75;405;214;;;;random_16
1;0.40072647367377445;0.00310362567010429;0.0033302005369709063;0.3927380356007213;0.046225443549343416;0.03708592971439797;0.06602574663090753;0.05076454462378014;536871040;44090656770;29610352866;18794832000;22;180;276;273;-7.72874287251197;0.078125;0.046875;random_16
2;0.22350086628715765;0.0027692807665022075;0.05262966994137647;0.43884178522662964;0.04310337257013177;0.00745609202988119;0.05762348469859703;0.17407544847972403;1073872896;44090656770;29610352866;1610752128;138;157;305;151;-7.825253816647806;0.078125;0.046875;random_16
3;0.22350086628715765;0.0027692807665022075;0.05262966994137647;0.43884178522662964;0.04310337257013177;0.00745609202988119;0.05762348469859703;0.17407544847972403;1073872896;44090656770;29610352866;1610752128;139;157;304;151;-7.8761050239141195;0.09375;0.03125;random_16
4;0.22350086628715765;0.0027692807665022075;0.05262966994137647;0.43884178522662964;0.04310337257013177;0.00745609202988119;0.05762348469859703;0.17407544847972403;1073872896;44090656770;29610352866;1610752128;139;157;304;151;-7.876445880685877;0.078125;;random_16
0;0.15685325111073709;0.22372666966546056;0.007077949319400341;0.033906268446663425;0.09682322589370157;0.32574827763660763;0.046309669152416764;0.10955468877501275;44090656770;29058605408;29264060480;18790621568;176;211;127;237;;;;random_160
1;0.22837669674309316;0.012187574629471723;0.0690915665638123;0.04103872449577563;0.361056208047885;0.27383426886967105;0.011429030478758087;0.002985930171533131;9663807490;12348170466;29800542402;18794807424;171;201;138;241;-7.88534915574515;0.078125;0.046875;random_160
2;0.22837669674309316;0.012187574629471723;0.0690915665638123;0.04103872449577563;0.361056208047885;0.27383426886967105;0.011429030478758087;0.002985930171533131;9663807490;12348170466;29800542402;18794807424;171;201;138;241;-7.920532977706667;0.078125;0.046875;random_160
3;0.22837669674309316;0.012187574629471723;0.0690915665638123;0.04103872449577563;0.361056208047885;0.27383426886967105;0.011429030478758087;0.002985930171533131;9663807490;12348170466;29800542402;18794807424;171;201;138;241;-7.920532977706667;0.09375;;random_160
0;0.013675512130758639;0.08873652577614367;0.08580534867817137;0.25361989588431927;0.22639022826182328;0.10253050928601662;0.006634852495677809;0.22260712748708938;44090656770;10200686786;63971487074;29800542402;170;137;273;171;;;;random_161
1;0.1630698429893746;0.00407268318921882;0.09797735637200568;0.2025790815233156;0.07132255533094715;0.3329994162083449;0.0012882034078602433;0.12669086097893295;1073872896;10209603776;29602427378;20673732608;115;153;334;149;-7.7239929942836545;0.09375;0.046875;random_161
2;0.1630698429893746;0.00407268318921882;0.09797735637200568;0.2025790815233156;0.07132255533094715;0.3329994162083449;0.0012882034078602433;0.12669086097893295;1073872896;10209603776;29602427378;20673732608;115;153;334;149;-7.816173414094772;0.09375;0.03125;random_161
3;0.1630698429893746;0.00407268318921882;0.09797735637200568;0.2025790815233156;0.07132255533094715;0.3329994162083449;0.0012882034078602433;0.12669086097893295;1073872896;10209603776;29602427378;20673732608;115;153;334;149;-7.816173414094772;0.078125;;random_161
0;0.15356320754792133;0.03542210046242179;0.23156929872319182;0.023302536162276;0.20158909523199453;0.0684117806112077;0.10121213193046329;0.1849298493305236;536871040;42949675010;3221356576;27395236032;97;78;189;387;;;;random_162
1;0.2934176041342687;0.008147269441769392;0.28181307548086226;0.0006436050552196409;0.01812809725620379;0.09956354404161875;0.07160141015084243;0.2266853944392151;536871040;42949675010;3221356576;27395236032;89;81;177;404;-7.772390687861774;0.078125;0.046875;random_162
2;0.2337700385736786;0.0030813621737787885;0.24985205292281729;0.04691282902530974;0.1648275416836902;0.10245125319663659;0.0009746452323179247;0.1981302771917709;1610752128;44090656770;3221356576;29610352866;129;132;132;358;-7.779497747117127;0.09375;0.046875;random_162
3;0.2337700385736786;0.0030813621737787885;0.24985205292281729;0.04691282902530974;0.1648275416836902;0.10245125319663659;0.0009746452323179247;0.1981302771917709;1610752128;44090656770;3221356576;29610352866;131;132;133;355;-7.788687311013943;0.078125;0.03125;random_162
4;0.2337700385736786;0.0030813621737787885;0.24985205292281729;0.04691282902530974;0.1648275416836902;0.10245125319663659;0.0009746452323179247;0.1981302771917709;1610752128;44090656770;3221356576;29610352866;131;132;133;355;-7.791019891181237;0.09375;;random_162
0;0.1425300232255952;0.19730211426816555;0.13067166512556616;0.020576697636230854;0.18604627086516012;0.161810188569376;0.14975890850907397;0.011304131800832326;9126805634;2147483680;29534331042;1073872896;70;59;452;170;;;;random_163
1;0.44608286852616286;0.0065026660092104985;0.010976523239444293;0.08115596043154201;0.0680865786817508;0.18083715993785235;0.14951483513803984;0.05684340803599739;43486546050;2147483680;29610352866;1073872896;103;51;423;174;-7.800621790588389;0.078125;0.03125;random_163
2;0.40072647367377445;0.00310362567010429;0.0033302005369709063;0.3927380356007213;0.046225443549343416;0.03708592971439797;0.06602574663090753;0.05076454462378014;61744482434;2147483680;29530141040;1073872896;263;61;277;150;-7.806264347810845;0.078125;0.0625;random_163
3;0.22350086628715765;0.0027692807665022075;0.05262966994137647;0.43884178522662964;0.04310337257013177;0.00745609202988119;0.05762348469859703;0.17407544847972403;61744482434;2415919136;29530141040;1073872896;286;50;269;146;-7.839396573345442;0.078125;0.046875;random_163
4;0.22350086628715765;0.0027692807665022075;0.05262966994137647;0.43884178522662964;0.04310337257013177;0.00745609202988119;0.05762348469859703;0.17407544847972403;61744482434;2415919136;29530141040;1073872896;287;50;268;146;-7.837794642550649;0.09375;0.046875;random_163
5;0.22350086628715765;0.0027692807665022075;0.05262966994137647;0.43884178522662964;0.04310337257013177;0.00745609202988119;0.05762348469859703;0.17407544847972403;61744482434;2415919136;29530141040;1073872896;287;50;268;146;-7.837948283050312;0.078125;;random_163
0;0.06945519365043155;0.02935037783989138;0.1440742508844339;0.12279797616621412;0.1547975888726922;0.16943414312678212;0.1358080683124027;0.17428240114715202;536871040;29610352866;2415919104;1073872896;86;475;57;133;;;;random_164
1;0.1630698429893746;0.00407268318921882;0.09797735637200568;0.2025790815233156;0.07132255533094715;0.3329994162083449;0.0012882034078602433;0.12669086097893295;1610752128;29610352866;3489800192;1073872896;133;399;100;119;-7.778351426492194;0.078125;0.046875;random_164
2;0.1630698429893746;0.00407268318921882;0.09797735637200568;0.2025790815233156;0.07132255533094715;0.3329994162083449;0.0012882034078602433;0.12669086097893295;1610752128;29610352866;3489800192;1073872896;134;397;101;119;-7.836595514474449;0.09375;0.03125;random_164
3;0.1630698429893746;0.00407268318921882;0.09797735637200568;0.2025790815233156;0.07132255533094715;0.3329994162083449;0.0012882034078602433;0.12669086097893295;1610752128;29610352866;3489800192;1073872896;134;397;101;119;-7.83730789124835;0.078125;;random_164
0;0.1650922878665389;0.009970903572493263;0.0038271478397930744;0.0918696779369341;0.22113775114603054;0.2325946073327988;0.25801969512367884;0.017487929181732555;9126805634;2147483680;29534331042;34359740416;90;57;562;42;;;;random_165
1;0.5084427473585851;0.005654867322653776;0.07388534409380731;0.11587254520453948;0.09061926190429094;0.03148840520870738;0.13214545943913739;0.041891369468278705;9126805634;2147483680;29534331042;34359740416;69;53;577;52;-7.769283873114675;0.078125;0.046875;random_165
2;0.40072647367377445;0.00310362567010429;0.0033302005369709063;0.3927380356007213;0.046225443549343416;0.03708592971439797;0.06602574663090753;0.05076454462378014;29530141040;2147483680;61744482434;1073872896;277;61;263;150;-7.770898905371837;0.078125;0.046875;random_165
3;0.22350086628715765;0.0027692807665022075;0.05262966994137647;0.43884178522662964;0.04310337257013177;0.00745609202988119;0.05762348469859703;0.17407544847972403;29530141040;2415919136;61744482434;1073872896;269;50;286;146;-7.839396573345442;0.09375;0.046875;random_165
4;0.22350086628715765;0.0027692807665022075;0.05262966994137647;0.43884178522662964;0.04310337257013177;0.00745609202988119;0.05762348469859703;0.17407544847972403;29530141040;2415919136;61744482434;1073872896;268;50;287;146;-7.837794642550649;0.078125;0.046875;random_165
5;0.22350086628715765;0.0027692807665022075;0.05262966994137647;0.43884178522662964;0.04310337257013177;0.00745609202988119;0.05762348469859703;0.17407544847972403;29530141040;2415919136;61744482434;1073872896;268;50;287;146;-7.837948283050312;0.078125;;random_165
0;0.010436896061063676;0.21385704233837216;0.07143058842452886;0.13065989100333722;0.2300520427332443;0.0937701493687429;0.15592230976962576;0.09387108030108512;34359740416;29610352866;2415919104;1610752128;123;426;44;158;;;;random_166
1;0.20588581601105063;0.24986819097872587;0.022578058089663428;0.13595550073958027;0.01343371069344516;0.2634362430676063;0.06884925660804588;0.03999322381188236;35433613312;29610352866;2415919104;1073881088;143;374;84;150;-7.764694486050765;0.09375;0.046875;random_166
2;0.30897672711074536;0.23176805819176835;0.03233262408093428;0.014013834292101117;0.08721495695692494;0.19627977090001192;0.011318697475461837;0.118095330992052;35433613312;29610352866;2415919104;1073881088;161;411;59;120;-7.818810623424505;0.09375;0.046875;random_166
3;0.2380546354771868;0.11173900989189237;0.026105787627590093;0.2538020055267487;0.04185444016434565;0.24887557479368702;0.006384928033296779;0.07318361848525257;35433613312;29610352866;2415919104;1073881088;95;452;78;126;-7.798467208802146;0.078125;0.046875;random_166
4;0.20351755227612883;0.11702777632732324;0.07684897614325388;0.15060676575082368;0.06044924340346322;0.37948267454670465;0.011261351265992668;0.0008056602863097856;35433613312;29610352866;3489800192;1073881088;118;366;111;156;-7.83930818753549;0.09375;0.046875;random_166
5;0.2380546354771868;0.11173900989189237;0.026105787627590093;0.2538020055267487;0.04185444016434565;0.24887557479368702;0.006384928033296779;0.07318361848525257;35433613312;29610352866;3489800192;1073881088;94;439;92;126;-7.828170972157211;0.078125;0.046875;random_166
6;0.20351755227612883;0.11702777632732324;0.07684897614325388;0.15060676575082368;0.06044924340346322;0.37948267454670465;0.011261351265992668;0.0008056602863097856;35433613312;29610352866;3489800192;1073881088;118;366;111;156;-7.841780827439727;0.078125;0.046875;random_166
7;0.2380546354771868;0.11173900989189237;0.026105787627590093;0.2538020055267487;0.04185444016434565;0.24887557479368702;0.006384928033296779;0.07318361848525257;35433613312;29610352866;3489800192;1073881088;94;439;92;126;-7.828170972157211;0.078125;0.046875;random_166
8;0.20351755227612883;0.11702777632732324;0.07684897614325388;0.15060676575082368;0.06044924340346322;0.37948267454670465;0.011261351265992668;0.0008056602863097856;35433613312;29610352866;3489800192;1073881088;118;366;111;156;-7.841780827439727;0.09375;;random_166
0;0.18085436481575667;0.12423870655772588;0.055919545184042276;0.06387299324456144;0.06075430763519614;0.1253229933757001;0.16555022928448332;0.2234868599025341;536870916;42949675010;20405682208;10200686786;27;119;283;322;;;;random_167
1;0.2513448966457677;0.08915769942608719;0.016629634072666266;0.1181371434798492;0.2008391403663697;0.12327716479800704;0.007096098510675712;0.19351822270057709;1610752128;44090656770;20405682208;27384742082;145;180;207;219;-7.706404480837022;0.078125;0.03125;random_167
2;0.37025333210684236;0.022956605155466023;0.07191222226505606;0.4037747516473602;0.08737804219003784;0.0029004357188159953;0.03653897053246483;0.004285640383956738;1610752128;44090656770;20405682208;29610352866;163;159;170;259;-7.80864488523949;0.078125;0.046875;random_167
3;0.22350086628715765;0.0027692807665022075;0.05262966994137647;0.43884178522662964;0.04310337257013177;0.00745609202988119;0.05762348469859703;0.17407544847972403;1610752128;44090656770;20405682208;29610352866;165;160;166;260;-7.868960442647382;0.078125;0.046875;random_167
4;0.22350086628715765;0.0027692807665022075;0.05262966994137647;0.43884178522662964;0.04310337257013177;0.00745609202988119;0.05762348469859703;0.17407544847972403;1610752128;44090656770;20405682208;29610352866;165;160;166;260;-7.873249396203881;0.078125;;random_167
0;0.1867024129887765;0.2101328942338222;0.04543939939112923;0.10061902464287611;0.11130265189642564;0.18462926969901908;0.0795919187652359;0.08158242838271529;8589934594;2147483680;29610352866;18794807424;90;61;331;269;;;;random_168
1;0.34884434049438995;0.00273272513097807;0.06775407423558436;0.38042746609519695;0.011189118644623321;0.09961849730817919;0.034426194101241654;0.05500758398980671;44090656770;2147483680;29610352866;18794807424;164;77;270;240;-7.823441361824331;0.078125;0.03125;random_168
2;0.22350086628715765;0.0027692807665022075;0.05262966994137647;0.43884178522662964;0.04310337257013177;0.00745609202988119;0.05762348469859703;0.17407544847972403;44090656770;2415919136;64229881568;18794807424;218;50;223;260;-7.862792849177967;0.09375;0.046875;random_168
3;0.22350086628715765;0.0027692807665022075;0.05262966994137647;0.43884178522662964;0.04310337257013177;0.00745609202988119;0.05762348469859703;0.17407544847972403;44090656770;2415919136;64229881568;18794807424;218;50;223;260;-7.884359220432953;0.09375;0.046875;random_168
4;0.22350086628715765;0.0027692807665022075;0.05262966994137647;0.43884178522662964;0.04310337257013177;0.00745609202988119;0.05762348469859703;0.17407544847972403;44090656770;2415919136;64229881568;18794807424;218;50;223;260;-7.884359220432953;0.09375;;random_168
0;0.09556980366431733;0.21759699567136395;0.15510495552920497;0.02021481902492391;0.021012060321036773;0.09970469711000304;0.20585891770482245;0.18493775097432755;536871040;42949675010;3221356576;27395236032;66;141;182;362;;;;random_169
1;0.38589812353111147;0.33822650530596715;0.025394866539336865;0.0870196693724164;0.07977728595257258;0.011696213496250043;0.03381265441055873;0.03817468139178661;536871040;64271383026;3221356576;27384742082;47;253;120;331;-7.751130725617208;0.09375;0.0625;random_169
2;0.23100146817560832;0.28560526106641454;0.048180961704098677;0.07155834578377031;0.1489056167349243;0.024893341860084312;0.01694696935742803;0.1729080353176716;1610752128;63355365730;3221356576;27384742082;84;246;136;285;-7.795268348257547;0.09375;0.046875;random_169
3;0.3100584150792658;0.07343233757558437;0.025662999591963033;0.4248499922502482;0.09572582069474;0.01768437276106377;0.01984799302375869;0.03273806902337624;1610752128;63355365730;3221356576;27384742082;160;217;153;221;-7.795313413483091;0.09375;0.046875;random_169
4;0.22350086628715765;0.0027692807665022075;0.05262966994137647;0.43884178522662964;0.04310337257013177;0.00745609202988119;0.05762348469859703;0.17407544847972403;1610752128;63355365730;3489792032;27384742082;144;240;178;189;-7.793685373086017;0.078125;0.03125;random_169
5;0.22350086628715765;0.0027692807665022075;0.05262966994137647;0.43884178522662964;0.04310337257013177;0.00745609202988119;0.05762348469859703;0.17407544847972403;1610752128;63355365730;3489792032;27384742082;144;241;178;188;-7.826753775070928;0.078125;0.046875;random_169
6;0.22350086628715765;0.0027692807665022075;0.05262966994137647;0.43884178522662964;0.04310337257013177;0.00745609202988119;0.05762348469859703;0.17407544847972403;1610752128;63355365730;3489792032;27384742082;144;241;178;188;-7.8265826642750245;0.09375;;random_169
0;0.11713884309092401;0.13322623112491394;0.1330023758781545;0.08799170246486591;0.18285880905543397;0.07496757683558479;0.08889860439149841;0.1819158571586243;2415919104;50466031650;26915008834;1610752128;54;207;277;213;;;;random_17
1;0.326285941382742;0.0635185918034378;0.008643354331733638;0.11122957736487912;0.18147816180187873;0.10093889846655026;0.01777818869520478;0.19012728615357374;2415919104;63352015138;26915008834;1610752128;42;300;182;227;-7.761805962503176;0.09375;0.046875;random_17
2;0.2380546354771868;0.11173900989189237;0.026105787627590093;0.2538020055267487;0.04185444016434565;0.24887557479368702;0.006384928033296779;0.07318361848525257;2415919104;63352015138;26847748162;1610752128;76;296;225;154;-7.775105885135855;0.078125;0.03125;random_17
3;0.2380546354771868;0.11173900989189237;0.026105787627590093;0.2538020055267487;0.04185444016434565;0.24887557479368702;0.006384928033296779;0.07318361848525257;2415919104;63352015138;26847748162;1610752128;76;296;225;154;-7.825641853379267;0.078125;0.046875;random_17
4;0.2380546354771868;0.11173900989189237;0.026105787627590093;0.2538020055267487;0.04185444016434565;0.24887557479368702;0.006384928033296779;0.07318361848525257;2415919104;63352015138;26847748162;1610752128;76;296;225;154;-7.825641853379267;0.09375;;random_17
0;0.1466273408925654;0.15889375088584795;0.05947102840063446;0.11354712475626563;0.1125315515184767;0.1531822737858562;0.19817356492654717;0.057573364833806595;536871040;2147483680;25769804098;29534331042;55;49;108;539;;;;random_170
1;0.3462756393079222;0.008205280802740194;0.004277236468970023;0.1072427835096712;0.20480471150285293;0.033308968913574766;0.2223050048994628;0.0735803745948058;536871040;2147483680;25773998146;29534331042;53;38;79;581;-7.749420995814423;0.09375;0.046875;random_170
2;0.3462756393079222;0.008205280802740194;0.004277236468970023;0.1072427835096712;0.20480471150285293;0.033308968913574766;0.2223050048994628;0.0735803745948058;536871040;2147483680;25773998146;29534331042;55;38;79;579;-7.761408473835934;0.09375;0.046875;random_170
3;0.3462756393079222;0.008205280802740194;0.004277236468970023;0.1072427835096712;0.20480471150285293;0.033308968913574766;0.2223050048994628;0.0735803745948058;536871040;2147483680;25773998146;29534331042;55;38;79;579;-7.761222647394634;0.09375;;random_170
0;0.16904297421432588;0.14063527275059076;0.12364477689450788;0.16512165483941793;0.20116695161412804;0.007818693684463578;0.03140996771264431;0.1611597082899217;2415919136;44090656770;26847748162;1610752128;45;206;298;202;;;;random_171
1;0.18211627082196974;0.28528973269395236;0.01837014813031534;0.28894014188978084;0.08422534163433823;0.04609811038728263;0.02060965781496721;0.0743505966273935;2415919136;44090656770;26915008834;1610752128;56;226;302;167;-7.782852064804165;0.078125;0.046875;random_171
2;0.3153454489119479;0.23931658431260466;0.07890540206095228;0.24324704091289467;0.041484262308569206;0.02913575508654427;0.05009907192494815;0.002466434481538963;2147483680;44090656770;29610352866;1610752128;45;199;345;162;-7.819677325105775;0.078125;0.046875;random_171
3;0.2500791569798219;0.2354027773027801;0.014862273932091507;0.2486842722487812;0.05416282486031248;0.14072914265149306;0.02574566700541392;0.030333885019305878;2147483680;61271845122;29610352866;1073881088;62;235;303;151;-7.829890010001146;0.078125;0.0625;random_171
4;0.2366789100818342;0.1819432033667347;0.02595492144120827;0.25233527557337193;0.12282527776671816;0.1402530047885955;0.006348029328823759;0.033661377652713445;2147483680;61274851586;29610352866;1073881088;69;218;315;149;-7.836449149033268;0.09375;0.046875;random_171
5;0.2366789100818342;0.1819432033667347;0.02595492144120827;0.25233527557337193;0.12282527776671816;0.1402530047885955;0.006348029328823759;0.033661377652713445;2147483680;61274851586;29610352866;1073881088;69;218;315;149;-7.835023689112446;0.09375;0.03125;random_171
6;0.2366789100818342;0.1819432033667347;0.02595492144120827;0.25233527557337193;0.12282527776671816;0.1402530047885955;0.006348029328823759;0.033661377652713445;2147483680;61274851586;29610352866;1073881088;69;218;315;149;-7.835023689112446;0.078125;;random_171
0;0.026652014481114466;0.16416653829374386;0.06993242619162848;0.08724686757080219;0.22323858089437404;0.009603595149564171;0.27778190983569656;0.1413780675830763;2415919104;35433613312;25773998082;12348170466;24;235;95;397;;;;random_172
1;0.42454000929625346;0.0033256986507659643;0.043745609924104235;0.27976735458040436;0.08648933318160516;0.013617043425939312;0.13689034718363297;0.01162460375729453;2415919136;1073872896;25773998082;29632917990;52;161;97;441;-7.737742702480827;0.09375;0.046875;random_172
2;0.26400356727738417;0.13972626508717423;0.03191848428753177;0.3958529056178151;0.08658313179424464;0.012663840306161888;0.06594451750872049;0.003307288120967658;2415919136;1073872896;27468636162;29530141040;63;169;275;244;-7.8164480066565885;0.09375;0.03125;random_172
3;0.37340059868882525;0.034454710893647704;0.021988553198505963;0.4433429767374552;0.03507017768372346;0.0141831083682436;0.0738558143111319;0.0037040601184669896;2415919136;1073872896;27386847234;29530141040;63;167;280;241;-7.8788804015449845;0.078125;0.03125;random_172
4;0.26400356727738417;0.13972626508717423;0.03191848428753177;0.3958529056178151;0.08658313179424464;0.012663840306161888;0.06594451750872049;0.003307288120967658;2415919136;1073872896;27386847234;29530141040;63;166;280;242;-7.850331643564492;0.09375;0.046875;random_172
5;0.26400356727738417;0.13972626508717423;0.03191848428753177;0.3958529056178151;0.08658313179424464;0.012663840306161888;0.06594451750872049;0.003307288120967658;2415919136;1073872896;27386847234;29530141040;63;166;280;242;-7.849763135766353;0.09375;;random_172
0;0.15815421610443198;0.1700079666520472;0.20321838111315862;0.10856140754111282;0.03182880047621035;0.10022620079382003;0.0529314089032313;0.1750716184159876;1610752128;44090656770;29602427378;18257936384;132;179;305;135;;;;random_173
1;0.2380546354771868;0.11173900989189237;0.026105787627590093;0.2538020055267487;0.04185444016434565;0.24887557479368702;0.006384928033296779;0.07318361848525257;1610752128;44090656770;29610352866;1073872896;113;174;376;88;-7.738030351112609;0.078125;0.0625;random_173
2;0.2380546354771868;0.11173900989189237;0.026105787627590093;0.2538020055267487;0.04185444016434565;0.24887557479368702;0.006384928033296779;0.07318361848525257;1610752128;44090656770;29610352866;1073872896;113;174;376;88;-7.829464519816589;0.09375;0.046875;random_173
3;0.2380546354771868;0.11173900989189237;0.026105787627590093;0.2538020055267487;0.04185444016434565;0.24887557479368702;0.006384928033296779;0.07318361848525257;1610752128;44090656770;29610352866;1073872896;113;174;376;88;-7.829464519816589;0.078125;;random_173
0;0.051989376837967526;0.15661896667093794;0.157872337316426;0.1013743888230445;0.1009446792517514;0.1610836652242039;0.14504762659966694;0.12506895927600184;2684354720;46802282550;29602427378;18257936384;83;208;271;189;;;;random_174
1;0.3213706583755633;0.11903814318268968;0.017556143254973008;0.27872367736218245;0.15140872368796396;0.0725830103446137;0.006198745360259357;0.03312089843175478;2684354720;44090656770;29610352866;18257944576;95;168;297;191;-7.739769288439861;0.09375;0.046875;random_174
2;0.22350086628715765;0.0027692807665022075;0.05262966994137647;0.43884178522662964;0.04310337257013177;0.00745609202988119;0.05762348469859703;0.17407544847972403;2952790176;44090656770;64229881568;18257936384;90;201;237;223;-7.831952963351711;0.09375;0.046875;random_174
3;0.22350086628715765;0.0027692807665022075;0.05262966994137647;0.43884178522662964;0.04310337257013177;0.00745609202988119;0.05762348469859703;0.17407544847972403;2952790176;44090656770;64229881568;18257936384;90;201;237;223;-7.886907146226282;0.078125;0.03125;random_174
4;0.22350086628715765;0.0027692807665022075;0.05262966994137647;0.43884178522662964;0.04310337257013177;0.00745609202988119;0.05762348469859703;0.17407544847972403;2952790176;44090656770;64229881568;18257936384;90;201;237;223;-7.886907146226282;0.078125;;random_174
0;0.0918649721685245;0.10708302923344183;0.058960202068297995;0.14270787276607638;0.29012404490471094;0.2672105566114832;0.03466993926233891;0.007379382985126273;1073881088;2147483680;29610352866;12684239042;192;67;295;197;;;;random_175
1;0.1630698429893746;0.00407268318921882;0.09797735637200568;0.2025790815233156;0.07132255533094715;0.3329994162083449;0.0012882034078602433;0.12669086097893295;1073872896;3221356576;29610352866;12684239042;167;80;301;203;-7.812248170046235;0.09375;0.046875;random_175
2;0.1630698429893746;0.00407268318921882;0.09797735637200568;0.2025790815233156;0.07132255533094715;0.3329994162083449;0.0012882034078602433;0.12669086097893295;1073872896;3221356576;29610352866;12684239042;168;80;301;202;-7.805234586531407;0.09375;0.03125;random_175
3;0.1630698429893746;0.00407268318921882;0.09797735637200568;0.2025790815233156;0.07132255533094715;0.3329994162083449;0.0012882034078602433;0.12669086097893295;1073872896;3221356576;29610352866;12684239042;168;80;301;202;-7.805163464421008;0.078125;;random_175
0;0.264644725130615;0.15819417086217405;0.05895501579929997;0.19838783820218278;0.18972080944257935;0.03595365852053569;0.07645109353084517;0.01769268851176815;9126805634;2415919136;29610352866;18257944576;102;51;372;226;;;;random_176
1;0.26400356727738417;0.13972626508717423;0.03191848428753177;0.3958529056178151;0.08658313179424464;0.012663840306161888;0.06594451750872049;0.003307288120967658;10200686722;2415919136;29530141040;18811592704;190;53;214;294;-7.846640603924999;0.078125;0.03125;random_176
2;0.22350086628715765;0.0027692807665022075;0.05262966994137647;0.43884178522662964;0.04310337257013177;0.00745609202988119;0.05762348469859703;0.17407544847972403;10200690818;2415919136;29058605408;18257944576;276;56;187;232;-7.909930823353837;0.09375;0.046875;random_176
3;0.22350086628715765;0.0027692807665022075;0.05262966994137647;0.43884178522662964;0.04310337257013177;0.00745609202988119;0.05762348469859703;0.17407544847972403;10200690818;2415919136;29058605408;18257944576;276;56;187;232;-7.8712038289921615;0.078125;0.046875;random_176
4;0.22350086628715765;0.0027692807665022075;0.05262966994137647;0.43884178522662964;0.04310337257013177;0.00745609202988119;0.05762348469859703;0.17407544847972403;10200690818;2415919136;29058605408;18257944576;276;56;187;232;-7.8712038289921615;0.09375;;random_176
0;0.11512206813040085;0.07257823559427315;0.1060026274470685;0.3760231453674831;0.027153817134646326;0.055873856280609625;0.0736029344606851;0.17364331558483348;34359740416;63971487074;1073872896;12348170466;54;316;132;249;;;;random_177
1;0.2386025954948081;0.1300942486439712;0.04380125624453721;0.27290622446741986;0.09032836008664068;0.00559777767628149;0.014044638920681467;0.20462489846565995;35433613312;64163117378;1073872896;12348170466;92;260;115;284;-7.7676206264159005;0.09375;0.046875;random_177
2;0.3587451534834802;0.06983747711903127;0.009503202814100446;0.12229479343965617;0.1995317687719363;0.11098038876385158;0.019546778525275588;0.10956043708266854;35433613312;64163117378;1073881088;12348170466;86;281;124;260;-7.773055565363428;0.078125;0.0625;random_177
3;0.2380546354771868;0.11173900989189237;0.026105787627590093;0.2538020055267487;0.04185444016434565;0.24887557479368702;0.006384928033296779;0.07318361848525257;35433613312;64163117378;1073881088;29565784290;81;190;125;355;-7.770002576768534;0.09375;0.03125;random_177
4;0.2380546354771868;0.11173900989189237;0.026105787627590093;0.2538020055267487;0.04185444016434565;0.24887557479368702;0.006384928033296779;0.07318361848525257;35433613312;64163117378;1073881088;29565784290;81;192;125;353;-7.817607901263529;0.078125;0.046875;random_177
5;0.2380546354771868;0.11173900989189237;0.026105787627590093;0.2538020055267487;0.04185444016434565;0.24887557479368702;0.006384928033296779;0.07318361848525257;35433613312;64163117378;1073881088;29565784290;81;192;125;353;-7.817185487582066;0.078125;;random_177
0;0.0697387953246972;0.059540828821949526;0.17520156517375696;0.23297350461784033;0.1246491661135403;0.220410013639306;0.09258270344352057;0.02490342286538911;2415919104;9663815682;29610352866;1073881088;81;120;406;144;;;;random_178
1;0.1630698429893746;0.00407268318921882;0.09797735637200568;0.2025790815233156;0.07132255533094715;0.3329994162083449;0.0012882034078602433;0.12669086097893295;37849409536;9663815682;29610352866;1073872896;117;129;362;143;-7.821982779493785;0.078125;0.046875;random_178
2;0.1630698429893746;0.00407268318921882;0.09797735637200568;0.2025790815233156;0.07132255533094715;0.3329994162083449;0.0012882034078602433;0.12669086097893295;37849409536;9663815682;29610352866;1073872896;117;129;362;143;-7.845880526897592;0.09375;0.046875;random_178
3;0.1630698429893746;0.00407268318921882;0.09797735637200568;0.2025790815233156;0.07132255533094715;0.3329994162083449;0.0012882034078602433;0.12669086097893295;37849409536;9663815682;29610352866;1073872896;117;129;362;143;-7.845880526897592;0.09375;;random_178
0;0.08448698386180938;0.06120485366191194;0.10197929283852589;0.13580037303302422;0.09529167382249808;0.19328265509216158;0.18286667558941688;0.14508749210065192;2684354720;46802282550;29602427378;18257936384;80;211;266;194;;;;random_179
1;0.22350086628715765;0.0027692807665022075;0.05262966994137647;0.43884178522662964;0.04310337257013177;0.00745609202988119;0.05762348469859703;0.17407544847972403;2952790176;46506575906;64229881568;18257936384;91;208;229;223;-7.757779164742248;0.09375;0.046875;random_179
2;0.22350086628715765;0.0027692807665022075;0.05262966994137647;0.43884178522662964;0.04310337257013177;0.00745609202988119;0.05762348469859703;0.17407544847972403;2952790176;46506575906;64229881568;18257936384;91;208;229;223;-7.886525219607982;0.09375;0.046875;random_179
3;0.22350086628715765;0.0027692807665022075;0.05262966994137647;0.43884178522662964;0.04310337257013177;0.00745609202988119;0.05762348469859703;0.17407544847972403;2952790176;46506575906;64229881568;18257936384;91;208;229;223;-7.886525219607982;0.09375;;random_179
0;0.15325556983544686;0.13380755430685523;0.019052894137867055;0.1747914693459351;0.13577558112524185;0.18987845264278944;0.02840976911574692;0.16502870949011755;2684354720;46707902626;9730924610;1073881088;141;294;163;153;;;;random_18
1;0.2366789100818342;0.1819432033667347;0.02595492144120827;0.25233527557337193;0.12282527776671816;0.1402530047885955;0.006348029328823759;0.033661377652713445;2684354720;46707902626;9730924610;1073881088;112;277;195;167;-7.819132532254672;0.078125;0.046875;random_18
2;0.2500791569798219;0.2354027773027801;0.014862273932091507;0.2486842722487812;0.05416282486031248;0.14072914265149306;0.02574566700541392;0.030333885019305878;2684354720;63352015138;27384742082;1073881088;98;245;285;123;-7.843910119280091;0.078125;0.046875;random_18
3;0.2500791569798219;0.2354027773027801;0.014862273932091507;0.2486842722487812;0.05416282486031248;0.14072914265149306;0.02574566700541392;0.030333885019305878;2684354720;63352015138;27384742082;1073881088;98;245;285;123;-7.828206741662896;0.078125;0.03125;random_18
4;0.2500791569798219;0.2354027773027801;0.014862273932091507;0.2486842722487812;0.05416282486031248;0.14072914265149306;0.02574566700541392;0.030333885019305878;2684354720;63352015138;27384742082;1073881088;98;245;285;123;-7.828206741662896;0.09375;;random_18
0;0.1313317502927491;0.03531806019604696;0.10647765212180461;0.1889179853056063;0.07640528246361199;0.027889232215487426;0.24349513432464495;0.1901649030800487;2415919136;46506575906;26915008834;1610752128;30;194;304;223;;;;random_180
1;0.22350086628715765;0.0027692807665022075;0.05262966994137647;0.43884178522662964;0.04310337257013177;0.00745609202988119;0.05762348469859703;0.17407544847972403;2415919136;46506575906;26847879232;1610752128;58;220;256;217;-7.770576324998689;0.078125;0.046875;random_180
2;0.22350086628715765;0.0027692807665022075;0.05262966994137647;0.43884178522662964;0.04310337257013177;0.00745609202988119;0.05762348469859703;0.17407544847972403;2415919136;46506575906;26847879232;1610752128;58;220;256;217;-7.8594745906711605;0.078125;0.046875;random_180
3;0.22350086628715765;0.0027692807665022075;0.05262966994137647;0.43884178522662964;0.04310337257013177;0.00745609202988119;0.05762348469859703;0.17407544847972403;2415919136;46506575906;26847879232;1610752128;58;220;256;217;-7.8594745906711605;0.078125;;random_180
0;0.11386450491371097;0.14666171435385467;0.15464662423834052;0.08947006108113117;0.16307477361231817;0.16959466091958653;0.0502538854095517;0.11243377547150624;2684354720;44090656770;29602427378;18257936384;102;184;298;167;;;;random_181
1;0.2380546354771868;0.11173900989189237;0.026105787627590093;0.2538020055267487;0.04185444016434565;0.24887557479368702;0.006384928033296779;0.07318361848525257;3758620832;44090656770;29610352866;18257944576;154;181;264;152;-7.768746534278406;0.078125;0.046875;random_181
2;0.2366789100818342;0.1819432033667347;0.02595492144120827;0.25233527557337193;0.12282527776671816;0.1402530047885955;0.006348029328823759;0.033661377652713445;3758620832;44090656770;29610352866;18257944576;151;187;274;139;-7.8367259602137445;0.078125;0.046875;random_181
3;0.2366789100818342;0.1819432033667347;0.02595492144120827;0.25233527557337193;0.12282527776671816;0.1402530047885955;0.006348029328823759;0.033661377652713445;3758620832;44090656770;29610352866;18257944576;151;187;274;139;-7.8463651437252935;0.078125;;random_181
0;0.09628308480979664;0.09836052033931605;0.1714467022507935;0.05580212869388586;0.17981566464006424;0.16494988740756952;0.08387503678663016;0.14946697507194406;2684354720;46802282550;29603398050;18257936384;82;258;180;231;;;;random_182
1;0.3016176189272004;0.10193670544697452;0.27013507186467317;0.1313899352092155;0.08471129656344221;0.01939519214028773;0.022878840953367317;0.06793533889483921;4026540160;44090656770;29602427378;18257936384;140;170;272;169;-7.730130277907752;0.078125;0.046875;random_182
2;0.3139298457899254;0.13312793851288673;0.07620002389859831;0.3771594499170035;0.06134704904155639;0.012065812770161064;0.023018772800681403;0.003151107269187277;3760324640;44090656770;29540626790;18257944576;132;175;258;186;-7.7835747861335145;0.078125;0.046875;random_182
3;0.22350086628715765;0.0027692807665022075;0.05262966994137647;0.43884178522662964;0.04310337257013177;0.00745609202988119;0.05762348469859703;0.17407544847972403;4026540160;44090656770;29532451296;18257936384;155;201;205;190;-7.856874019560354;0.09375;0.046875;random_182
4;0.22350086628715765;0.0027692807665022075;0.05262966994137647;0.43884178522662964;0.04310337257013177;0.00745609202988119;0.05762348469859703;0.17407544847972403;4026540160;44090656770;29532451296;18257936384;155;201;205;190;-7.899289509538634;0.078125;0.046875;random_182
5;0.22350086628715765;0.0027692807665022075;0.05262966994137647;0.43884178522662964;0.04310337257013177;0.00745609202988119;0.05762348469859703;0.17407544847972403;4026540160;44090656770;29532451296;18257936384;155;201;205;190;-7.899289509538634;0.078125;;random_182
0;0.18590455626723507;0.1638700423426407;0.07731462150445347;0.047488820231354506;0.1623308580755313;0.20377503295635446;0.003928846337722984;0.15538722228470755;536871040;44090656770;11819556962;18796904576;58;202;267;224;;;;random_183
1;0.30284465803722693;0.2320166896984448;0.04767912422960524;0.005090274013944461;0.10710423430224611;0.2752778208020763;0.00981840200930241;0.020168796907153657;536871040;44090656770;29610352866;18796904576;20;190;289;252;-7.785973155215279;0.078125;0.0625;random_183
2;0.2629551623740104;0.20145637274419195;0.10957574579751353;0.007279040690199292;0.09299688990528335;0.23901931946270535;0.06920522595077958;0.017512243075316524;536871040;44090656770;29534331042;18796904576;24;193;293;241;-7.802559832750602;0.09375;0.046875;random_183
3;0.2629551623740104;0.20145637274419195;0.10957574579751353;0.007279040690199292;0.09299688990528335;0.23901931946270535;0.06920522595077958;0.017512243075316524;536871040;44090656770;29534331042;18796904576;24;193;293;241;-7.790540244185944;0.078125;0.046875;random_183
4;0.2629551623740104;0.20145637274419195;0.10957574579751353;0.007279040690199292;0.09299688990528335;0.23901931946270535;0.06920522595077958;0.017512243075316524;536871040;44090656770;29534331042;18796904576;24;193;293;241;-7.790540244185944;0.09375;;random_183
0;0.10215760712273787;0.20716207795285627;0.07415422377286023;0.1093803032960041;0.11874142846834064;0.032395211835193366;0.16444300675586038;0.19156614079614706;2684354720;46802282550;26915008834;18257936384;108;268;214;161;;;;random_184
1;0.3567195224266551;0.215117796306277;0.032332478374300755;0.1306438571982938;0.01770850384796638;0.04971825048092208;0.0317655400005418;0.16599405136504314;2684354720;64271383026;9730924610;18257936384;90;325;146;190;-7.743420366568389;0.09375;0.046875;random_184
2;0.3213706583755633;0.11903814318268968;0.017556143254973008;0.27872367736218245;0.15140872368796396;0.0725830103446137;0.006198745360259357;0.03312089843175478;2684354720;64271383026;9730924610;18257944576;88;320;144;199;-7.820304631777585;0.09375;0.0625;random_184
3;0.2366789100818342;0.1819432033667347;0.02595492144120827;0.25233527557337193;0.12282527776671816;0.1402530047885955;0.006348029328823759;0.033661377652713445;2684354720;64271383026;9730924610;18257944576;96;314;153;188;-7.826796562547222;0.078125;0.046875;random_184
4;0.2500791569798219;0.2354027773027801;0.014862273932091507;0.2486842722487812;0.05416282486031248;0.14072914265149306;0.02574566700541392;0.030333885019305878;2684354720;64271383026;9730924610;1073881088;100;328;159;164;-7.831197198036696;0.09375;0.046875;random_184
5;0.2500791569798219;0.2354027773027801;0.014862273932091507;0.2486842722487812;0.05416282486031248;0.14072914265149306;0.02574566700541392;0.030333885019305878;2684354720;64271383026;9730924610;1073881088;99;329;159;164;-7.841244786719072;0.09375;0.046875;random_184
6;0.2500791569798219;0.2354027773027801;0.014862273932091507;0.2486842722487812;0.05416282486031248;0.14072914265149306;0.02574566700541392;0.030333885019305878;2684354720;64271383026;9730924610;1073881088;99;329;159;164;-7.840863336200382;0.09375;;random_184
0;0.013439710020363921;0.06762614663980965;0.008829491837106537;0.22199682119547964;0.1548379804664184;0.22377371525808815;0.12335033972279955;0.1861457948599341;536871040;29610352866;2415919104;35433613312;56;463;87;145;;;;random_185
1;0.1630698429893746;0.00407268318921882;0.09797735637200568;0.2025790815233156;0.07132255533094715;0.3329994162083449;0.0012882034078602433;0.12669086097893295;1610752128;29610352866;3489800192;1073872896;133;399;100;119;-7.773110218074538;0.078125;0.046875;random_185
2;0.1630698429893746;0.00407268318921882;0.09797735637200568;0.2025790815233156;0.07132255533094715;0.3329994162083449;0.0012882034078602433;0.12669086097893295;1610752128;29610352866;3489800192;1073872896;134;397;101;119;-7.836595514474449;0.078125;0.046875;random_185
3;0.1630698429893746;0.00407268318921882;0.09797735637200568;0.2025790815233156;0.07132255533094715;0.3329994162083449;0.0012882034078602433;0.12669086097893295;1610752128;29610352866;3489800192;1073872896;134;397;101;119;-7.83730789124835;0.078125;;random_185
0;0.09272527288133911;0.08762484244297697;0.0936796916606828;0.16292245614329434;0.08902015670238818;0.22297996666249856;0.2435123529158097;0.007535260591010172;536871040;2684354720;26915008834;29800661154;31;94;331;295;;;;random_186
1;0.202890474072256;0.00899550333641114;0.06886443300443222;0.292301485145076;0.11603315509702923;0.27949548597343776;0.028977330912956824;0.0024421324584007484;1610752128;2147483680;26915008834;29800661154;180;99;200;272;-7.748427322992433;0.078125;0.03125;random_186
2;0.20642446111882667;0.03247375426306101;0.008323848523663028;0.2607266687233741;0.10171287090797551;0.31275183634833637;0.0006962130348169285;0.07689034707994648;1073881088;2147483680;26847748162;29800661154;190;104;171;286;-7.851467497376656;0.078125;0.046875;random_186
3;0.2380546354771868;0.11173900989189237;0.026105787627590093;0.2538020055267487;0.04185444016434565;0.24887557479368702;0.006384928033296779;0.07318361848525257;1073881088;2147483680;26847748162;29800661154;164;93;201;293;-7.8377297621748365;0.09375;0.03125;random_186
4;0.20642446111882667;0.03247375426306101;0.008323848523663028;0.2607266687233741;0.10171287090797551;0.31275183634833637;0.0006962130348169285;0.07689034707994648;1073881088;2147483680;26847748162;29800661154;190;104;171;286;-7.84410659319082;0.078125;0.046875;random_186
5;0.2380546354771868;0.11173900989189237;0.026105787627590093;0.2538020055267487;0.04185444016434565;0.24887557479368702;0.006384928033296779;0.07318361848525257;1073881088;2147483680;26847748162;29800661154;164;93;198;296;-7.8377297621748365;0.09375;0.046875;random_186
6;0.20642446111882667;0.03247375426306101;0.008323848523663028;0.2607266687233741;0.10171287090797551;0.31275183634833637;0.0006962130348169285;0.07689034707994648;1073881088;2147483680;26847748162;29800661154;190;104;171;286;-7.844077605832441;0.09375;;random_186
0;0.07517799949041479;0.043583237677613414;0.01644866329888259;0.08842485966547808;0.17347617603855386;0.3249777499615483;0.08612748403343541;0.19178382983407344;1610752128;29610352866;2415919104;9663807490;169;296;109;177;;;;random_187
1;0.1630698429893746;0.00407268318921882;0.09797735637200568;0.2025790815233156;0.07132255533094715;0.3329994162083449;0.0012882034078602433;0.12669086097893295;1073872896;29610352866;3489800192;9663815682;151;370;100;130;-7.821517247848034;0.078125;0.046875;random_187
2;0.1630698429893746;0.00407268318921882;0.09797735637200568;0.2025790815233156;0.07132255533094715;0.3329994162083449;0.0012882034078602433;0.12669086097893295;1073872896;29610352866;3489800192;9663815682;151;369;101;130;-7.852505927201398;0.09375;0.046875;random_187
3;0.1630698429893746;0.00407268318921882;0.09797735637200568;0.2025790815233156;0.07132255533094715;0.3329994162083449;0.0012882034078602433;0.12669086097893295;1073872896;29610352866;3489800192;9663815682;151;369;101;130;-7.852862733271729;0.078125;;random_187
0;0.1953584447423345;0.1402145007367543;0.16771550471734936;0.11579082962753265;0.2060440419210165;0.12370676077989193;0.009564030845738317;0.04160588662938244;1610752128;2147483680;61744482434;1073872896;115;121;412;103;;;;random_188
1;0.28352667924301206;0.1051106751065324;0.0436051392896673;0.008917201254994641;0.04581660859754534;0.3412105661438268;0.015738707729988453;0.15607442263443316;1610752128;29062463522;61207611458;1073872896;172;271;200;108;-7.811512437259089;0.09375;0.046875;random_188
2;0.35536557504575755;0.038265523519394884;0.00450023963246392;0.001360380912786598;0.016291722576489084;0.3531279735521729;0.10437146840750454;0.12671711635343055;18790621568;29058605408;61207611458;1073872896;239;274;158;80;-7.854046739845354;0.09375;0.046875;random_188
3;0.35536557504575755;0.038265523519394884;0.00450023963246392;0.001360380912786598;0.016291722576489084;0.3531279735521729;0.10437146840750454;0.12671711635343055;18790621568;29058605408;61207611458;1073872896;239;274;158;80;-7.848884329161288;0.09375;0.03125;random_188
4;0.35536557504575755;0.038265523519394884;0.00450023963246392;0.001360380912786598;0.016291722576489084;0.3531279735521729;0.10437146840750454;0.12671711635343055;18790621568;29058605408;61207611458;1073872896;239;274;158;80;-7.848884329161288;0.078125;;random_188
0;0.08115719611090046;0.120556197144809;0.15477229816520177;0.08282385346359356;0.14236683664101182;0.15836899832383394;0.06361073499955122;0.19634388515109819;536871040;29610352866;2415919104;1073872896;97;465;64;125;;;;random_189
1;0.173774107802524;0.005944439597428946;0.1460460754256834;0.05636071752935284;0.15193135180814402;0.2964315205646726;0.0005845289065144723;0.16892725836567982;1610752128;29610352866;3489800192;1073872896;137;383;107;124;-7.7930255268749145;0.078125;0.03125;random_189
2;0.173774107802524;0.005944439597428946;0.1460460754256834;0.05636071752935284;0.15193135180814402;0.2964315205646726;0.0005845289065144723;0.16892725836567982;1610752128;29610352866;3489800192;1073872896;137;383;107;124;-7.83074865801356;0.078125;0.046875;random_189
3;0.173774107802524;0.005944439597428946;0.1460460754256834;0.05636071752935284;0.15193135180814402;0.2964315205646726;0.0005845289065144723;0.16892725836567982;1610752128;29610352866;3489800192;1073872896;137;383;107;124;-7.83074865801356;0.09375;;random_189
0;0.04510371616776132;0.1708629604548954;0.034369133485471236;0.23538452646850322;0.22409026733197202;0.1579672263071506;0.11302325176729594;0.01919891801695032;1073881088;8589934594;2415919104;63355365730;166;106;66;413;;;;random_19
1;0.34884434049438995;0.00273272513097807;0.06775407423558436;0.38042746609519695;0.011189118644623321;0.09961849730817919;0.034426194101241654;0.05500758398980671;1073881088;9663815682;2415919104;63967544802;182;141;63;365;-7.835238146125862;0.078125;0.03125;random_19
2;0.22350086628715765;0.0027692807665022075;0.05262966994137647;0.43884178522662964;0.04310337257013177;0.00745609202988119;0.05762348469859703;0.17407544847972403;1073872896;9663815682;2415919136;63967544802;182;150;49;370;-7.8384115501686775;0.078125;0.0625;random_19
3;0.22350086628715765;0.0027692807665022075;0.05262966994137647;0.43884178522662964;0.04310337257013177;0.00745609202988119;0.05762348469859703;0.17407544847972403;1073872896;9663815682;2415919136;63967544802;182;150;49;370;-7.856384736235681;0.078125;0.046875;random_19
4;0.22350086628715765;0.0027692807665022075;0.05262966994137647;0.43884178522662964;0.04310337257013177;0.00745609202988119;0.05762348469859703;0.17407544847972403;1073872896;9663815682;2415919136;63967544802;182;150;49;370;-7.856384736235681;0.078125;;random_19
0;0.1245597597083888;0.16891527685756574;0.10659089139976836;0.14218884210855887;0.14773774119632035;0.17414002738774179;0.02882681805761701;0.10704064328403905;2684354720;44090656770;29610352866;1073872896;96;187;353;115;;;;random_190
1;0.2366789100818342;0.1819432033667347;0.02595492144120827;0.25233527557337193;0.12282527776671816;0.1402530047885955;0.006348029328823759;0.033661377652713445;2684354720;44090656770;29610352866;1073881088;96;185;317;153;-7.797729195663049;0.078125;0.03125;random_190
2;0.2366789100818342;0.1819432033667347;0.02595492144120827;0.25233527557337193;0.12282527776671816;0.1402530047885955;0.006348029328823759;0.033661377652713445;2684354720;44090656770;29610352866;1073881088;96;184;318;153;-7.838413235852575;0.09375;0.046875;random_190
3;0.2366789100818342;0.1819432033667347;0.02595492144120827;0.25233527557337193;0.12282527776671816;0.1402530047885955;0.006348029328823759;0.033661377652713445;2684354720;44090656770;29610352866;1073881088;96;184;318;153;-7.8386360253255765;0.078125;;random_190
0;0.09318634277000096;0.2008172920593171;0.02286153460543818;0.21374196974451512;0.1904393069902876;0.016059631771448472;0.10680125284485852;0.15609266921413406;536871040;29610352866;2415919136;35433613312;56;453;34;208;;;;random_191
1;0.22350086628715765;0.0027692807665022075;0.05262966994137647;0.43884178522662964;0.04310337257013177;0.00745609202988119;0.05762348469859703;0.17407544847972403;1610752128;29610352866;2415919136;1073872896;155;431;46;119;-7.795673985292649;0.078125;0.046875;random_191
2;0.22350086628715765;0.0027692807665022075;0.05262966994137647;0.43884178522662964;0.04310337257013177;0.00745609202988119;0.05762348469859703;0.17407544847972403;1610752128;29610352866;2415919136;1073872896;155;432;46;118;-7.872818554810086;0.078125;0.046875;random_191
3;0.22350086628715765;0.0027692807665022075;0.05262966994137647;0.43884178522662964;0.04310337257013177;0.00745609202988119;0.05762348469859703;0.17407544847972403;1610752128;29610352866;2415919136;1073872896;155;432;46;118;-7.872377247269405;0.078125;;random_191
0;0.17213995081779018;0.2113981269103533;0.18653188162477566;0.07251023274642024;0.11623702480215223;0.16365930197071585;0.03228403598548261;0.045239445142309966;10200686722;2415919136;29610352866;1073872896;200;70;399;82;;;;random_192
1;0.1630698429893746;0.00407268318921882;0.09797735637200568;0.2025790815233156;0.07132255533094715;0.3329994162083449;0.0012882034078602433;0.12669086097893295;10200686722;3489800192;29610352866;1073872896;178;98;339;136;-7.808161109896645;0.078125;0.046875;random_192
2;0.1630698429893746;0.00407268318921882;0.09797735637200568;0.2025790815233156;0.07132255533094715;0.3329994162083449;0.0012882034078602433;0.12669086097893295;10200686722;3489800192;29610352866;1073872896;178;99;338;136;-7.842309546982317;0.078125;0.03125;random_192
3;0.1630698429893746;0.00407268318921882;0.09797735637200568;0.2025790815233156;0.07132255533094715;0.3329994162083449;0.0012882034078602433;0.12669086097893295;10200686722;3489800192;29610352866;1073872896;178;99;338;136;-7.842662690606641;0.078125;;random_192
0;0.0919976404662648;0.057038437808749835;0.16496135851271804;0.11212343203953437;0.06668096678126648;0.16233626743810756;0.15393011244659466;0.19093178450676435;34359740416;63971487074;18258997248;1610752128;41;374;162;174;;;;random_193
1;0.223584513272791;0.0024228245091836844;0.0007499517741564548;0.08849820595175642;0.19082941339925263;0.252051913039166;0.01114813968452679;0.230715038369167;34359740416;63971487074;18257936384;1610752128;55;367;172;157;-7.73802568644274;0.078125;0.03125;random_193
2;0.24133863354290885;0.0034479921744328826;0.10899294801921862;0.00953337496740819;0.14839113593438724;0.2304924863812504;0.00859613419616861;0.24920729478422524;35433613312;29609828386;1073881088;1610752128;95;397;111;148;-7.801553380244032;0.078125;0.046875;random_193
3;0.2513448966457677;0.08915769942608719;0.016629634072666266;0.1181371434798492;0.2008391403663697;0.12327716479800704;0.007096098510675712;0.19351822270057709;35433613312;29610352866;1073872896;1610752128;113;402;107;129;-7.794361735574887;0.09375;0.046875;random_193
4;0.26365743551553666;0.14396072903925752;0.010811604327883657;0.07866960689985;0.17480035861382853;0.02968598097871914;0.030683119381106003;0.26773116524381846;35433613312;29610352866;1073872896;1610752128;142;362;117;130;-7.795066572025998;0.09375;0.03125;random_193
5;0.326285941382742;0.0635185918034378;0.008643354331733638;0.11122957736487912;0.18147816180187873;0.10093889846655026;0.01777818869520478;0.19012728615357374;35433613312;29610352866;1073872896;1610752128;109;412;108;122;-7.794838966704056;0.078125;0.046875;random_193
6;0.35206694389964255;0.24838557477533132;0.022495559963140233;0.015968218246313563;0.1405896304892291;0.13153222491131794;0.01137170991244835;0.07759013780257697;35433613312;29610352866;1073872896;1610752128;179;357;101;114;-7.806606317294905;0.09375;0.046875;random_193
7;0.23992456160785972;0.12006441414870732;0.01978625301337231;0.08363368697574342;0.15340255175144507;0.19609671057717268;0.0022166257565251458;0.18487519616917433;35433613312;29610352866;1073872896;1610752128;122;389;101;139;-7.801633045088973;0.09375;0.046875;random_193
8;0.33784642537932386;0.17065980344403034;0.005817594961374605;0.04414622843592747;0.18090102860280285;0.18368777986648022;0.005184859683723086;0.07175627962633749;35433613312;29610352866;1073872896;1610752128;147;384;99;121;-7.824720138014977;0.09375;0.046875;random_193
9;0.2380546354771868;0.11173900989189237;0.026105787627590093;0.2538020055267487;0.04185444016434565;0.24887557479368702;0.006384928033296779;0.07318361848525257;35433613312;29610352866;1073872896;1610752128;102;479;72;98;-7.803764316039655;0.09375;0.046875;random_193
10;0.2366789100818342;0.1819432033667347;0.02595492144120827;0.25233527557337193;0.12282527776671816;0.1402530047885955;0.006348029328823759;0.033661377652713445;35433613312;29610352866;1073872896;1610752128;134;449;75;93;-7.820082848811523;0.09375;0.046875;random_193
11;0.2366789100818342;0.1819432033667347;0.02595492144120827;0.25233527557337193;0.12282527776671816;0.1402530047885955;0.006348029328823759;0.033661377652713445;35433613312;29610352866;1073872896;1610752128;134;449;75;93;-7.8254918362826675;0.09375;;random_193
0;0.18743930669784728;0.09168504736825936;0.02820498660966293;0.1859644981208803;0.013219498496738858;0.0774861283154999;0.20346215646699425;0.21253837792411714;2684354720;44090656770;20405682208;18794832000;69;271;187;224;;;;random_194
1;0.40072647367377445;0.00310362567010429;0.0033302005369709063;0.3927380356007213;0.046225443549343416;0.03708592971439797;0.06602574663090753;0.05076454462378014;2684354720;29610352866;20405682208;18794832000;58;395;159;139;-7.764717676751711;0.078125;0.0625;random_194
2;0.26400356727738417;0.13972626508717423;0.03191848428753177;0.3958529056178151;0.08658313179424464;0.012663840306161888;0.06594451750872049;0.003307288120967658;2952790176;29540626790;20405682208;18811592704;54;395;118;184;-7.856752071439387;0.078125;0.03125;random_194
3;0.26400356727738417;0.13972626508717423;0.03191848428753177;0.3958529056178151;0.08658313179424464;0.012663840306161888;0.06594451750872049;0.003307288120967658;2952790176;29540626790;20405682208;18811592704;54;395;118;184;-7.852734136693507;0.078125;0.046875;random_194
4;0.26400356727738417;0.13972626508717423;0.03191848428753177;0.3958529056178151;0.08658313179424464;0.012663840306161888;0.06594451750872049;0.003307288120967658;2952790176;29540626790;20405682208;18811592704;54;395;118;184;-7.852734136693507;0.078125;;random_194
0;0.2086107574711213;0.2242700400399615;0.013826026509513999;0.16754927566120043;0.17809692601104482;0.11075959393171517;0.02233972623973188;0.07454765413571096;1073881088;2415919136;18794807424;29610352866;73;64;175;439;;;;random_195
1;0.29733882025190816;0.006585438005213238;0.09639513903075424;0.2184823345993384;0.06785395966563444;0.29924815921097253;0.009175559626182243;0.004920589609996752;1073881088;2415919104;18794807424;29602427378;85;82;179;405;-7.860794567506934;0.09375;0.03125;random_195
2;0.1630698429893746;0.00407268318921882;0.09797735637200568;0.2025790815233156;0.07132255533094715;0.3329994162083449;0.0012882034078602433;0.12669086097893295;1073872896;3489800192;18794807424;29602427378;112;100;174;365;-7.832079756814225;0.078125;0.046875;random_195
3;0.1630698429893746;0.00407268318921882;0.09797735637200568;0.2025790815233156;0.07132255533094715;0.3329994162083449;0.0012882034078602433;0.12669086097893295;1073872896;3489800192;18794807424;29602427378;112;100;174;365;-7.8369710359870925;0.09375;0.046875;random_195
4;0.1630698429893746;0.00407268318921882;0.09797735637200568;0.2025790815233156;0.07132255533094715;0.3329994162083449;0.0012882034078602433;0.12669086097893295;1073872896;3489800192;18794807424;29602427378;112;100;174;365;-7.8369710359870925;0.078125;;random_195
0;0.1272335823019859;0.1546568660032978;0.21002541294686833;0.25675023732751034;0.11289177230766187;0.11691576346462715;0.0069987448797712674;0.014527620768277443;1073881088;2147483680;44561336450;18796904576;97;98;323;233;;;;random_196
1;0.2441244005920019;0.04939205777556296;0.12108195531651333;0.2920153115358364;0.20517916463077104;0.04400258728022967;0.004106021191215524;0.04009850167786911;1073881088;2147483680;46707902626;18794807424;87;54;370;240;-7.809537070751701;0.078125;0.046875;random_196
2;0.22350086628715765;0.0027692807665022075;0.05262966994137647;0.43884178522662964;0.04310337257013177;0.00745609202988119;0.05762348469859703;0.17407544847972403;1073872896;2415919136;63355365730;18794807424;97;39;404;211;-7.829011362956324;0.078125;0.046875;random_196
3;0.22350086628715765;0.0027692807665022075;0.05262966994137647;0.43884178522662964;0.04310337257013177;0.00745609202988119;0.05762348469859703;0.17407544847972403;1073872896;2415919136;63355365730;18794807424;97;39;404;211;-7.871984608810131;0.09375;0.03125;random_196
4;0.22350086628715765;0.0027692807665022075;0.05262966994137647;0.43884178522662964;0.04310337257013177;0.00745609202988119;0.05762348469859703;0.17407544847972403;1073872896;2415919136;63355365730;18794807424;97;39;404;211;-7.871984608810131;0.078125;;random_196
0;0.04506594944141524;0.1293911427001882;0.10982613153991345;0.13455529093261112;0.1344032918948642;0.14972373172348558;0.12590822393632617;0.17112623783119613;536871040;29610352866;2415919104;35433613312;70;465;57;159;;;;random_197
1;0.3427249026034941;0.05116266297176817;0.011060137133342675;0.041071481623078464;0.17874459560888623;0.2212343173170999;0.029239444239926048;0.12476245850240444;1610752128;29610352866;2415919104;1073872896;158;383;75;135;-7.768940289618713;0.09375;0.046875;random_197
2;0.1630698429893746;0.00407268318921882;0.09797735637200568;0.2025790815233156;0.07132255533094715;0.3329994162083449;0.0012882034078602433;0.12669086097893295;1610752128;29610352866;3489800192;1073872896;134;397;101;119;-7.817244167080247;0.09375;0.046875;random_197
3;0.1630698429893746;0.00407268318921882;0.09797735637200568;0.2025790815233156;0.07132255533094715;0.3329994162083449;0.0012882034078602433;0.12669086097893295;1610752128;29610352866;3489800192;1073872896;133;399;100;119;-7.83730789124835;0.09375;0.03125;random_197
4;0.1630698429893746;0.00407268318921882;0.09797735637200568;0.2025790815233156;0.07132255533094715;0.3329994162083449;0.0012882034078602433;0.12669086097893295;1610752128;29610352866;3489800192;1073872896;133;399;100;119;-7.836595514474449;0.078125;;random_197
0;0.18727741271594225;0.12224720727314217;0.12254734784164466;0.0071398115237389795;0.20805098698341204;0.027414909854655927;0.1542572510419381;0.1710650727655258;2684354720;42949675010;3221356576;27395236032;76;102;170;403;;;;random_198
1;0.28882027620187184;0.2630672031525234;0.0625246389594976;0.0851704203695546;0.013012944448139604;0.0020609382178044303;0.008438493127919847;0.2769050855226887;4026540160;44090656770;3489792032;27453816896;158;205;128;260;-7.765310341277983;0.078125;0.03125;random_198
2;0.11087684162754623;0.27886963336158577;0.08188371305838223;0.086645741524473;0.12310991386830243;0.012388078847863998;0.0028737857519388807;0.30335229195990754;3758620832;44090656770;3489792032;27453816896;158;215;118;260;-7.792838709352702;0.078125;0.03125;random_198
3;0.11087684162754623;0.27886963336158577;0.08188371305838223;0.086645741524473;0.12310991386830243;0.012388078847863998;0.0028737857519388807;0.30335229195990754;3758620832;44090656770;3489792032;27453816896;159;215;118;259;-7.798537045661525;0.078125;0.046875;random_198
4;0.11087684162754623;0.27886963336158577;0.08188371305838223;0.086645741524473;0.12310991386830243;0.012388078847863998;0.0028737857519388807;0.30335229195990754;3758620832;44090656770;3489792032;27453816896;159;215;118;259;-7.798458290696425;0.09375;;random_198
0;0.10232909053601659;0.053996641621171224;0.027089898668538965;0.20534309525476704;0.1241631459556468;0.19577322734564484;0.251096890181656;0.04020801043655855;2684354720;46802282550;29632917990;18257936384;59;213;278;201;;;;random_199
1;0.22350086628715765;0.0027692807665022075;0.05262966994137647;0.43884178522662964;0.04310337257013177;0.00745609202988119;0.05762348469859703;0.17407544847972403;2684354720;46506575906;29058605408;18257936384;106;204;208;233;-7.792951286465565;0.09375;0.046875;random_199
2;0.22350086628715765;0.0027692807665022075;0.05262966994137647;0.43884178522662964;0.04310337257013177;0.00745609202988119;0.05762348469859703;0.17407544847972403;2684354720;46506575906;29058605408;18257936384;106;204;208;233;-7.898021290110449;0.078125;0.03125;random_199
3;0.22350086628715765;0.0027692807665022075;0.05262966994137647;0.43884178522662964;0.04310337257013177;0.00745609202988119;0.05762348469859703;0.17407544847972403;2684354720;46506575906;29058605408;18257936384;106;204;208;233;-7.898021290110449;0.078125;;random_199
0;0.0036622273199138377;0.15081527378556542;0.14095018761576092;0.15758826916774168;0.17726047968299713;0.14475431771759914;0.08358933159797828;0.14137991311244355;536871040;29610352866;2415919104;35433613312;51;493;63;144;;;;random_2
1;0.1630698429893746;0.00407268318921882;0.09797735637200568;0.2025790815233156;0.07132255533094715;0.3329994162083449;0.0012882034078602433;0.12669086097893295;1610752128;29610352866;3489800192;1073872896;133;399;100;119;-7.744794433633696;0.125;0.046875;random_2
2;0.1630698429893746;0.00407268318921882;0.09797735637200568;0.2025790815233156;0.07132255533094715;0.3329994162083449;0.0012882034078602433;0.12669086097893295;1610752128;29610352866;3489800192;1073872896;134;397;101;119;-7.836595514474449;0.09375;0.046875;random_2
3;0.1630698429893746;0.00407268318921882;0.09797735637200568;0.2025790815233156;0.07132255533094715;0.3329994162083449;0.0012882034078602433;0.12669086097893295;1610752128;29610352866;3489800192;1073872896;134;397;101;119;-7.83730789124835;0.078125;;random_2
0;0.14111060436843936;0.09176518739114266;0.1460933445138444;0.17529493811202682;0.1973770432852979;0.17315449478956316;0.002370107977500627;0.07283427956218515;2415919104;46707902626;29610352866;1073881088;64;202;363;122;;;;random_20
1;0.22103738533750877;0.09897927894087459;0.1405391727087729;0.2020718870880258;0.05455944957114942;0.2717547839492319;0.003921606738696804;0.007136435665739789;2415919104;46707902626;29610352866;1073881088;74;202;323;152;-7.794608431974178;0.078125;0.046875;random_20
2;0.2380546354771868;0.11173900989189237;0.026105787627590093;0.2538020055267487;0.04185444016434565;0.24887557479368702;0.006384928033296779;0.07318361848525257;2415919104;61744482434;29610352866;1073881088;70;205;335;141;-7.800056667634713;0.078125;0.046875;random_20
3;0.2380546354771868;0.11173900989189237;0.026105787627590093;0.2538020055267487;0.04185444016434565;0.24887557479368702;0.006384928033296779;0.07318361848525257;2415919104;61744482434;29610352866;1073881088;70;205;335;141;-7.83453393256829;0.09375;0.046875;random_20
4;0.2380546354771868;0.11173900989189237;0.026105787627590093;0.2538020055267487;0.04185444016434565;0.24887557479368702;0.006384928033296779;0.07318361848525257;2415919104;61744482434;29610352866;1073881088;70;205;335;141;-7.83453393256829;0.078125;;random_20
0;0.2028177688076788;0.09082658181553294;0.067358058282089;0.20808944515391187;0.21859019246882777;0.043886149377036505;0.14493330173735092;0.023498502357572122;536871040;2415919136;1073872896;29610352866;48;39;151;513;;;;random_200
1;0.22350086628715765;0.0027692807665022075;0.05262966994137647;0.43884178522662964;0.04310337257013177;0.00745609202988119;0.05762348469859703;0.17407544847972403;1610752128;2415919136;1073872896;29610352866;155;46;119;431;-7.805139617805217;0.09375;0.046875;random_200
2;0.22350086628715765;0.0027692807665022075;0.05262966994137647;0.43884178522662964;0.04310337257013177;0.00745609202988119;0.05762348469859703;0.17407544847972403;1610752128;2415919136;1073872896;29610352866;155;46;118;432;-7.872818554810086;0.09375;0.046875;random_200
3;0.22350086628715765;0.0027692807665022075;0.05262966994137647;0.43884178522662964;0.04310337257013177;0.00745609202988119;0.05762348469859703;0.17407544847972403;1610752128;2415919136;1073872896;29610352866;155;46;118;432;-7.872377247269405;0.078125;;random_200
0;0.13483384621290742;0.17137413523561676;0.1417907299705126;0.08644864354268204;0.07935043693739086;0.08143350267923373;0.12215609451628635;0.18261261090537043;2684354720;46802282550;26915008834;18257936384;121;270;178;182;;;;random_201
1;0.23100146817560832;0.28560526106641454;0.048180961704098677;0.07155834578377031;0.1489056167349243;0.024893341860084312;0.01694696935742803;0.1729080353176716;2684354720;64205240658;9730924610;1073872896;145;333;143;130;-7.741912327515281;0.09375;0.046875;random_201
2;0.23100146817560832;0.28560526106641454;0.048180961704098677;0.07155834578377031;0.1489056167349243;0.024893341860084312;0.01694696935742803;0.1729080353176716;2684354720;64205240658;9730924610;1073872896;146;332;143;130;-7.80275961143092;0.09375;0.03125;random_201
3;0.23100146817560832;0.28560526106641454;0.048180961704098677;0.07155834578377031;0.1489056167349243;0.024893341860084312;0.01694696935742803;0.1729080353176716;2684354720;64205240658;9730924610;1073872896;146;332;143;130;-7.802748776940546;0.078125;;random_201
0;0.31468402921282324;0.01813101945139305;0.06151732736708954;0.03801150176895527;0.06548438264267348;0.11739954312809621;0.17156736316844062;0.21320483326052853;34896611456;2147483680;26915008834;29534331042;87;56;259;349;;;;random_202
1;0.3310389393792861;0.01910381444899541;0.09102043589922114;0.08553560419947706;0.08319288485292389;0.10114580301757789;0.02737587598855686;0.2615866422139616;35970484352;2147483680;26847870978;29610352866;155;60;235;301;-7.781161605215507;0.09375;0.03125;random_202
2;0.299162776378207;0.0023435370518073407;0.05061484071292489;0.1970743608872093;0.1932657499957611;0.009595591530040902;0.031612117135623855;0.21633102630842568;1610752128;2415919136;26847870978;29610352866;181;53;213;304;-7.785627894747174;0.078125;0.046875;random_202
3;0.22350086628715765;0.0027692807665022075;0.05262966994137647;0.43884178522662964;0.04310337257013177;0.00745609202988119;0.05762348469859703;0.17407544847972403;1610752128;2415919136;26847870978;64229881568;198;57;252;244;-7.804943609820688;0.078125;0.046875;random_202
4;0.22350086628715765;0.0027692807665022075;0.05262966994137647;0.43884178522662964;0.04310337257013177;0.00745609202988119;0.05762348469859703;0.17407544847972403;1610752128;2415919136;26847870978;64229881568;198;57;252;244;-7.852620063505361;0.09375;0.046875;random_202
5;0.22350086628715765;0.0027692807665022075;0.05262966994137647;0.43884178522662964;0.04310337257013177;0.00745609202988119;0.05762348469859703;0.17407544847972403;1610752128;2415919136;26847870978;64229881568;198;57;252;244;-7.852620063505361;0.09375;;random_202
0;0.12040176397672228;0.14638002961340071;0.16265691208380234;0.10900763157116486;0.1390213220739152;0.12794952560203884;0.05057405382905011;0.14400876124990558;2684354720;46707902626;27380421058;18257936384;94;257;207;193;;;;random_203
1;0.2612206543758201;0.12298541394328338;0.08618795032956693;0.3612386279953682;0.08139311465758489;0.015019051858791096;0.04411887907697158;0.027836307762614036;2684354720;46707902626;29532451296;18257936384;88;242;215;206;-7.76824650928778;0.078125;0.046875;random_203
2;0.22350086628715765;0.0027692807665022075;0.05262966994137647;0.43884178522662964;0.04310337257013177;0.00745609202988119;0.05762348469859703;0.17407544847972403;2684354720;46506575906;29058605408;18257936384;106;204;208;233;-7.8667505741442;0.078125;0.046875;random_203
3;0.22350086628715765;0.0027692807665022075;0.05262966994137647;0.43884178522662964;0.04310337257013177;0.00745609202988119;0.05762348469859703;0.17407544847972403;2684354720;46506575906;29058605408;18257936384;106;204;208;233;-7.898021290110449;0.09375;0.03125;random_203
4;0.22350086628715765;0.0027692807665022075;0.05262966994137647;0.43884178522662964;0.04310337257013177;0.00745609202988119;0.05762348469859703;0.17407544847972403;2684354720;46506575906;29058605408;18257936384;106;204;208;233;-7.898021290110449;0.078125;;random_203
0;0.014283327797470054;0.00012269659029302038;0.0914295129415326;0.1543453265316264;0.21321977105999446;0.033992315504677684;0.22479230509970125;0.2678147444747045;34359740416;29609828386;2415919104;1610752128;23;429;23;276;;;;random_204
1;0.22350086628715765;0.0027692807665022075;0.05262966994137647;0.43884178522662964;0.04310337257013177;0.00745609202988119;0.05762348469859703;0.17407544847972403;1073872896;29610352866;2415919136;1610752128;127;431;46;147;-7.742416732810515;0.078125;0.03125;random_204
2;0.22350086628715765;0.0027692807665022075;0.05262966994137647;0.43884178522662964;0.04310337257013177;0.00745609202988119;0.05762348469859703;0.17407544847972403;1073872896;29610352866;2415919136;1610752128;126;432;46;147;-7.872677291359974;0.078125;0.046875;random_204
3;0.22350086628715765;0.0027692807665022075;0.05262966994137647;0.43884178522662964;0.04310337257013177;0.00745609202988119;0.05762348469859703;0.17407544847972403;1073872896;29610352866;2415919136;1610752128;126;432;46;147;-7.872178171884256;0.09375;;random_204
0;0.0440222509177742;0.09861561823099646;0.12352570858610351;0.10732960206807354;0.1900046364227627;0.22817814385597449;0.18979635492955563;0.01852768498875941;536871040;8589934594;2415919104;12348170466;55;70;104;522;;;;random_205
1;0.03379901133745165;0.009229863395055908;0.1021697361520277;0.21617204921416489;0.22323368334804478;0.3535120839966061;0.034289155376229945;0.02759441718041919;1073881088;9663815682;2415919104;29610352866;173;108;110;360;-7.774597939630156;0.078125;0.046875;random_205
2;0.1630698429893746;0.00407268318921882;0.09797735637200568;0.2025790815233156;0.07132255533094715;0.3329994162083449;0.0012882034078602433;0.12669086097893295;1073872896;9663815682;3489800192;29610352866;151;130;101;369;-7.852037641857817;0.078125;0.046875;random_205
3;0.1630698429893746;0.00407268318921882;0.09797735637200568;0.2025790815233156;0.07132255533094715;0.3329994162083449;0.0012882034078602433;0.12669086097893295;1073872896;9663815682;3489800192;29610352866;151;130;100;370;-7.852862733271729;0.078125;0.046875;random_205
4;0.1630698429893746;0.00407268318921882;0.09797735637200568;0.2025790815233156;0.07132255533094715;0.3329994162083449;0.0012882034078602433;0.12669086097893295;1073872896;9663815682;3489800192;29610352866;151;130;100;370;-7.852505927201398;0.078125;;random_205
0;0.2572957764276955;0.02128736212243768;0.07542738274296272;0.04893706565154867;0.0631365213726966;0.16887469695257185;0.21470409484950378;0.15033709988058316;34896611456;2147483680;25769804098;29534331042;84;51;102;514;;;;random_206
1;0.3257764062816763;0.015846737598229965;0.02538661126273391;0.05210030543905993;0.33769325553797436;0.08413220527698048;0.10378784056021695;0.055276638043127976;35970484352;2147483680;25773998146;29534331042;197;51;104;399;-7.748590404119434;0.078125;0.046875;random_206
2;0.40072647367377445;0.00310362567010429;0.0033302005369709063;0.3927380356007213;0.046225443549343416;0.03708592971439797;0.06602574663090753;0.05076454462378014;18794832000;2415919136;26847879232;29611143330;300;54;148;249;-7.794509821528358;0.078125;0.03125;random_206
3;0.22350086628715765;0.0027692807665022075;0.05262966994137647;0.43884178522662964;0.04310337257013177;0.00745609202988119;0.05762348469859703;0.17407544847972403;18794807424;2415919136;29058605408;29534331042;294;48;167;242;-7.917701201950639;0.078125;0.03125;random_206
4;0.22350086628715765;0.0027692807665022075;0.05262966994137647;0.43884178522662964;0.04310337257013177;0.00745609202988119;0.05762348469859703;0.17407544847972403;18794807424;2415919136;29058605408;29534331042;294;48;167;242;-7.9073020529385305;0.078125;0.046875;random_206
5;0.22350086628715765;0.0027692807665022075;0.05262966994137647;0.43884178522662964;0.04310337257013177;0.00745609202988119;0.05762348469859703;0.17407544847972403;18794807424;2415919136;29058605408;29534331042;294;48;167;242;-7.9073020529385305;0.09375;;random_206
0;0.19679632894655213;0.04927462888527921;0.15649044309244114;0.1784405922883452;0.11525794504357892;0.09355352876216311;0.12225429160005914;0.0879322413815812;34896611456;2147483680;1073881088;29610352866;64;48;143;496;;;;random_207
1;0.40072647367377445;0.00310362567010429;0.0033302005369709063;0.3927380356007213;0.046225443549343416;0.03708592971439797;0.06602574663090753;0.05076454462378014;34896611456;2147483680;1073881088;29610352866;67;56;163;465;-7.814642780390532;0.09375;0.03125;random_207
2;0.22350086628715765;0.0027692807665022075;0.05262966994137647;0.43884178522662964;0.04310337257013177;0.00745609202988119;0.05762348469859703;0.17407544847972403;1610752128;2415919136;1073872896;29610352866;155;46;118;432;-7.8249421764369345;0.078125;0.046875;random_207
3;0.22350086628715765;0.0027692807665022075;0.05262966994137647;0.43884178522662964;0.04310337257013177;0.00745609202988119;0.05762348469859703;0.17407544847972403;1610752128;2415919136;1073872896;29610352866;155;46;119;431;-7.872377247269405;0.09375;0.046875;random_207
4;0.22350086628715765;0.0027692807665022075;0.05262966994137647;0.43884178522662964;0.04310337257013177;0.00745609202988119;0.05762348469859703;0.17407544847972403;1610752128;2415919136;1073872896;29610352866;155;46;119;431;-7.872818554810086;0.078125;;random_207
0;0.14056918129620796;0.10556323866551916;0.10139466788502557;0.17605432418409267;0.023508938802971086;0.0421666800738061;0.21551439253768792;0.1952285765546895;536871040;42949675010;3221356576;27395236032;60;147;168;376;;;;random_208
1;0.22350086628715765;0.0027692807665022075;0.05262966994137647;0.43884178522662964;0.04310337257013177;0.00745609202988119;0.05762348469859703;0.17407544847972403;1610752128;46506575906;3489792032;27395236032;133;201;182;235;-7.783888109699303;0.09375;0.046875;random_208
2;0.22350086628715765;0.0027692807665022075;0.05262966994137647;0.43884178522662964;0.04310337257013177;0.00745609202988119;0.05762348469859703;0.17407544847972403;1610752128;46506575906;3489792032;27395236032;133;201;182;235;-7.887225293643956;0.09375;0.03125;random_208
3;0.22350086628715765;0.0027692807665022075;0.05262966994137647;0.43884178522662964;0.04310337257013177;0.00745609202988119;0.05762348469859703;0.17407544847972403;1610752128;46506575906;3489792032;27395236032;133;201;182;235;-7.887225293643956;0.078125;;random_208
0;0.07577830943362382;0.10157549588723612;0.24932241557999243;0.2202582630749194;0.16540596021513643;0.059633785870184565;0.01191435483058582;0.11611141510832164;1610752128;29610352866;2415919104;1073872896;109;516;45;81;;;;random_209
1;0.22350086628715765;0.0027692807665022075;0.05262966994137647;0.43884178522662964;0.04310337257013177;0.00745609202988119;0.05762348469859703;0.17407544847972403;1610752128;29610352866;2415919136;1073872896;155;431;46;119;-7.813137282452126;0.09375;0.0625;random_209
2;0.22350086628715765;0.0027692807665022075;0.05262966994137647;0.43884178522662964;0.04310337257013177;0.00745609202988119;0.05762348469859703;0.17407544847972403;1610752128;29610352866;2415919136;1073872896;155;432;46;118;-7.872818554810086;0.09375;0.046875;random_209
3;0.22350086628715765;0.0027692807665022075;0.05262966994137647;0.43884178522662964;0.04310337257013177;0.00745609202988119;0.05762348469859703;0.17407544847972403;1610752128;29610352866;2415919136;1073872896;155;432;46;118;-7.872377247269405;0.078125;;random_209
0;0.26905790378529115;0.06325879205611407;0.19204223215593877;0.02002774555046405;0.07371416635070019;0.006826711807569768;0.29253890570230956;0.08253354259161241;9126805634;2415919136;29534331042;34359740416;68;29;593;61;;;;random_21
1;0.3462756393079222;0.008205280802740194;0.004277236468970023;0.1072427835096712;0.20480471150285293;0.033308968913574766;0.2223050048994628;0.0735803745948058;9126805634;2415919136;29534331042;34359740416;71;46;588;46;-7.7529349179508555;0.09375;0.03125;random_21
2;0.3462756393079222;0.008205280802740194;0.004277236468970023;0.1072427835096712;0.20480471150285293;0.033308968913574766;0.2223050048994628;0.0735803745948058;9126805634;2415919136;29534331042;34359740416;71;46;588;46;-7.767048242750528;0.078125;;random_21
0;0.1697896626780534;0.20913135199341235;0.21524224968693687;0.0082735425018871;0.0616319770584962;0.08559683728653963;0.04764122136173804;0.20269315743293637;1610752128;44090656770;3221356576;27386847234;133;188;131;299;;;;random_210
1;0.204010366811844;0.2987667435432591;0.03065162719019198;0.08078032796635412;0.016787901371500866;0.042166449379253054;0.01703437799657975;0.3098022057410172;1610752128;44090656770;3221356576;27386847234;149;222;162;218;-7.786640550223453;0.09375;0.03125;random_210
2;0.204010366811844;0.2987667435432591;0.03065162719019198;0.08078032796635412;0.016787901371500866;0.042166449379253054;0.01703437799657975;0.3098022057410172;1610752128;44090656770;3221356576;27386847234;149;222;162;218;-7.806345827620457;0.078125;;random_210
0;0.1790300035772436;0.12056384208763966;0.22929144117701689;0.033605148747165;0.20986558021507384;0.02716787876688328;0.03806609066768274;0.1624100147612949;1610752128;44090656770;3221356576;29610352866;128;172;112;339;;;;random_211
1;0.2717994399121734;0.09925767368917725;0.12052024481276483;0.04318186265230786;0.21008780370691377;0.03271641592142157;0.02502565685301384;0.19741090245222748;1610752128;44090656770;3221356576;29610352866;123;176;118;334;-7.780623503385155;0.078125;0.0625;random_211
2;0.2796059778610374;0.26056083809423397;0.06846710819942471;0.04012192957428844;0.025357977568448525;0.04210232931851141;0.020325784970929357;0.2634580544131261;1610752128;44090656770;3221356576;29610352866;126;217;129;279;-7.785202893595571;0.078125;0.046875;random_211
3;0.23100146817560832;0.28560526106641454;0.048180961704098677;0.07155834578377031;0.1489056167349243;0.024893341860084312;0.01694696935742803;0.1729080353176716;1610752128;44090656770;3221356576;29610352866;99;225;125;302;-7.782161259603403;0.078125;0.03125;random_211
4;0.38589812353111147;0.33822650530596715;0.025394866539336865;0.0870196693724164;0.07977728595257258;0.011696213496250043;0.03381265441055873;0.03817468139178661;1610752128;61271845122;3489792032;29610352866;117;232;108;294;-7.798547119929308;0.09375;0.046875;random_211
5;0.3213706583755633;0.11903814318268968;0.017556143254973008;0.27872367736218245;0.15140872368796396;0.0725830103446137;0.006198745360259357;0.03312089843175478;1073881088;61274851586;2415919136;29610352866;130;212;62;347;-7.798050861864172;0.09375;0.046875;random_211
6;0.2366789100818342;0.1819432033667347;0.02595492144120827;0.25233527557337193;0.12282527776671816;0.1402530047885955;0.006348029328823759;0.033661377652713445;1073881088;61274851586;2415919136;29610352866;145;218;65;323;-7.829968529237764;0.09375;0.046875;random_211
7;0.2366789100818342;0.1819432033667347;0.02595492144120827;0.25233527557337193;0.12282527776671816;0.1402530047885955;0.006348029328823759;0.033661377652713445;1073881088;61274851586;2415919136;29610352866;145;218;65;323;-7.840370672694842;0.09375;;random_211
0;0.0250313167265873;0.1292679347517256;0.09600281386734734;0.16642067910159153;0.20576024948433141;0.17587799475722166;0.1941125873383049;0.007526423972890117;536871040;8589934594;2415919104;63355365730;27;75;77;572;;;;random_212
1;0.20927611863897516;0.008035394565048436;0.062328176012246335;0.23563042801260872;0.23281359916977082;0.23397551498673522;0.015972113832889375;0.001968654781725957;1073881088;9663815682;2415919104;29610352866;191;123;73;364;-7.758548785929744;0.078125;0.046875;random_212
2;0.1536894198364882;0.002031259805225586;0.015509271266870073;0.24031944545001954;0.08378739188450274;0.3347126832399806;0.042266667114845044;0.12768386140206808;1073881088;9663815682;2415919104;29565784290;184;126;97;344;-7.841461944494023;0.078125;0.03125;random_212
3;0.1630698429893746;0.00407268318921882;0.09797735637200568;0.2025790815233156;0.07132255533094715;0.3329994162083449;0.0012882034078602433;0.12669086097893295;1073872896;9663815682;3489800192;29610352866;151;130;100;370;-7.854237470946271;0.078125;0.03125;random_212
4;0.1630698429893746;0.00407268318921882;0.09797735637200568;0.2025790815233156;0.07132255533094715;0.3329994162083449;0.0012882034078602433;0.12669086097893295;1073872896;9663815682;3489800192;29610352866;151;130;101;369;-7.852505927201398;0.078125;0.046875;random_212
5;0.1630698429893746;0.00407268318921882;0.09797735637200568;0.2025790815233156;0.07132255533094715;0.3329994162083449;0.0012882034078602433;0.12669086097893295;1073872896;9663815682;3489800192;29610352866;151;130;101;369;-7.852862733271729;0.078125;;random_212
0;0.0919308352494686;0.1527559053645028;0.12327366404459171;0.06853568508677298;0.09124285535201374;0.2801918766415888;0.08718467596749635;0.10488450229356501;2684354720;46507497474;29602427378;18257936384;90;196;262;203;;;;random_213
1;0.1630698429893746;0.00407268318921882;0.09797735637200568;0.2025790815233156;0.07132255533094715;0.3329994162083449;0.0012882034078602433;0.12669086097893295;3758620832;46507497474;29602427378;1073872896;121;190;301;139;-7.7630157198738745;0.09375;0.03125;random_213
2;0.1630698429893746;0.00407268318921882;0.09797735637200568;0.2025790815233156;0.07132255533094715;0.3329994162083449;0.0012882034078602433;0.12669086097893295;3758620832;46507497474;29602427378;1073872896;121;190;301;139;-7.80612748544033;0.09375;0.046875;random_213
3;0.1630698429893746;0.00407268318921882;0.09797735637200568;0.2025790815233156;0.07132255533094715;0.3329994162083449;0.0012882034078602433;0.12669086097893295;3758620832;46507497474;29602427378;1073872896;121;190;301;139;-7.80612748544033;0.09375;;random_213
0;0.001106854367970956;0.25213878960201697;0.046198534047761565;0.06090883117804578;0.07616115288159613;0.26393733246326234;0.061597192095771504;0.23795131336357478;26847879232;1610743936;44090656770;29811212306;163;130;192;266;;;;random_214
1;0.13284555134653317;0.3173002852383266;0.06068037919570604;0.03121435780812581;0.03706304543064638;0.002911361518931726;0.05030086532891859;0.36768415413281164;1073872896;12348170466;35500730368;29811212306;138;187;173;253;-7.745552024684293;0.078125;0.046875;random_214
2;0.3147206550394717;0.2919604700063795;0.07985384768947054;0.04363332011682688;0.03181972198217738;0.00026978738715805357;0.0548642670738047;0.18287793070471114;1073872896;12348170466;35500730368;29609828386;115;180;183;273;-7.795877748460125;0.09375;0.046875;random_214
3;0.38589812353111147;0.33822650530596715;0.025394866539336865;0.0870196693724164;0.07977728595257258;0.011696213496250043;0.03381265441055873;0.03817468139178661;1073872896;12348170466;52684793856;29610352866;105;154;212;280;-7.813745735625923;0.09375;0.03125;random_214
4;0.23100146817560832;0.28560526106641454;0.048180961704098677;0.07155834578377031;0.1489056167349243;0.024893341860084312;0.01694696935742803;0.1729080353176716;1073872896;12348170466;52684793856;29610352866;110;162;206;273;-7.794302032116516;0.078125;0.046875;random_214
5;0.3188267260209409;0.3125167311315185;0.01233475156003031;0.05729383544931351;0.06127058421008044;0.16402134228503878;0.02036627212274369;0.05336975722033394;1073881088;12348170466;52617676800;29610352866;126;137;197;291;-7.794437064962536;0.078125;0.046875;random_214
6;0.24146741736636146;0.2695804368884007;0.1742973628111623;0.012673678582980876;0.15271231322656062;0.09258135460373468;0.044908320208141186;0.011779116312658197;1073881088;11274289314;61746587650;29534331042;136;110;222;283;-7.8036579018947885;0.09375;0.046875;random_214
7;0.26712853714708207;0.19613563362533865;0.11870774977394312;0.0022576630702836084;0.08387012670246848;0.24493148422493202;0.015194099275859345;0.07177470618009273;1073881088;11274289314;61746587650;29534331042;137;123;275;216;-7.804028388876733;0.078125;0.03125;random_214
8;0.24009580056684007;0.1331958466107223;0.09245284584884582;0.03494948744001583;0.1503747545783868;0.24853132103745915;0.017151825041710398;0.08324811887601959;1073881088;11274289314;61746587650;29610352866;140;114;278;219;-7.777094168560711;0.09375;0.046875;random_214
9;0.26573168696404914;0.2035835360510248;0.04469400456449309;0.11073274819264395;0.09397883735703899;0.24154310721416475;0.022038926069961842;0.01769715358662337;1073881088;11274289314;61746587650;29610352866;156;69;239;287;-7.7841367085416175;0.09375;0.046875;random_214
10;0.23571949592578303;0.07592420942730407;0.05162135846694126;0.18812737833675694;0.14625552105959413;0.26857626067110585;0.006273902266085726;0.027501873846429027;1073881088;2684354720;61746587650;29610352866;146;95;234;276;-7.779394519212159;0.078125;0.046875;random_214
11;0.34884434049438995;0.00273272513097807;0.06775407423558436;0.38042746609519695;0.011189118644623321;0.09961849730817919;0.034426194101241654;0.05500758398980671;1073881088;2684354720;61746587650;29532451296;143;96;287;225;-7.831189604698845;0.09375;0.046875;random_214
12;0.22350086628715765;0.0027692807665022075;0.05262966994137647;0.43884178522662964;0.04310337257013177;0.00745609202988119;0.05762348469859703;0.17407544847972403;1073872896;2684354720;61746587650;29532451296;154;102;290;205;-7.8406622801593615;0.09375;0.046875;random_214
13;0.22350086628715765;0.0027692807665022075;0.05262966994137647;0.43884178522662964;0.04310337257013177;0.00745609202988119;0.05762348469859703;0.17407544847972403;1073872896;2684354720;61746587650;29532451296;154;102;290;205;-7.8642651503850525;0.078125;0.0625;random_214
14;0.22350086628715765;0.0027692807665022075;0.05262966994137647;0.43884178522662964;0.04310337257013177;0.00745609202988119;0.05762348469859703;0.17407544847972403;1073872896;2684354720;61746587650;29532451296;154;102;290;205;-7.8642651503850525;0.09375;;random_214
0;0.23354834684589085;0.26793428387143164;0.033400378422322276;0.06279956218217603;0.21471791304322438;0.056649575537704;0.08275706567460893;0.04819287442264197;9126805634;2415919136;29610352866;18257944576;89;50;391;221;;;;random_215
1;0.31896473706033546;0.06615693933664528;0.12333501943267289;0.15794394571505288;0.04077200544447715;0.24593140929721294;0.030105303091945517;0.016790640621657946;10200686722;2415919136;29610352866;1073872896;198;64;371;118;-7.797758975707862;0.078125;0.0625;random_215
2;0.22352177554152336;0.013933884125510719;0.06253197493453261;0.21163666058181785;0.26261692524996455;0.19475658839223114;0.02758841884629807;0.0034137723281217284;10200686722;2415919136;29610352866;1073872896;165;76;341;169;-7.81649155071948;0.078125;0.046875;random_215
3;0.34884434049438995;0.00273272513097807;0.06775407423558436;0.38042746609519695;0.011189118644623321;0.09961849730817919;0.034426194101241654;0.05500758398980671;10200686722;2415919136;29610352866;1073872896;167;68;370;146;-7.847193646092272;0.09375;0.03125;random_215
4;0.26400356727738417;0.13972626508717423;0.03191848428753177;0.3958529056178151;0.08658313179424464;0.012663840306161888;0.06594451750872049;0.003307288120967658;29534331042;2415919136;29530141040;1073872896;296;53;213;189;-7.835558540876242;0.078125;0.046875;random_215
5;0.37340059868882525;0.034454710893647704;0.021988553198505963;0.4433429767374552;0.03507017768372346;0.0141831083682436;0.0738558143111319;0.0037040601184669896;29534331042;2415919136;29530141040;1073872896;294;51;221;185;-7.880157861797086;0.09375;0.046875;random_215
6;0.37340059868882525;0.034454710893647704;0.021988553198505963;0.4433429767374552;0.03507017768372346;0.0141831083682436;0.0738558143111319;0.0037040601184669896;29534331042;2415919136;29530141040;1073872896;294;51;221;185;-7.876840950336241;0.078125;;random_215
0;0.08552608037194039;0.23848385182291618;0.0543192958392453;0.1593171066842566;0.2112658083420164;0.012157177034216532;0.19231760809333326;0.046613071812075316;536871040;44090656770;2415919104;12348170466;45;251;23;432;;;;random_216
1;0.2503499976536891;0.1921152218582609;0.04059103297526269;0.2108667791694171;0.23531879783074158;0.013104658439814322;0.010970978200896726;0.04668253387191759;18794807424;61274851586;2415919136;29610352866;224;223;43;261;-7.754509946485833;0.078125;0.046875;random_216
2;0.3213706583755633;0.11903814318268968;0.017556143254973008;0.27872367736218245;0.15140872368796396;0.0725830103446137;0.006198745360259357;0.03312089843175478;18794807424;61274851586;2415919136;29610352866;222;198;52;279;-7.863854446149927;0.09375;0.03125;random_216
3;0.22350086628715765;0.0027692807665022075;0.05262966994137647;0.43884178522662964;0.04310337257013177;0.00745609202988119;0.05762348469859703;0.17407544847972403;18794807424;44090656770;2415919136;64229881568;261;217;50;223;-7.8339424011142835;0.078125;0.046875;random_216
4;0.22350086628715765;0.0027692807665022075;0.05262966994137647;0.43884178522662964;0.04310337257013177;0.00745609202988119;0.05762348469859703;0.17407544847972403;18794807424;44090656770;2415919136;64229881568;261;217;50;223;-7.884920616735851;0.09375;0.046875;random_216
5;0.22350086628715765;0.0027692807665022075;0.05262966994137647;0.43884178522662964;0.04310337257013177;0.00745609202988119;0.05762348469859703;0.17407544847972403;18794807424;44090656770;2415919136;64229881568;261;217;50;223;-7.884995067997862;0.09375;;random_216
0;0.10605695619126537;0.17742927085156945;0.1758572505147479;0.017286255680913257;0.12918792437869434;0.17933051331265493;0.05113399787088397;0.16371783119927083;1073881088;44090656770;2147483680;27384742082;106;163;148;334;;;;random_217
1;0.30355125325922466;0.3230086350740909;0.024803266606973833;0.009728815810902241;0.049224292299750054;0.18686763824616096;0.011801873080479013;0.09101422562241838;1073881088;61207611458;2147483680;27384742082;125;227;117;282;-7.818515762949196;0.078125;0.046875;random_217
2;0.27108794754259014;0.1831778606953081;0.020925739515263015;0.1971217476648742;0.1559468901172474;0.13987100957370288;0.020175438554036883;0.011693366336977266;1073881088;61873748034;2147483680;27384742082;121;239;98;293;-7.809304005735453;0.078125;0.046875;random_217
3;0.3213706583755633;0.11903814318268968;0.017556143254973008;0.27872367736218245;0.15140872368796396;0.0725830103446137;0.006198745360259357;0.03312089843175478;1073881088;64271383026;2147483680;27384742082;134;293;64;260;-7.8366140925446475;0.09375;0.03125;random_217
4;0.2500791569798219;0.2354027773027801;0.014862273932091507;0.2486842722487812;0.05416282486031248;0.14072914265149306;0.02574566700541392;0.030333885019305878;1073881088;64271383026;2147483680;27384742082;122;280;68;281;-7.81938475291381;0.078125;0.046875;random_217
5;0.2500791569798219;0.2354027773027801;0.014862273932091507;0.2486842722487812;0.05416282486031248;0.14072914265149306;0.02574566700541392;0.030333885019305878;1073881088;64271383026;2147483680;27384742082;122;280;68;281;-7.825333772904754;0.09375;;random_217
0;0.2719137957348735;0.24607661804749395;0.03275460101420078;0.0027656460087402512;0.058525501913608516;0.08256563111239482;0.18809537731654005;0.11730282885214831;536871040;2147483680;29534331042;29811212306;60;40;483;168;;;;random_218
1;0.43317412212482165;0.017424888923381312;0.0029286826935671483;0.17669556042784051;0.08638347295509008;0.03404843513642183;0.056651408874994216;0.19269342886388316;1610752128;2415919136;26843938882;64205240658;196;50;220;285;-7.721693019871333;0.078125;0.0625;random_218
2;0.40072647367377445;0.00310362567010429;0.0033302005369709063;0.3927380356007213;0.046225443549343416;0.03708592971439797;0.06602574663090753;0.05076454462378014;1610752128;2415919136;26843938882;63988251895;209;67;205;270;-7.796734701922835;0.09375;0.046875;random_218
3;0.2366789100818342;0.1819432033667347;0.02595492144120827;0.25233527557337193;0.12282527776671816;0.1402530047885955;0.006348029328823759;0.033661377652713445;1610752128;2415919136;26847748162;63355365730;151;70;233;297;-7.809313337230628;0.078125;0.03125;random_218
4;0.2500791569798219;0.2354027773027801;0.014862273932091507;0.2486842722487812;0.05416282486031248;0.14072914265149306;0.02574566700541392;0.030333885019305878;1610752128;2415919136;26915008834;63355365730;156;67;234;294;-7.823530115117618;0.078125;0.046875;random_218
5;0.2500791569798219;0.2354027773027801;0.014862273932091507;0.2486842722487812;0.05416282486031248;0.14072914265149306;0.02574566700541392;0.030333885019305878;1610752128;2415919136;26915008834;63355365730;156;67;234;294;-7.824094706901259;0.078125;0.046875;random_218
6;0.2500791569798219;0.2354027773027801;0.014862273932091507;0.2486842722487812;0.05416282486031248;0.14072914265149306;0.02574566700541392;0.030333885019305878;1610752128;2415919136;26915008834;63355365730;156;67;234;294;-7.824094706901259;0.078125;;random_218
0;0.1612418382289491;0.08093529519257328;0.03539890597507732;0.07167782373712943;0.20271344703405636;0.2197241574947529;0.047568098182744246;0.1807404341547175;1610752128;61207611458;29610352866;11811291170;162;242;221;126;;;;random_219
1;0.35536557504575755;0.038265523519394884;0.00450023963246392;0.001360380912786598;0.016291722576489084;0.3531279735521729;0.10437146840750454;0.12671711635343055;1610752128;61207611458;29611143330;2147483680;185;255;256;55;-7.783578816788363;0.078125;0.0625;random_219
2;0.2380546354771868;0.11173900989189237;0.026105787627590093;0.2538020055267487;0.04185444016434565;0.24887557479368702;0.006384928033296779;0.07318361848525257;1073881088;61207611458;29534331042;2147483680;153;257;266;75;-7.802429085444535;0.078125;0.03125;random_219
3;0.34884434049438995;0.00273272513097807;0.06775407423558436;0.38042746609519695;0.011189118644623321;0.09961849730817919;0.034426194101241654;0.05500758398980671;1073881088;61207873600;29534331042;2147483680;149;204;328;70;-7.821381210802353;0.078125;0.046875;random_219
4;0.22350086628715765;0.0027692807665022075;0.05262966994137647;0.43884178522662964;0.04310337257013177;0.00745609202988119;0.05762348469859703;0.17407544847972403;1073872896;61207873600;29534331042;2415919136;152;197;352;50;-7.835835687276236;0.078125;0.046875;random_219
5;0.22350086628715765;0.0027692807665022075;0.05262966994137647;0.43884178522662964;0.04310337257013177;0.00745609202988119;0.05762348469859703;0.17407544847972403;1073872896;61207873600;29534331042;2415919136;152;197;352;50;-7.842453151494269;0.09375;0.046875;random_219
6;0.22350086628715765;0.0027692807665022075;0.05262966994137647;0.43884178522662964;0.04310337257013177;0.00745609202988119;0.05762348469859703;0.17407544847972403;1073872896;61207873600;29534331042;2415919136;152;197;352;50;-7.842453151494269;0.078125;;random_219
0;0.09563931523591654;0.25701643962235066;0.19507567157726177;0.008817253797850689;0.045609265080256825;0.17210794698727655;0.15985370865227783;0.06588039904680928;536871040;2147483680;27380547970;27386847234;50;137;247;317;;;;random_22
1;0.23623297543447683;0.0025542872841534912;0.23098915764191166;0.0276297622088498;0.1745594670738448;0.17625026030068255;0.023455594002535187;0.12832849605354568;1610752128;2147483680;1073872896;27386847234;133;147;115;356;-7.734596901411566;0.09375;0.046875;random_22
2;0.173774107802524;0.005944439597428946;0.1460460754256834;0.05636071752935284;0.15193135180814402;0.2964315205646726;0.0005845289065144723;0.16892725836567982;1610752128;3296862240;1073872896;27386847234;127;227;107;290;-7.805294867366575;0.09375;0.046875;random_22
3;0.173774107802524;0.005944439597428946;0.1460460754256834;0.05636071752935284;0.15193135180814402;0.2964315205646726;0.0005845289065144723;0.16892725836567982;1610752128;3296862240;1073872896;27386847234;127;227;107;290;-7.826219547827946;0.09375;0.046875;random_22
4;0.173774107802524;0.005944439597428946;0.1460460754256834;0.05636071752935284;0.15193135180814402;0.2964315205646726;0.0005845289065144723;0.16892725836567982;1610752128;3296862240;1073872896;27386847234;127;227;107;290;-7.826219547827946;0.078125;;random_22
0;0.05952017124308467;0.1931679730755867;0.03604663898176573;0.14500907852529765;0.018336535810525932;0.21205986956141162;0.15255902470775692;0.18330070809457094;536871040;29610352866;2415919104;35433613312;52;437;76;186;;;;random_220
1;0.1630698429893746;0.00407268318921882;0.09797735637200568;0.2025790815233156;0.07132255533094715;0.3329994162083449;0.0012882034078602433;0.12669086097893295;1610752128;29610352866;3489800192;1073872896;133;399;100;119;-7.770837471181388;0.078125;0.046875;random_220
2;0.1630698429893746;0.00407268318921882;0.09797735637200568;0.2025790815233156;0.07132255533094715;0.3329994162083449;0.0012882034078602433;0.12669086097893295;1610752128;29610352866;3489800192;1073872896;134;397;101;119;-7.836595514474449;0.078125;0.046875;random_220
3;0.1630698429893746;0.00407268318921882;0.09797735637200568;0.2025790815233156;0.07132255533094715;0.3329994162083449;0.0012882034078602433;0.12669086097893295;1610752128;29610352866;3489800192;1073872896;134;397;101;119;-7.83730789124835;0.078125;;random_220
0;0.15021843609111749;0.1263953248220816;0.16485486998974147;0.14016414417837414;0.12442914916624857;0.2013227488030474;0.047239310302213226;0.04537601664717615;10200686722;2147483680;29610352866;1073872896;197;69;375;110;;;;random_221
1;0.28781070354548244;0.055796013662973175;0.025259102217814636;0.2890178041962452;0.036218807741291055;0.23046486245127196;0.0734298625641276;0.002002843620793949;10200686722;2147483680;29540626790;1073872896;171;80;318;182;-7.7989528293782575;0.09375;0.03125;random_221
2;0.34884434049438995;0.00273272513097807;0.06775407423558436;0.38042746609519695;0.011189118644623321;0.09961849730817919;0.034426194101241654;0.05500758398980671;10200686722;2147483680;29610352866;1073872896;168;76;355;152;-7.852782188891947;0.078125;0.03125;random_221
3;0.26400356727738417;0.13972626508717423;0.03191848428753177;0.3958529056178151;0.08658313179424464;0.012663840306161888;0.06594451750872049;0.003307288120967658;29534331042;2415919136;29530141040;1073872896;296;53;213;189;-7.835322089450861;0.078125;0.046875;random_221
4;0.37340059868882525;0.034454710893647704;0.021988553198505963;0.4433429767374552;0.03507017768372346;0.0141831083682436;0.0738558143111319;0.0037040601184669896;29534331042;2415919136;29530141040;1073872896;293;53;220;185;-7.880157861797086;0.078125;0.046875;random_221
5;0.37340059868882525;0.034454710893647704;0.021988553198505963;0.4433429767374552;0.03507017768372346;0.0141831083682436;0.0738558143111319;0.0037040601184669896;29534331042;2415919136;29530141040;1073872896;293;53;220;185;-7.877709545812711;0.078125;;random_221
0;0.10692788664185159;0.07941989230536753;0.018353856518945326;0.20909802436115732;0.19105537010440746;0.13467955605009674;0.24248902452928534;0.01797638948888872;536871040;2147483680;8589934658;29534331042;45;52;108;546;;;;random_222
1;0.40072647367377445;0.00310362567010429;0.0033302005369709063;0.3927380356007213;0.046225443549343416;0.03708592971439797;0.06602574663090753;0.05076454462378014;18794832000;2415919136;26847879232;29611143330;300;54;148;249;-7.766980129164522;0.09375;0.046875;random_222
2;0.22350086628715765;0.0027692807665022075;0.05262966994137647;0.43884178522662964;0.04310337257013177;0.00745609202988119;0.05762348469859703;0.17407544847972403;18794807424;2415919136;29058605408;29534331042;294;48;167;242;-7.917701201950639;0.09375;0.0625;random_222
3;0.22350086628715765;0.0027692807665022075;0.05262966994137647;0.43884178522662964;0.04310337257013177;0.00745609202988119;0.05762348469859703;0.17407544847972403;18794807424;2415919136;29058605408;29534331042;294;48;167;242;-7.9073020529385305;0.109375;0.046875;random_222
4;0.22350086628715765;0.0027692807665022075;0.05262966994137647;0.43884178522662964;0.04310337257013177;0.00745609202988119;0.05762348469859703;0.17407544847972403;18794807424;2415919136;29058605408;29534331042;294;48;167;242;-7.9073020529385305;0.09375;;random_222
0;0.18903080220637894;0.06567656842707485;0.09088214362558071;0.054065759561110115;0.1945460257692556;0.03556399370486235;0.20711541472544184;0.1631192919802956;2684354720;64163117378;8589934594;18257936384;101;369;58;223;;;;random_223
1;0.22350086628715765;0.0027692807665022075;0.05262966994137647;0.43884178522662964;0.04310337257013177;0.00745609202988119;0.05762348469859703;0.17407544847972403;2952790176;64229881568;9663815682;18257936384;91;246;185;229;-7.749346728412146;0.078125;0.046875;random_223
2;0.22350086628715765;0.0027692807665022075;0.05262966994137647;0.43884178522662964;0.04310337257013177;0.00745609202988119;0.05762348469859703;0.17407544847972403;2952790176;64229881568;9663815682;18257936384;91;246;185;229;-7.897030734749952;0.078125;0.03125;random_223
3;0.22350086628715765;0.0027692807665022075;0.05262966994137647;0.43884178522662964;0.04310337257013177;0.00745609202988119;0.05762348469859703;0.17407544847972403;2952790176;64229881568;9663815682;18257936384;91;246;185;229;-7.897030734749952;0.078125;;random_223
0;0.012227263216138205;0.16800308167642286;0.13004595633403096;0.1874762557867339;0.15510541100394173;0.11624188477751497;0.17329922344174511;0.05760092376347214;1610752128;63355365730;12088123456;29534331042;127;246;146;232;;;;random_224
1;0.2366789100818342;0.1819432033667347;0.02595492144120827;0.25233527557337193;0.12282527776671816;0.1402530047885955;0.006348029328823759;0.033661377652713445;1073881088;63355365730;12088123456;29534331042;149;212;152;238;-7.768150465008543;0.078125;0.046875;random_224
2;0.2366789100818342;0.1819432033667347;0.02595492144120827;0.25233527557337193;0.12282527776671816;0.1402530047885955;0.006348029328823759;0.033661377652713445;1073881088;63355365730;12088123456;29534331042;149;212;152;238;-7.809513852246514;0.09375;0.03125;random_224
3;0.2366789100818342;0.1819432033667347;0.02595492144120827;0.25233527557337193;0.12282527776671816;0.1402530047885955;0.006348029328823759;0.033661377652713445;1073881088;63355365730;12088123456;29534331042;149;212;152;238;-7.809513852246514;0.09375;;random_224
0;0.18812129613743006;0.10098833616160194;0.33301004549417096;0.07779931709374803;0.005413104874225831;0.11207647554454869;0.17283610639039115;0.009755318303883357;536871040;19331547168;61740288386;29800734774;52;122;257;320;;;;random_225
1;0.4119807570143515;4.829496155221253e-05;0.15409063363725392;0.24826915988256826;0.05781067310387891;0.06990611589670567;0.041094391249730515;0.01679997425395898;1610752128;19331547168;44023545923;29610352866;182;99;163;307;-7.715834066730066;0.09375;0.03125;random_225
2;0.21441745143005972;0.1441016272306112;0.044044851136924176;0.40824856950054417;0.1047067635431164;0.013060393434033321;0.06800949180181319;0.0034108519228977572;1610752128;2147483680;44090656770;29610352866;225;51;198;277;-7.800145387864948;0.078125;0.03125;random_225
3;0.22350086628715765;0.0027692807665022075;0.05262966994137647;0.43884178522662964;0.04310337257013177;0.00745609202988119;0.05762348469859703;0.17407544847972403;1610752128;2415919136;44090656770;29610352866;215;63;180;293;-7.852232442366756;0.078125;0.046875;random_225
4;0.22350086628715765;0.0027692807665022075;0.05262966994137647;0.43884178522662964;0.04310337257013177;0.00745609202988119;0.05762348469859703;0.17407544847972403;1610752128;2415919136;44090656770;29610352866;215;63;180;293;-7.858652885136201;0.09375;0.046875;random_225
5;0.22350086628715765;0.0027692807665022075;0.05262966994137647;0.43884178522662964;0.04310337257013177;0.00745609202988119;0.05762348469859703;0.17407544847972403;1610752128;2415919136;44090656770;29610352866;215;63;180;293;-7.858652885136201;0.109375;;random_225
0;0.09156775118604933;0.14314948762138247;0.11538835652648687;0.10200086149892491;0.1565230823713295;0.15690254865802347;0.13496013667670043;0.09950777546110293;2684354720;46802282550;29602427378;18257936384;81;206;270;194;;;;random_226
1;0.3213706583755633;0.11903814318268968;0.017556143254973008;0.27872367736218245;0.15140872368796396;0.0725830103446137;0.006198745360259357;0.03312089843175478;2684354720;44090656770;29610352866;18257944576;95;168;297;191;-7.764942553610926;0.078125;0.046875;random_226
2;0.22350086628715765;0.0027692807665022075;0.05262966994137647;0.43884178522662964;0.04310337257013177;0.00745609202988119;0.05762348469859703;0.17407544847972403;2952790176;44090656770;64229881568;18257936384;90;201;237;223;-7.831952963351711;0.09375;0.046875;random_226
3;0.22350086628715765;0.0027692807665022075;0.05262966994137647;0.43884178522662964;0.04310337257013177;0.00745609202988119;0.05762348469859703;0.17407544847972403;2952790176;44090656770;64229881568;18257936384;90;201;237;223;-7.886907146226282;0.078125;0.03125;random_226
4;0.22350086628715765;0.0027692807665022075;0.05262966994137647;0.43884178522662964;0.04310337257013177;0.00745609202988119;0.05762348469859703;0.17407544847972403;2952790176;44090656770;64229881568;18257936384;90;201;237;223;-7.886907146226282;0.09375;;random_226
0;0.11637709321571361;0.0031771282320121313;0.144649702402977;0.2359892552728537;0.1951929887168591;0.08126580256641328;0.036277319584244704;0.18707071000892647;1610752128;29610352866;2415919104;1073872896;112;489;52;98;;;;random_227
1;0.22350086628715765;0.0027692807665022075;0.05262966994137647;0.43884178522662964;0.04310337257013177;0.00745609202988119;0.05762348469859703;0.17407544847972403;1610752128;29610352866;2415919136;1073872896;155;431;46;119;-7.8175118277340045;0.078125;0.03125;random_227
2;0.22350086628715765;0.0027692807665022075;0.05262966994137647;0.43884178522662964;0.04310337257013177;0.00745609202988119;0.05762348469859703;0.17407544847972403;1610752128;29610352866;2415919136;1073872896;155;432;46;118;-7.872818554810086;0.078125;0.046875;random_227
3;0.22350086628715765;0.0027692807665022075;0.05262966994137647;0.43884178522662964;0.04310337257013177;0.00745609202988119;0.05762348469859703;0.17407544847972403;1610752128;29610352866;2415919136;1073872896;155;432;46;118;-7.872377247269405;0.09375;;random_227
0;0.1634174081976262;0.21242673240740897;0.1921726082540245;0.12205985975709009;0.02224864588302697;0.10620837153817021;0.0689079534217112;0.11255842054094176;2684354720;46506575906;27380421058;18257944576;87;254;210;200;;;;random_228
1;0.3213706583755633;0.11903814318268968;0.017556143254973008;0.27872367736218245;0.15140872368796396;0.0725830103446137;0.006198745360259357;0.03312089843175478;2684354720;46506575906;27384742082;18257944576;96;198;252;205;-7.765996703616064;0.078125;0.046875;random_228
2;0.22350086628715765;0.0027692807665022075;0.05262966994137647;0.43884178522662964;0.04310337257013177;0.00745609202988119;0.05762348469859703;0.17407544847972403;2952790176;46506575906;29532451296;18257936384;103;205;212;231;-7.831048763629473;0.078125;0.046875;random_228
3;0.22350086628715765;0.0027692807665022075;0.05262966994137647;0.43884178522662964;0.04310337257013177;0.00745609202988119;0.05762348469859703;0.17407544847972403;2952790176;46506575906;29532451296;18257936384;103;205;212;231;-7.896721927346881;0.09375;0.03125;random_228
4;0.22350086628715765;0.0027692807665022075;0.05262966994137647;0.43884178522662964;0.04310337257013177;0.00745609202988119;0.05762348469859703;0.17407544847972403;2952790176;46506575906;29532451296;18257936384;103;205;212;231;-7.896721927346881;0.078125;;random_228
0;0.06780522849160614;0.19368843188843124;0.18975633843846818;0.07089849328231289;0.13475153465390713;0.09668001030412086;0.2043119668301668;0.042107996110986805;2684354720;46802282550;29530141040;18257936384;58;253;249;191;;;;random_229
1;0.26944712927038167;0.009030505292281932;0.1843464987843593;0.2648111191012427;0.1051204705266616;0.008471646098846347;0.15656017610759415;0.002212454818632198;2684354720;46802282550;29530141040;18257936384;61;256;227;207;-7.719675651002209;0.09375;0.03125;random_229
2;0.22350086628715765;0.0027692807665022075;0.05262966994137647;0.43884178522662964;0.04310337257013177;0.00745609202988119;0.05762348469859703;0.17407544847972403;2952790176;46506575906;64229881568;18257936384;91;208;229;223;-7.832413348639662;0.078125;0.046875;random_229
3;0.22350086628715765;0.0027692807665022075;0.05262966994137647;0.43884178522662964;0.04310337257013177;0.00745609202988119;0.05762348469859703;0.17407544847972403;2952790176;46506575906;64229881568;18257936384;91;208;229;223;-7.886525219607982;0.078125;0.046875;random_229
4;0.22350086628715765;0.0027692807665022075;0.05262966994137647;0.43884178522662964;0.04310337257013177;0.00745609202988119;0.05762348469859703;0.17407544847972403;2952790176;46506575906;64229881568;18257936384;91;208;229;223;-7.886525219607982;0.078125;;random_229
0;0.21606045784327588;0.14199505235507612;0.1238785427263167;0.13643150269703533;0.16885906262298833;0.07214511738740524;0.09209862538601231;0.048531638981890134;536871040;2415919136;1073881088;29610352866;51;42;136;522;;;;random_23
1;0.22350086628715765;0.0027692807665022075;0.05262966994137647;0.43884178522662964;0.04310337257013177;0.00745609202988119;0.05762348469859703;0.17407544847972403;1610752128;2415919136;1073872896;29610352866;155;46;119;431;-7.788860969299261;0.078125;0.046875;random_23
2;0.22350086628715765;0.0027692807665022075;0.05262966994137647;0.43884178522662964;0.04310337257013177;0.00745609202988119;0.05762348469859703;0.17407544847972403;1610752128;2415919136;1073872896;29610352866;155;46;118;432;-7.872818554810086;0.078125;0.03125;random_23
3;0.22350086628715765;0.0027692807665022075;0.05262966994137647;0.43884178522662964;0.04310337257013177;0.00745609202988119;0.05762348469859703;0.17407544847972403;1610752128;2415919136;1073872896;29610352866;155;46;118;432;-7.872377247269405;0.078125;;random_23
0;0.15107387188062024;0.21010805576892125;0.03795108715446051;0.0437302684739331;0.15020668575200816;0.16870432659445844;0.10621488944051681;0.1320108149350815;536871040;44090656770;29610352866;18257944576;63;197;316;175;;;;random_230
1;0.2380546354771868;0.11173900989189237;0.026105787627590093;0.2538020055267487;0.04185444016434565;0.24887557479368702;0.006384928033296779;0.07318361848525257;1610752128;44090656770;29610352866;1073872896;113;174;376;88;-7.773460343572179;0.078125;0.046875;random_230
2;0.2380546354771868;0.11173900989189237;0.026105787627590093;0.2538020055267487;0.04185444016434565;0.24887557479368702;0.006384928033296779;0.07318361848525257;1610752128;44090656770;29610352866;1073872896;113;174;376;88;-7.829464519816589;0.09375;0.046875;random_230
3;0.2380546354771868;0.11173900989189237;0.026105787627590093;0.2538020055267487;0.04185444016434565;0.24887557479368702;0.006384928033296779;0.07318361848525257;1610752128;44090656770;29610352866;1073872896;113;174;376;88;-7.829464519816589;0.09375;;random_230
0;0.07176513698663645;0.16082329325683217;0.03781626288826839;0.10845696466756205;0.09609282994646849;0.15002933272076083;0.31385127794164924;0.06116490159182238;2684354720;46802282550;29632917990;18257936384;59;235;275;182;;;;random_231
1;0.3654385366671609;0.13866785552606806;0.0018778672905659368;0.16532125704780357;0.137943764862944;0.06497480183749599;0.08000235854611207;0.045773558221849565;2684354720;46802282550;29632917990;18257936384;67;217;275;192;-7.737331486278527;0.09375;0.046875;random_231
2;0.3213706583755633;0.11903814318268968;0.017556143254973008;0.27872367736218245;0.15140872368796396;0.0725830103446137;0.006198745360259357;0.03312089843175478;2684354720;44090656770;29610352866;18257944576;95;168;297;191;-7.832044493960388;0.078125;0.046875;random_231
3;0.22350086628715765;0.0027692807665022075;0.05262966994137647;0.43884178522662964;0.04310337257013177;0.00745609202988119;0.05762348469859703;0.17407544847972403;2952790176;44090656770;64229881568;18257936384;90;201;237;223;-7.831952963351711;0.09375;0.046875;random_231
4;0.22350086628715765;0.0027692807665022075;0.05262966994137647;0.43884178522662964;0.04310337257013177;0.00745609202988119;0.05762348469859703;0.17407544847972403;2952790176;44090656770;64229881568;18257936384;90;201;237;223;-7.886907146226282;0.078125;0.03125;random_231
5;0.22350086628715765;0.0027692807665022075;0.05262966994137647;0.43884178522662964;0.04310337257013177;0.00745609202988119;0.05762348469859703;0.17407544847972403;2952790176;44090656770;64229881568;18257936384;90;201;237;223;-7.8869832871756556;0.078125;;random_231
0;0.09957652819075045;0.15271756051225607;0.23482219312148017;0.03303144713254368;0.22770713292235298;0.020107850533134373;0.11926248386527022;0.11277480372221199;2684354720;48882694208;29327761760;18257936384;102;183;232;234;;;;random_232
1;0.19489286361185446;0.056465608645735965;0.2669982716358818;0.00076103494881496;0.2013305842097875;0.014887478690195573;0.040628088021697456;0.22403607023603242;2684354720;48882694208;29327761760;18257936384;133;171;216;231;-7.727129663980522;0.078125;0.03125;random_232
2;0.19489286361185446;0.056465608645735965;0.2669982716358818;0.00076103494881496;0.2013305842097875;0.014887478690195573;0.040628088021697456;0.22403607023603242;2684354720;48882694208;29327761760;18257936384;133;171;216;231;-7.734703692332076;0.078125;;random_232
0;0.043407690398930526;0.07195718195312487;0.09405538498482473;0.1791810226556477;0.1977890696155203;0.1074669462511359;0.18019337112449135;0.12594933301632458;34359740416;29610352866;2415919104;1610752128;42;470;49;190;;;;random_233
1;0.2380546354771868;0.11173900989189237;0.026105787627590093;0.2538020055267487;0.04185444016434565;0.24887557479368702;0.006384928033296779;0.07318361848525257;35433613312;29610352866;2415919104;1073881088;95;452;78;126;-7.773962606111078;0.078125;0.046875;random_233
2;0.20351755227612883;0.11702777632732324;0.07684897614325388;0.15060676575082368;0.06044924340346322;0.37948267454670465;0.011261351265992668;0.0008056602863097856;35433613312;29610352866;3489800192;1073881088;118;366;111;156;-7.83930818753549;0.09375;0.046875;random_233
3;0.2380546354771868;0.11173900989189237;0.026105787627590093;0.2538020055267487;0.04185444016434565;0.24887557479368702;0.006384928033296779;0.07318361848525257;35433613312;29610352866;3489800192;1073881088;94;439;92;126;-7.828170972157211;0.078125;0.046875;random_233
4;0.20351755227612883;0.11702777632732324;0.07684897614325388;0.15060676575082368;0.06044924340346322;0.37948267454670465;0.011261351265992668;0.0008056602863097856;35433613312;29610352866;3489800192;1073881088;118;366;111;156;-7.841780827439727;0.078125;0.046875;random_233
5;0.2380546354771868;0.11173900989189237;0.026105787627590093;0.2538020055267487;0.04185444016434565;0.24887557479368702;0.006384928033296779;0.07318361848525257;35433613312;29610352866;3489800192;1073881088;94;439;92;126;-7.828170972157211;0.078125;0.046875;random_233
6;0.20351755227612883;0.11702777632732324;0.07684897614325388;0.15060676575082368;0.06044924340346322;0.37948267454670465;0.011261351265992668;0.0008056602863097856;35433613312;29610352866;3489800192;1073881088;118;366;111;156;-7.841780827439727;0.078125;;random_233
0;0.13993096483173967;0.07784236082970682;0.16560424933180148;0.2095730711129003;0.017815043547957893;0.05846014048029969;0.24058272937226666;0.09019144049332754;2415919104;42949675010;29610352866;1610752128;33;107;400;211;;;;random_234
1;0.27002795685226705;0.14532099445965768;0.0831791085664718;0.41170311013635125;0.0045732289880018;0.013170908603486808;0.068584978332819;0.0034397140609446495;2147483680;44090656770;29610352866;1610752128;52;187;298;214;-7.798560893068876;0.078125;0.046875;random_234
2;0.22350086628715765;0.0027692807665022075;0.05262966994137647;0.43884178522662964;0.04310337257013177;0.00745609202988119;0.05762348469859703;0.17407544847972403;2415919136;44090656770;29610352866;1610752128;64;180;293;214;-7.84093153789033;0.078125;0.046875;random_234
3;0.22350086628715765;0.0027692807665022075;0.05262966994137647;0.43884178522662964;0.04310337257013177;0.00745609202988119;0.05762348469859703;0.17407544847972403;2415919136;44090656770;29610352866;1610752128;64;180;293;214;-7.858092923643183;0.078125;0.046875;random_234
4;0.22350086628715765;0.0027692807665022075;0.05262966994137647;0.43884178522662964;0.04310337257013177;0.00745609202988119;0.05762348469859703;0.17407544847972403;2415919136;44090656770;29610352866;1610752128;64;180;293;214;-7.858092923643183;0.078125;;random_234
0;0.24545289809294685;0.09583947790068384;0.03073097984804041;0.024486061380588172;0.27470717253126214;0.034596339319589574;0.04130612742075285;0.25288094350613605;1610752128;50466031650;29609828386;1073872896;172;149;291;139;;;;random_235
1;0.28285602862283515;0.2537776207989907;0.0451233842292053;0.02450298610495382;0.05022252087045374;0.006392669873997028;0.004814088301972496;0.3323107011975916;1610752128;46506575906;29609828386;1073872896;166;194;258;133;-7.808697677080331;0.078125;0.046875;random_235
2;0.289043844555905;0.04380639852119489;0.0646811295596687;0.15521353841383523;0.0133797138455192;0.015255197615012128;0.03296691581926518;0.38565326166959957;1610752128;46506575906;29609828386;1073872896;180;190;250;131;-7.809285623067829;0.078125;0.046875;random_235
3;0.2141875990279326;0.14140163163174538;0.04634367787947426;0.10831711571244376;0.05335031274434084;0.00656554995798805;0.03182409513900542;0.3980100179070696;1610752128;46506575906;29609828386;1073872896;174;220;234;123;-7.821450219322725;0.09375;0.03125;random_235
4;0.28285602862283515;0.2537776207989907;0.0451233842292053;0.02450298610495382;0.05022252087045374;0.006392669873997028;0.004814088301972496;0.3323107011975916;1610752128;46506575906;29609828386;1073872896;166;194;258;133;-7.828585346936453;0.078125;0.046875;random_235
5;0.289043844555905;0.04380639852119489;0.0646811295596687;0.15521353841383523;0.0133797138455192;0.015255197615012128;0.03296691581926518;0.38565326166959957;1610752128;46506575906;29609828386;1073872896;180;190;250;131;-7.809285623067829;0.09375;0.046875;random_235
6;0.2141875990279326;0.14140163163174538;0.04634367787947426;0.10831711571244376;0.05335031274434084;0.00656554995798805;0.03182409513900542;0.3980100179070696;1610752128;46506575906;29609828386;1073872896;174;220;234;123;-7.821450219322725;0.078125;0.046875;random_235
7;0.28285602862283515;0.2537776207989907;0.0451233842292053;0.02450298610495382;0.05022252087045374;0.006392669873997028;0.004814088301972496;0.3323107011975916;1610752128;46506575906;29609828386;1073872896;166;194;258;133;-7.828585346936453;0.078125;;random_235
0;0.054315586046931943;0.14224628225649408;0.1744514550570198;0.12969292852581485;0.20451820269342225;0.15141638766231988;0.024083563520696866;0.11927559423730051;1610752128;29610352866;2415919104;1073872896;104;484;76;87;;;;random_236
1;0.1630698429893746;0.00407268318921882;0.09797735637200568;0.2025790815233156;0.07132255533094715;0.3329994162083449;0.0012882034078602433;0.12669086097893295;1610752128;29610352866;3489800192;1073872896;133;399;100;119;-7.8062630960167;0.078125;0.046875;random_236
2;0.1630698429893746;0.00407268318921882;0.09797735637200568;0.2025790815233156;0.07132255533094715;0.3329994162083449;0.0012882034078602433;0.12669086097893295;1610752128;29610352866;3489800192;1073872896;134;397;101;119;-7.836595514474449;0.078125;0.046875;random_236
3;0.1630698429893746;0.00407268318921882;0.09797735637200568;0.2025790815233156;0.07132255533094715;0.3329994162083449;0.0012882034078602433;0.12669086097893295;1610752128;29610352866;3489800192;1073872896;134;397;101;119;-7.83730789124835;0.078125;;random_236
0;0.149366130913899;0.16678849546962168;0.005474226916064464;0.14951013179595546;0.17172244970545691;0.1553241013619965;0.1065567325251034;0.09525773131190264;2684354720;61271845122;29610352866;18257936384;74;204;308;165;;;;random_237
1;0.2500791569798219;0.2354027773027801;0.014862273932091507;0.2486842722487812;0.05416282486031248;0.14072914265149306;0.02574566700541392;0.030333885019305878;2684354720;61271845122;29610352866;1073881088;96;228;274;153;-7.810381923713609;0.078125;0.046875;random_237
2;0.2366789100818342;0.1819432033667347;0.02595492144120827;0.25233527557337193;0.12282527776671816;0.1402530047885955;0.006348029328823759;0.033661377652713445;2684354720;61274851586;29610352866;1073881088;98;215;287;151;-7.840923773900103;0.09375;0.046875;random_237
3;0.2366789100818342;0.1819432033667347;0.02595492144120827;0.25233527557337193;0.12282527776671816;0.1402530047885955;0.006348029328823759;0.033661377652713445;2684354720;61274851586;29610352866;1073881088;98;215;287;151;-7.839991817972907;0.09375;0.046875;random_237
4;0.2366789100818342;0.1819432033667347;0.02595492144120827;0.25233527557337193;0.12282527776671816;0.1402530047885955;0.006348029328823759;0.033661377652713445;2684354720;61274851586;29610352866;1073881088;98;215;287;151;-7.839991817972907;0.09375;;random_237
0;0.11094283230718878;0.14228708327577086;0.18636196243051656;0.12459650252571312;0.17927834178267277;0.14160318415728634;0.013799007702186993;0.10113108581866462;2415919104;44090656770;29610352866;1073881088;64;172;413;102;;;;random_238
1;0.2380546354771868;0.11173900989189237;0.026105787627590093;0.2538020055267487;0.04185444016434565;0.24887557479368702;0.006384928033296779;0.07318361848525257;2415919104;44090656770;29610352866;1073881088;70;179;358;144;-7.801939354996674;0.09375;0.046875;random_238
2;0.20642446111882667;0.03247375426306101;0.008323848523663028;0.2607266687233741;0.10171287090797551;0.31275183634833637;0.0006962130348169285;0.07689034707994648;2415919104;44090656770;29565784290;1073881088;84;159;336;172;-7.851099297758951;0.078125;0.03125;random_238
3;0.1536894198364882;0.002031259805225586;0.015509271266870073;0.24031944545001954;0.08378739188450274;0.3347126832399806;0.042266667114845044;0.12768386140206808;2415919104;44090656770;29565784290;1073881088;98;138;339;176;-7.847482670748459;0.09375;0.046875;random_238
4;0.1630698429893746;0.00407268318921882;0.09797735637200568;0.2025790815233156;0.07132255533094715;0.3329994162083449;0.0012882034078602433;0.12669086097893295;3489800192;44090656770;29610352866;1073872896;102;140;372;137;-7.846846156902229;0.078125;0.0625;random_238
5;0.1630698429893746;0.00407268318921882;0.09797735637200568;0.2025790815233156;0.07132255533094715;0.3329994162083449;0.0012882034078602433;0.12669086097893295;3489800192;44090656770;29610352866;1073872896;102;140;372;137;-7.845462033926394;0.078125;0.03125;random_238
6;0.1630698429893746;0.00407268318921882;0.09797735637200568;0.2025790815233156;0.07132255533094715;0.3329994162083449;0.0012882034078602433;0.12669086097893295;3489800192;44090656770;29610352866;1073872896;102;140;372;137;-7.845462033926394;0.078125;;random_238
0;0.09868477390302889;0.0982330343874124;0.12260489941027794;0.10841470327432004;0.19931139965894878;0.23547739673769608;0.09257499582863779;0.04469879679967798;2684354720;50466031650;29540626790;18257936384;81;161;291;218;;;;random_239
1;0.40072647367377445;0.00310362567010429;0.0033302005369709063;0.3927380356007213;0.046225443549343416;0.03708592971439797;0.06602574663090753;0.05076454462378014;2684354720;61271845122;29610352866;18257936384;100;158;264;229;-7.790247750862292;0.09375;0.03125;random_239
2;0.22350086628715765;0.0027692807665022075;0.05262966994137647;0.43884178522662964;0.04310337257013177;0.00745609202988119;0.05762348469859703;0.17407544847972403;2952790176;44090656770;64229881568;18257936384;90;201;237;223;-7.876461046327393;0.078125;0.046875;random_239
3;0.22350086628715765;0.0027692807665022075;0.05262966994137647;0.43884178522662964;0.04310337257013177;0.00745609202988119;0.05762348469859703;0.17407544847972403;2952790176;44090656770;64229881568;18257936384;90;201;237;223;-7.886907146226282;0.078125;0.046875;random_239
4;0.22350086628715765;0.0027692807665022075;0.05262966994137647;0.43884178522662964;0.04310337257013177;0.00745609202988119;0.05762348469859703;0.17407544847972403;2952790176;44090656770;64229881568;18257936384;90;201;237;223;-7.886907146226282;0.078125;;random_239
0;0.05583347079340896;0.2831878029197139;0.2217681997258501;0.14707328794035604;0.0681945486024482;0.07627356961608257;0.017401133908281397;0.13026798649385884;1610752128;29610352866;2415919104;35433613312;140;425;41;145;;;;random_24
1;0.19009253345480176;0.2604455231915442;0.07607004373257596;0.2710620111609834;0.10146083857364932;0.07936022418773235;0.006436420169020229;0.015072405529692915;1073881088;29610352866;2415919136;35433613312;113;427;58;153;-7.794391422171933;0.09375;0.046875;random_24
2;0.2500791569798219;0.2354027773027801;0.014862273932091507;0.2486842722487812;0.05416282486031248;0.14072914265149306;0.02574566700541392;0.030333885019305878;1073881088;29610352866;2415919136;35433613312;133;414;57;147;-7.849712346077286;0.09375;0.03125;random_24
3;0.2500791569798219;0.2354027773027801;0.014862273932091507;0.2486842722487812;0.05416282486031248;0.14072914265149306;0.02574566700541392;0.030333885019305878;1073881088;29610352866;2415919136;35433613312;133;414;57;147;-7.85783888901337;0.09375;;random_24
0;0.018205892856390078;0.17824047933417056;0.05762182567067083;0.002862976601052395;0.2872120476515141;0.16628691737002815;0.028619933193587296;0.26094992732258665;42949675010;10200686786;1073881088;29609828386;133;172;135;311;;;;random_240
1;0.3076469953297204;0.09220441931162156;0.012594904878318753;0.09049487347217217;0.17444898553748314;0.048363992212911135;0.0031122340942089;0.27113359516356395;44090656770;10200686786;1073872896;29806911586;210;167;85;289;-7.8069854563087935;0.109375;0.046875;random_240
2;0.3180816791855115;0.08759488521458458;0.0014370248949590345;0.12062488809271973;0.11097063405641744;0.04095804187691069;0.044598409668111384;0.2757344370107856;61271845122;10200686786;1073872896;29806911586;204;192;105;250;-7.81279580062392;0.078125;0.03125;random_240
3;0.28285602862283515;0.2537776207989907;0.0451233842292053;0.02450298610495382;0.05022252087045374;0.006392669873997028;0.004814088301972496;0.3323107011975916;61207611458;10200686786;1073872896;29609828386;209;165;142;235;-7.810005175516098;0.09375;0.046875;random_240
4;0.204010366811844;0.2987667435432591;0.03065162719019198;0.08078032796635412;0.016787901371500866;0.042166449379253054;0.01703437799657975;0.3098022057410172;61207611458;10200686786;1073872896;29609828386;213;174;126;238;-7.805151678786874;0.078125;0.046875;random_240
5;0.23100146817560832;0.28560526106641454;0.048180961704098677;0.07155834578377031;0.1489056167349243;0.024893341860084312;0.01694696935742803;0.1729080353176716;61207611458;10200686786;1073872896;29609828386;224;181;100;246;-7.787530719327735;0.09375;0.046875;random_240
6;0.38589812353111147;0.33822650530596715;0.025394866539336865;0.0870196693724164;0.07977728595257258;0.011696213496250043;0.03381265441055873;0.03817468139178661;64271383026;10200686786;1073872896;29534331042;258;145;96;252;-7.80389263369573;0.078125;0.046875;random_240
7;0.25916370207325795;0.22523844408012977;0.011008636775730432;0.0773502282732863;0.24967379756501218;0.0875488166578231;0.02849342246573196;0.06152295210902827;64271383026;10200686786;1073872896;29534331042;244;170;92;245;-7.809614946666057;0.09375;0.03125;random_240
8;0.2366789100818342;0.1819432033667347;0.02595492144120827;0.25233527557337193;0.12282527776671816;0.1402530047885955;0.006348029328823759;0.033661377652713445;64169314514;10200686786;1073881088;29534331042;231;137;151;232;-7.794762040479915;0.078125;0.046875;random_240
9;0.20351755227612883;0.11702777632732324;0.07684897614325388;0.15060676575082368;0.06044924340346322;0.37948267454670465;0.011261351265992668;0.0008056602863097856;64169314514;10200686786;1073881088;29610352866;195;180;152;224;-7.817683694769699;0.078125;0.0625;random_240
10;0.1536894198364882;0.002031259805225586;0.015509271266870073;0.24031944545001954;0.08378739188450274;0.3347126832399806;0.042266667114845044;0.12768386140206808;36775659520;27384742082;1073872896;29610352866;107;285;121;238;-7.854147493144197;0.078125;0.046875;random_240
11;0.1630698429893746;0.00407268318921882;0.09797735637200568;0.2025790815233156;0.07132255533094715;0.3329994162083449;0.0012882034078602433;0.12669086097893295;37849409536;27384742082;1073872896;29610352866;116;294;115;226;-7.880595233375324;0.078125;0.046875;random_240
12;0.1630698429893746;0.00407268318921882;0.09797735637200568;0.2025790815233156;0.07132255533094715;0.3329994162083449;0.0012882034078602433;0.12669086097893295;37849409536;27384742082;1073872896;29610352866;116;294;115;226;-7.8865915096615105;0.09375;0.046875;random_240
13;0.1630698429893746;0.00407268318921882;0.09797735637200568;0.2025790815233156;0.07132255533094715;0.3329994162083449;0.0012882034078602433;0.12669086097893295;37849409536;27384742082;1073872896;29610352866;116;294;115;226;-7.8865915096615105;0.078125;;random_240
0;0.25664093414549094;0.11709618827825201;0.011090868978539399;0.030682481715937952;0.09962133977530511;0.23114394217116155;0.038641862415459305;0.2150823825198536;2415919104;26915008834;29528301986;35433613312;89;195;329;138;;;;random_241
1;0.21982401366548493;0.2544826784721114;0.021661278610512345;0.09821831115289123;0.04594910015733628;0.2864773754072369;0.0015186869759567518;0.07186855555847017;3489800192;26847748162;29565784290;35433613312;107;242;245;157;-7.808673104765831;0.09375;0.0625;random_241
2;0.22837669674309316;0.012187574629471723;0.0690915665638123;0.04103872449577563;0.361056208047885;0.27383426886967105;0.011429030478758087;0.002985930171533131;37849541632;27384742082;29602427378;1073872896;122;287;222;120;-7.86800318343817;0.078125;0.0625;random_241
3;0.1630698429893746;0.00407268318921882;0.09797735637200568;0.2025790815233156;0.07132255533094715;0.3329994162083449;0.0012882034078602433;0.12669086097893295;37849409536;27384742082;29602427378;1073872896;111;289;237;114;-7.875406293626275;0.078125;0.03125;random_241
4;0.1630698429893746;0.00407268318921882;0.09797735637200568;0.2025790815233156;0.07132255533094715;0.3329994162083449;0.0012882034078602433;0.12669086097893295;37849409536;27384742082;29602427378;1073872896;111;289;237;114;-7.8762665455070975;0.078125;0.046875;random_241
5;0.1630698429893746;0.00407268318921882;0.09797735637200568;0.2025790815233156;0.07132255533094715;0.3329994162083449;0.0012882034078602433;0.12669086097893295;37849409536;27384742082;29602427378;1073872896;111;289;237;114;-7.8762665455070975;0.09375;;random_241
0;0.0041300380073883945;0.12613514205210608;0.17770689378102408;0.016650989765485322;0.16953454924269226;0.26044051445167077;0.044195249785029624;0.20120662291460342;34359740416;29609828386;2415919104;12348162210;73;327;111;240;;;;random_242
1;0.13850934841559978;0.24566468793034796;0.04935995934393601;0.021988252219751713;0.157418505495186;0.23621902101059533;0.01813742761061247;0.1327027979739707;35433613312;29609828386;2415919104;12348170466;206;263;85;197;-7.743429627824866;0.078125;0.046875;random_242
2;0.08365946100027769;0.041121742231133386;0.09186568040930077;0.044696011818012756;0.21723168090227032;0.3311928691550277;0.0033295270512081624;0.18690302743276893;1073872896;29609828386;3489800192;12348170466;153;279;113;206;-7.764442063958814;0.09375;0.046875;random_242
3;0.08365946100027769;0.041121742231133386;0.09186568040930077;0.044696011818012756;0.21723168090227032;0.3311928691550277;0.0033295270512081624;0.18690302743276893;1073872896;29609828386;3489800192;12348170466;155;277;113;206;-7.803667018445363;0.078125;0.046875;random_242
4;0.08365946100027769;0.041121742231133386;0.09186568040930077;0.044696011818012756;0.21723168090227032;0.3311928691550277;0.0033295270512081624;0.18690302743276893;1073872896;29609828386;3489800192;12348170466;155;277;113;206;-7.803286479232078;0.078125;;random_242
0;0.16718795938682265;0.05081192146279675;0.001702752646169569;0.0025484549087664288;0.1460521019748179;0.25878007671496867;0.17685117701128372;0.19606555589437422;536870928;42949675010;29024714848;18794832000;44;78;317;312;;;;random_243
1;0.35536557504575755;0.038265523519394884;0.00450023963246392;0.001360380912786598;0.016291722576489084;0.3531279735521729;0.10437146840750454;0.12671711635343055;536870928;42949675010;29058605408;18794832000;31;92;324;304;-7.745216568603723;0.078125;0.0625;random_243
2;0.2642177348272221;0.1561322503065899;0.034257331827647695;0.1647989752610174;0.0631296223813709;0.26126611643791275;0.0007830390790511502;0.05541492987918809;1073872896;44090656770;29610352866;1610752128;96;177;362;116;-7.769701357989662;0.078125;0.046875;random_243
3;0.2380546354771868;0.11173900989189237;0.026105787627590093;0.2538020055267487;0.04185444016434565;0.24887557479368702;0.006384928033296779;0.07318361848525257;1073872896;44090656770;29610352866;1610752128;88;172;378;113;-7.8188350987706015;0.078125;0.03125;random_243
4;0.2380546354771868;0.11173900989189237;0.026105787627590093;0.2538020055267487;0.04185444016434565;0.24887557479368702;0.006384928033296779;0.07318361848525257;1073872896;44090656770;29610352866;1610752128;88;172;378;113;-7.829656883650524;0.078125;;random_243
0;0.11320245054713561;0.1333789381866921;0.028965606862305884;0.20098234346872232;0.17438673526327264;0.22880434164409616;0.06824321225110326;0.05203637177667189;2684354720;46802282550;9730924610;1073881088;119;279;180;173;;;;random_244
1;0.2366789100818342;0.1819432033667347;0.02595492144120827;0.25233527557337193;0.12282527776671816;0.1402530047885955;0.006348029328823759;0.033661377652713445;2684354720;63352015138;9730924610;1073881088;110;288;187;166;-7.833296321731234;0.09375;0.046875;random_244
2;0.2500791569798219;0.2354027773027801;0.014862273932091507;0.2486842722487812;0.05416282486031248;0.14072914265149306;0.02574566700541392;0.030333885019305878;2684354720;63352015138;9730924610;1073881088;111;282;192;166;-7.842358250021309;0.09375;0.03125;random_244
3;0.2500791569798219;0.2354027773027801;0.014862273932091507;0.2486842722487812;0.05416282486031248;0.14072914265149306;0.02574566700541392;0.030333885019305878;2684354720;63352015138;9730924610;1073881088;111;282;192;166;-7.84466268574862;0.078125;;random_244
0;0.03773800005837366;0.29072280156834646;0.23544786496977538;0.05014921010553666;0.1666427436219008;0.12475693366908573;0.04567516174321185;0.048867284263769475;536871040;61207611458;19595788544;12348170466;45;312;131;263;;;;random_245
1;0.25062137305087273;0.24275195882654502;0.20317223293680947;0.027415163896418005;0.006362418979034852;0.2260578007095274;0.038324377338726116;0.0052946742620665;1073881088;61746587650;19595788544;12348170466;113;293;120;225;-7.740443081817055;0.09375;0.046875;random_245
2;0.19058588247216623;0.12808684430294845;0.06174601005347848;0.0053138673448326545;0.226215301284702;0.31105630613255425;0.03223603873342036;0.04475974967589749;1073881088;61746587650;3489800192;12348170466;130;275;107;239;-7.803961690466308;0.09375;0.0625;random_245
3;0.1630698429893746;0.00407268318921882;0.09797735637200568;0.2025790815233156;0.07132255533094715;0.3329994162083449;0.0012882034078602433;0.12669086097893295;1073872896;61746587650;3489800192;12348170466;122;253;101;275;-7.852410386172973;0.09375;0.046875;random_245
4;0.1630698429893746;0.00407268318921882;0.09797735637200568;0.2025790815233156;0.07132255533094715;0.3329994162083449;0.0012882034078602433;0.12669086097893295;1073872896;61746587650;3489800192;12348170466;122;253;101;275;-7.85075348961358;0.09375;0.046875;random_245
5;0.1630698429893746;0.00407268318921882;0.09797735637200568;0.2025790815233156;0.07132255533094715;0.3329994162083449;0.0012882034078602433;0.12669086097893295;1073872896;61746587650;3489800192;12348170466;122;253;101;275;-7.85075348961358;0.078125;;random_245
0;0.28053029620081416;0.08879538858747275;0.2741156909832256;0.022015303669628925;0.1341704616124902;0.037740739485396524;0.0013939267512826155;0.16123819270968925;10200686722;2415919136;29610352866;1073872896;182;65;405;99;;;;random_246
1;0.2337700385736786;0.0030813621737787885;0.24985205292281729;0.04691282902530974;0.1648275416836902;0.10245125319663659;0.0009746452323179247;0.1981302771917709;10200686722;2415919136;29610352866;1073872896;188;69;401;93;-7.824496556517165;0.09375;0.03125;random_246
2;0.2337700385736786;0.0030813621737787885;0.24985205292281729;0.04691282902530974;0.1648275416836902;0.10245125319663659;0.0009746452323179247;0.1981302771917709;10200686722;2415919136;29610352866;1073872896;188;69;401;93;-7.814078087428811;0.078125;;random_246
0;0.026001098048410134;0.16483232958595487;0.15937429214637266;0.04025536900034509;0.21499207394379166;0.164608347296501;0.0680241884923443;0.16191230148628025;536871040;29610352866;2415919104;35433613312;65;425;83;178;;;;random_247
1;0.08365946100027769;0.041121742231133386;0.09186568040930077;0.044696011818012756;0.21723168090227032;0.3311928691550277;0.0033295270512081624;0.18690302743276893;1610752128;29610352866;3489800192;1073872896;130;374;113;134;-7.776502804901561;0.078125;0.0625;random_247
2;0.08365946100027769;0.041121742231133386;0.09186568040930077;0.044696011818012756;0.21723168090227032;0.3311928691550277;0.0033295270512081624;0.18690302743276893;1610752128;29610352866;3489800192;1073872896;130;374;113;134;-7.831225413677393;0.09375;0.046875;random_247
3;0.08365946100027769;0.041121742231133386;0.09186568040930077;0.044696011818012756;0.21723168090227032;0.3311928691550277;0.0033295270512081624;0.18690302743276893;1610752128;29610352866;3489800192;1073872896;130;374;113;134;-7.831225413677393;0.09375;;random_247
0;0.16732614960356262;0.07823615998311251;0.08586308000658699;0.08209512716640661;0.14096477913296887;0.20584223317251696;0.039593603706771306;0.2000788672280741;1610752128;1073872896;29610352866;11811291170;146;112;317;176;;;;random_248
1;0.3427249026034941;0.05116266297176817;0.011060137133342675;0.041071481623078464;0.17874459560888623;0.2212343173170999;0.029239444239926048;0.12476245850240444;1610752128;1073872896;29610352866;11811291170;164;122;305;160;-7.790284763074103;0.078125;0.046875;random_248
2;0.2202661165154616;0.03063273414087388;0.0011318744300935696;0.10738063715537516;0.18742419100673524;0.199213055326444;0.05172204374353616;0.2022293476814803;18790621568;1073872896;29610352866;11811291170;184;111;257;199;-7.786800147846786;0.078125;0.046875;random_248
3;0.32429386405129795;0.004157040430867142;0.0014156520110912357;0.10095164322477827;0.02919755662595877;0.35921252053944347;0.04187065942688594;0.13890106368967722;18794832000;1073872896;29610352866;11811291170;227;107;243;174;-7.810270351287261;0.09375;0.046875;random_248
4;0.1630698429893746;0.00407268318921882;0.09797735637200568;0.2025790815233156;0.07132255533094715;0.3329994162083449;0.0012882034078602433;0.12669086097893295;18794807424;1073872896;29610352866;11811291170;185;103;287;176;-7.786318260685262;0.078125;0.0625;random_248
5;0.22350086628715765;0.0027692807665022075;0.05262966994137647;0.43884178522662964;0.04310337257013177;0.00745609202988119;0.05762348469859703;0.17407544847972403;18794807424;1073872896;64229881568;11811291170;213;111;232;195;-7.79280874561431;0.09375;0.03125;random_248
6;0.22350086628715765;0.0027692807665022075;0.05262966994137647;0.43884178522662964;0.04310337257013177;0.00745609202988119;0.05762348469859703;0.17407544847972403;18794807424;1073872896;64229881568;11811291170;213;111;232;195;-7.883951845109471;0.09375;0.046875;random_248
7;0.22350086628715765;0.0027692807665022075;0.05262966994137647;0.43884178522662964;0.04310337257013177;0.00745609202988119;0.05762348469859703;0.17407544847972403;18794807424;1073872896;64229881568;11811291170;213;111;232;195;-7.883951845109471;0.09375;;random_248
0;0.006520963099957512;0.15571616994319715;0.09772991371657136;0.18659417064335188;0.1700676116765485;0.11321547664153307;0.15183126107309244;0.11832443320574822;34359740416;29610352866;2415919104;1610752128;82;471;47;151;;;;random_249
1;0.2380546354771868;0.11173900989189237;0.026105787627590093;0.2538020055267487;0.04185444016434565;0.24887557479368702;0.006384928033296779;0.07318361848525257;35433613312;29610352866;2415919104;1073881088;95;452;78;126;-7.764372387084301;0.09375;0.046875;random_249
2;0.20351755227612883;0.11702777632732324;0.07684897614325388;0.15060676575082368;0.06044924340346322;0.37948267454670465;0.011261351265992668;0.0008056602863097856;35433613312;29610352866;3489800192;1073881088;118;366;111;156;-7.83930818753549;0.09375;0.03125;random_249
3;0.2380546354771868;0.11173900989189237;0.026105787627590093;0.2538020055267487;0.04185444016434565;0.24887557479368702;0.006384928033296779;0.07318361848525257;35433613312;29610352866;3489800192;1073881088;94;439;92;126;-7.828170972157211;0.078125;0.03125;random_249
4;0.20351755227612883;0.11702777632732324;0.07684897614325388;0.15060676575082368;0.06044924340346322;0.37948267454670465;0.011261351265992668;0.0008056602863097856;35433613312;29610352866;3489800192;1073881088;118;366;111;156;-7.841780827439727;0.078125;0.046875;random_249
5;0.2380546354771868;0.11173900989189237;0.026105787627590093;0.2538020055267487;0.04185444016434565;0.24887557479368702;0.006384928033296779;0.07318361848525257;35433613312;29610352866;3489800192;1073881088;94;439;92;126;-7.828170972157211;0.09375;0.046875;random_249
6;0.20351755227612883;0.11702777632732324;0.07684897614325388;0.15060676575082368;0.06044924340346322;0.37948267454670465;0.011261351265992668;0.0008056602863097856;35433613312;29610352866;3489800192;1073881088;118;366;111;156;-7.841780827439727;0.09375;;random_249
0;0.11173425711130588;0.2495396087962507;0.1353700403797286;0.06436224673090418;0.008843796671147965;0.024099380545049363;0.24346520020776907;0.1625854695578442;536871040;61746587650;26847879232;11811291170;74;280;230;167;;;;random_25
1;0.38589812353111147;0.33822650530596715;0.025394866539336865;0.0870196693724164;0.07977728595257258;0.011696213496250043;0.03381265441055873;0.03817468139178661;536871040;64271383026;27384742082;3221356576;47;253;331;120;-7.7450233437094544;0.09375;0.046875;random_25
2;0.23100146817560832;0.28560526106641454;0.048180961704098677;0.07155834578377031;0.1489056167349243;0.024893341860084312;0.01694696935742803;0.1729080353176716;1610752128;63355365730;27384742082;3221356576;84;246;285;136;-7.795268348257547;0.078125;0.046875;random_25
3;0.3100584150792658;0.07343233757558437;0.025662999591963033;0.4248499922502482;0.09572582069474;0.01768437276106377;0.01984799302375869;0.03273806902337624;1610752128;63355365730;27384742082;3221356576;160;217;221;153;-7.795313413483091;0.09375;0.046875;random_25
4;0.22350086628715765;0.0027692807665022075;0.05262966994137647;0.43884178522662964;0.04310337257013177;0.00745609202988119;0.05762348469859703;0.17407544847972403;1610752128;63355365730;27384742082;3489792032;144;240;189;178;-7.793685373086017;0.078125;0.0625;random_25
5;0.22350086628715765;0.0027692807665022075;0.05262966994137647;0.43884178522662964;0.04310337257013177;0.00745609202988119;0.05762348469859703;0.17407544847972403;1610752128;63355365730;27384742082;3489792032;144;241;188;178;-7.826753775070928;0.09375;0.046875;random_25
6;0.22350086628715765;0.0027692807665022075;0.05262966994137647;0.43884178522662964;0.04310337257013177;0.00745609202988119;0.05762348469859703;0.17407544847972403;1610752128;63355365730;27384742082;3489792032;144;241;188;178;-7.826582664275024;0.09375;;random_25
0;0.21837384296440773;0.12811081121792092;0.14077755237890227;0.06741330626238622;0.16281276831374036;0.08150952752922692;0.15534301842947187;0.045659172903943744;9126805634;2147483680;29534331042;1073872896;85;44;462;160;;;;random_250
1;0.40072647367377445;0.00310362567010429;0.0033302005369709063;0.3927380356007213;0.046225443549343416;0.03708592971439797;0.06602574663090753;0.05076454462378014;29530141040;2147483680;61744482434;1073872896;278;61;262;150;-7.794372372980014;0.078125;0.046875;random_250
2;0.22350086628715765;0.0027692807665022075;0.05262966994137647;0.43884178522662964;0.04310337257013177;0.00745609202988119;0.05762348469859703;0.17407544847972403;29530141040;2415919136;61744482434;1073872896;269;50;286;146;-7.839532910147422;0.078125;0.046875;random_250
3;0.22350086628715765;0.0027692807665022075;0.05262966994137647;0.43884178522662964;0.04310337257013177;0.00745609202988119;0.05762348469859703;0.17407544847972403;29530141040;2415919136;61744482434;1073872896;269;50;286;146;-7.837794642550649;0.078125;0.046875;random_250
4;0.22350086628715765;0.0027692807665022075;0.05262966994137647;0.43884178522662964;0.04310337257013177;0.00745609202988119;0.05762348469859703;0.17407544847972403;29530141040;2415919136;61744482434;1073872896;269;50;286;146;-7.837794642550649;0.078125;;random_250
0;0.09170070292443448;0.2398077260381484;0.2454372128347593;0.15417287257417767;0.07567311949986237;0.022547529149210772;0.014509246051333325;0.1561515909280738;2415919136;44090656770;26847748162;1610752128;45;204;328;174;;;;random_251
1;0.22440616985490242;0.2125724606456071;0.007656131899060243;0.19058803671756924;0.08828782313965279;0.005075694983852973;0.017285057795493892;0.2541286249638614;2415919136;63665547266;26915008834;1610752128;47;241;225;238;-7.773522707819942;0.09375;0.046875;random_251
2;0.23100146817560832;0.28560526106641454;0.048180961704098677;0.07155834578377031;0.1489056167349243;0.024893341860084312;0.01694696935742803;0.1729080353176716;2415919136;63355365730;26847748162;1610752128;42;249;228;232;-7.790905648929736;0.078125;0.046875;random_251
3;0.23100146817560832;0.28560526106641454;0.048180961704098677;0.07155834578377031;0.1489056167349243;0.024893341860084312;0.01694696935742803;0.1729080353176716;2415919136;63355365730;26847748162;1610752128;42;249;228;232;-7.8074107359844405;0.09375;0.046875;random_251
4;0.23100146817560832;0.28560526106641454;0.048180961704098677;0.07155834578377031;0.1489056167349243;0.024893341860084312;0.01694696935742803;0.1729080353176716;2415919136;63355365730;26847748162;1610752128;42;249;228;232;-7.8074107359844405;0.078125;;random_251
0;0.12486202648597117;0.19633978995854173;0.12838151123100436;0.24441003802546746;0.009521670231881253;0.04884157884844654;0.0915173552984598;0.15612602992022762;2415919104;46506575906;26915008834;1610752128;42;232;286;191;;;;random_252
1;0.22350086628715765;0.0027692807665022075;0.05262966994137647;0.43884178522662964;0.04310337257013177;0.00745609202988119;0.05762348469859703;0.17407544847972403;2415919136;46506575906;26847879232;1610752128;58;220;256;217;-7.791384599502998;0.09375;0.046875;random_252
2;0.22350086628715765;0.0027692807665022075;0.05262966994137647;0.43884178522662964;0.04310337257013177;0.00745609202988119;0.05762348469859703;0.17407544847972403;2415919136;46506575906;26847879232;1610752128;58;220;256;217;-7.8594745906711605;0.09375;0.03125;random_252
3;0.22350086628715765;0.0027692807665022075;0.05262966994137647;0.43884178522662964;0.04310337257013177;0.00745609202988119;0.05762348469859703;0.17407544847972403;2415919136;46506575906;26847879232;1610752128;58;220;256;217;-7.8594745906711605;0.09375;;random_252
0;0.19882437192704033;0.08165325523120343;0.06248436985959646;0.014430108317050773;0.1914955131234497;0.08852321015538528;0.1332629179337352;0.22932625345253882;536871040;34359740416;29534331042;11811291170;79;73;384;215;;;;random_253
1;0.26603379501649377;0.05536077796444734;0.23638251459367227;0.015236933012937805;0.01303937016367669;0.08499488384654025;0.02662107906550008;0.3023306463367318;1610752128;34359740416;29609828386;11811291170;181;63;322;185;-7.765027121419526;0.125;0.0625;random_253
2;0.2660780737267583;0.06952141786432316;0.09753157761676097;0.010776309946296827;0.17542806628725943;0.07061830894777818;0.018942104245182504;0.2911041413656406;10200686786;1073872896;29609828386;11811291170;179;95;280;197;-7.773070620063606;0.078125;0.03125;random_253
3;0.2141875990279326;0.14140163163174538;0.04634367787947426;0.10831711571244376;0.05335031274434084;0.00656554995798805;0.03182409513900542;0.3980100179070696;10200686786;1073872896;29609828386;11811291170;192;117;242;200;-7.812853715779748;0.078125;0.046875;random_253
4;0.2141875990279326;0.14140163163174538;0.04634367787947426;0.10831711571244376;0.05335031274434084;0.00656554995798805;0.03182409513900542;0.3980100179070696;10200686786;1073872896;29609828386;11811291170;192;117;242;200;-7.819650825933582;0.09375;;random_253
0;0.00036136998082609716;0.03296267623016604;0.17656623307359287;0.1824622272030616;0.17433082982134518;0.12169751432589025;0.22183371969300783;0.08978542967211006;34359740416;29610352866;2415919104;1610752128;22;501;49;179;;;;random_254
1;0.35033565480167345;0.07313021044589284;0.009242168863010996;0.14729873199225382;0.03079014788024344;0.28686881011606;0.02786004260860249;0.07447423329226299;35433613312;29610352866;2415919104;1610752128;143;394;85;129;-7.754254535059098;0.078125;0.046875;random_254
2;0.2380546354771868;0.11173900989189237;0.026105787627590093;0.2538020055267487;0.04185444016434565;0.24887557479368702;0.006384928033296779;0.07318361848525257;35433613312;29610352866;2415919104;1073881088;95;452;78;126;-7.801591868205971;0.09375;0.046875;random_254
3;0.20351755227612883;0.11702777632732324;0.07684897614325388;0.15060676575082368;0.06044924340346322;0.37948267454670465;0.011261351265992668;0.0008056602863097856;35433613312;29610352866;3489800192;1073881088;118;366;111;156;-7.83930818753549;0.09375;0.046875;random_254
4;0.2380546354771868;0.11173900989189237;0.026105787627590093;0.2538020055267487;0.04185444016434565;0.24887557479368702;0.006384928033296779;0.07318361848525257;35433613312;29610352866;3489800192;1073881088;94;439;92;126;-7.828170972157211;0.078125;0.046875;random_254
5;0.20351755227612883;0.11702777632732324;0.07684897614325388;0.15060676575082368;0.06044924340346322;0.37948267454670465;0.011261351265992668;0.0008056602863097856;35433613312;29610352866;3489800192;1073881088;118;366;111;156;-7.841780827439727;0.078125;0.046875;random_254
6;0.2380546354771868;0.11173900989189237;0.026105787627590093;0.2538020055267487;0.04185444016434565;0.24887557479368702;0.006384928033296779;0.07318361848525257;35433613312;29610352866;3489800192;1073881088;94;438;93;126;-7.828170972157211;0.078125;0.046875;random_254
7;0.20351755227612883;0.11702777632732324;0.07684897614325388;0.15060676575082368;0.06044924340346322;0.37948267454670465;0.011261351265992668;0.0008056602863097856;35433613312;29610352866;3489800192;1073881088;118;366;111;156;-7.842241499041476;0.078125;;random_254
0;0.1522137245707386;0.01602414351201954;0.10364080426295601;0.1826988631450118;0.060369978566633405;0.23866602995559297;0.17366716304184318;0.07271929294520438;34896611456;29610352866;26915008834;1073872896;59;327;235;130;;;;random_255
1;0.35033565480167345;0.07313021044589284;0.009242168863010996;0.14729873199225382;0.03079014788024344;0.28686881011606;0.02786004260860249;0.07447423329226299;34896611456;29610352866;26915008834;1073872896;80;312;240;119;-7.805050344474533;0.078125;0.046875;random_255
2;0.2500753221895746;0.02631584140349527;0.01486204602943934;0.24868045884812284;0.12844901964676717;0.2581353234830028;0.04280500492180013;0.030676983477797903;34896611456;29610352866;26915008834;1073881088;66;308;203;174;-7.831196805149183;0.078125;0.046875;random_255
3;0.2380546354771868;0.11173900989189237;0.026105787627590093;0.2538020055267487;0.04185444016434565;0.24887557479368702;0.006384928033296779;0.07318361848525257;35970484352;29610352866;26915008834;1073881088;174;296;195;86;-7.847966638535743;0.078125;0.046875;random_255
4;0.2380546354771868;0.11173900989189237;0.026105787627590093;0.2538020055267487;0.04185444016434565;0.24887557479368702;0.006384928033296779;0.07318361848525257;53150357888;29610352866;26915008834;1073881088;164;296;187;104;-7.855815408045432;0.09375;0.046875;random_255
5;0.2380546354771868;0.11173900989189237;0.026105787627590093;0.2538020055267487;0.04185444016434565;0.24887557479368702;0.006384928033296779;0.07318361848525257;53150357888;29610352866;26915008834;1073881088;164;296;187;104;-7.8511632086331575;0.078125;0.046875;random_255
6;0.2380546354771868;0.11173900989189237;0.026105787627590093;0.2538020055267487;0.04185444016434565;0.24887557479368702;0.006384928033296779;0.07318361848525257;53150357888;29610352866;26915008834;1073881088;164;296;187;104;-7.8511632086331575;0.078125;;random_255
0;0.20128591050162553;0.021768426873932312;0.2551477659790735;0.012900444921330939;0.24433261662038103;0.06618464799318485;0.1983608962414495;1.9290869022305627e-05;536871040;33290367072;61761521922;11878268962;43;189;330;189;;;;random_256
1;0.2479022973280646;0.00250954320156114;0.29676397693279744;0.02437580049625518;0.18275602452521336;0.0711059001352932;0.1616938032101523;0.012892654170662645;536871040;29609828386;61761521922;11878268962;54;260;255;182;-7.723514978284177;0.078125;0.046875;random_256
2;0.30445685417468094;0.07788759542308717;0.24879194643959907;0.03712909593245266;0.05537589375838605;0.19140809083196877;0.07983560308920479;0.005114920350620516;536871040;29610352866;61761521922;11811291170;50;241;262;198;-7.738117619644657;0.09375;0.046875;random_256
3;0.296670705889715;0.001917466460021945;0.3016382567428871;0.0839066057164434;0.02984503132250086;0.15595218630104538;0.07648779917191219;0.05358194839547413;536871040;29610352866;61761521922;11811291170;59;264;222;206;-7.756047995587289;0.078125;0.046875;random_256
4;0.3310088586877285;0.03111682593989815;0.30108869231558;0.07181466639989471;0.02003476348059737;0.11510934429372632;0.029846778102673343;0.09998007077990154;1610752128;29610352866;61271845122;11811291170;144;263;202;142;-7.767147440975935;0.09375;0.03125;random_256
5;0.3310088586877285;0.03111682593989815;0.30108869231558;0.07181466639989471;0.02003476348059737;0.11510934429372632;0.029846778102673343;0.09998007077990154;1610752128;29610352866;61271845122;11811291170;144;263;202;142;-7.782993525254906;0.078125;0.046875;random_256
6;0.3310088586877285;0.03111682593989815;0.30108869231558;0.07181466639989471;0.02003476348059737;0.11510934429372632;0.029846778102673343;0.09998007077990154;1610752128;29610352866;61271845122;11811291170;144;263;202;142;-7.782993525254906;0.078125;;random_256
0;0.06954150756502506;0.20489917885253933;0.1456082438489496;0.031442506999587505;0.10766833049930441;0.10272285697320929;0.1554076665460889;0.18270970871529593;2684354720;46802282550;29327761760;29534331042;77;223;180;271;;;;random_257
1;0.18118905598899274;0.31565114268405503;0.019401406073154652;0.08588757243176605;0.027756396438629777;0.05061549878427709;0.027718009736984597;0.2917809178621401;2684354720;63355365730;1073872896;29534331042;101;260;138;252;-7.720031834238248;0.078125;0.046875;random_257
2;0.38589812353111147;0.33822650530596715;0.025394866539336865;0.0870196693724164;0.07977728595257258;0.011696213496250043;0.03381265441055873;0.03817468139178661;2684354720;63355365730;1073872896;29534331042;49;240;142;320;-7.797990755062929;0.09375;0.0625;random_257
3;0.3213706583755633;0.11903814318268968;0.017556143254973008;0.27872367736218245;0.15140872368796396;0.0725830103446137;0.006198745360259357;0.03312089843175478;2684354720;61207873600;1073872896;29534331042;93;236;134;288;-7.813111795316401;0.09375;0.046875;random_257
4;0.22350086628715765;0.0027692807665022075;0.05262966994137647;0.43884178522662964;0.04310337257013177;0.00745609202988119;0.05762348469859703;0.17407544847972403;2684354720;61207873600;1073872896;29534331042;97;198;156;300;-7.825889254770726;0.09375;0.046875;random_257
5;0.22350086628715765;0.0027692807665022075;0.05262966994137647;0.43884178522662964;0.04310337257013177;0.00745609202988119;0.05762348469859703;0.17407544847972403;2684354720;61207873600;1073872896;29534331042;97;198;156;300;-7.8631235157403205;0.078125;;random_257
0;0.19466533572805425;0.11511683565215147;0.09075915132758017;0.03333281670058874;0.18632908853504127;0.16515639241291438;0.09461520146058051;0.12002517818308923;1610752128;2147483680;9663807490;29803290626;171;111;162;307;;;;random_258
1;0.173774107802524;0.005944439597428946;0.1460460754256834;0.05636071752935284;0.15193135180814402;0.2964315205646726;0.0005845289065144723;0.16892725836567982;1610752128;3296862240;1073872896;29803290626;141;177;127;306;-7.7773464760101705;0.109375;0.046875;random_258
2;0.08365946100027769;0.041121742231133386;0.09186568040930077;0.044696011818012756;0.21723168090227032;0.3311928691550277;0.0033295270512081624;0.18690302743276893;1610752128;3296862240;1073872896;29272178690;179;190;116;266;-7.838220350497629;0.09375;0.046875;random_258
3;0.08365946100027769;0.041121742231133386;0.09186568040930077;0.044696011818012756;0.21723168090227032;0.3311928691550277;0.0033295270512081624;0.18690302743276893;1610752128;3296862240;1073872896;29272178690;179;190;116;266;-7.848062884404984;0.09375;0.046875;random_258
4;0.08365946100027769;0.041121742231133386;0.09186568040930077;0.044696011818012756;0.21723168090227032;0.3311928691550277;0.0033295270512081624;0.18690302743276893;1610752128;3296862240;1073872896;29272178690;179;190;116;266;-7.848062884404984;0.09375;;random_258
0;0.176482011408993;0.04372515351542814;0.007215942959626093;0.08423802858566419;0.15801676653790747;0.1291031818915097;0.18374411575131835;0.2174747993495529;536870916;42949675010;29024714848;18794832000;25;95;321;310;;;;random_259
1;0.2202661165154616;0.03063273414087388;0.0011318744300935696;0.10738063715537516;0.18742419100673524;0.199213055326444;0.05172204374353616;0.2022293476814803;536870916;44090656770;29058605408;18790621568;21;197;297;236;-7.6980736090152595;0.078125;0.046875;random_259
2;0.1630698429893746;0.00407268318921882;0.09797735637200568;0.2025790815233156;0.07132255533094715;0.3329994162083449;0.0012882034078602433;0.12669086097893295;1073872896;44090656770;29004800096;1610752128;102;166;344;139;-7.736870368322501;0.078125;0.046875;random_259
3;0.29733882025190816;0.006585438005213238;0.09639513903075424;0.2184823345993384;0.06785395966563444;0.29924815921097253;0.009175559626182243;0.004920589609996752;1073872896;44090656770;29610352866;1610752128;102;162;363;124;-7.8395536682783185;0.078125;0.046875;random_259
4;0.29733882025190816;0.006585438005213238;0.09639513903075424;0.2184823345993384;0.06785395966563444;0.29924815921097253;0.009175559626182243;0.004920589609996752;1073872896;44090656770;29610352866;1610752128;102;162;363;124;-7.849687072973529;0.078125;0.046875;random_259
5;0.29733882025190816;0.006585438005213238;0.09639513903075424;0.2184823345993384;0.06785395966563444;0.29924815921097253;0.009175559626182243;0.004920589609996752;1073872896;44090656770;29610352866;1610752128;102;162;363;124;-7.849687072973529;0.078125;;random_259
0;0.12346744127100277;0.2063250083507623;0.22787803421126931;0.049908224412462475;0.15257499247907957;0.060590756056233895;0.004751816713983236;0.17450372650520654;3758620832;64271383026;9663807490;18257944576;163;290;125;173;;;;random_26
1;0.1768824643639467;0.07808065691183654;0.27436987958488546;0.04822416650369036;0.1299976850527301;0.08363813258027995;0.00754469418510878;0.2012623208175221;3758620832;64271383026;9663807490;18257944576;165;264;140;182;-7.766103209030638;0.09375;0.046875;random_26
2;0.2337700385736786;0.0030813621737787885;0.24985205292281729;0.04691282902530974;0.1648275416836902;0.10245125319663659;0.0009746452323179247;0.1981302771917709;3758620832;64162569584;9663807490;18257936384;181;275;143;152;-7.780981717605453;0.109375;0.046875;random_26
3;0.2337700385736786;0.0030813621737787885;0.24985205292281729;0.04691282902530974;0.1648275416836902;0.10245125319663659;0.0009746452323179247;0.1981302771917709;3758620832;64162569584;9663807490;18257936384;181;275;143;152;-7.7806183891077145;0.09375;0.03125;random_26
4;0.2337700385736786;0.0030813621737787885;0.24985205292281729;0.04691282902530974;0.1648275416836902;0.10245125319663659;0.0009746452323179247;0.1981302771917709;3758620832;64162569584;9663807490;18257936384;181;275;143;152;-7.7806183891077145;0.078125;;random_26
0;0.10269057064412997;0.02822841628937692;0.1788367733255824;0.12088646840619582;0.15556510196836057;0.148149311987942;0.20355768811001745;0.06208566926839463;2415919104;68189404707;29610352866;1610752128;48;177;341;185;;;;random_260
1;0.31013533519551345;0.04948836284550026;0.0021619081207603927;0.04957424736803872;0.24118794582423778;0.24336657417850788;0.03738994088424384;0.06669568558319758;2415919104;61207611458;29610352866;1610752128;85;253;260;153;-7.7578840659116715;0.09375;0.046875;random_260
2;0.1630698429893746;0.00407268318921882;0.09797735637200568;0.2025790815233156;0.07132255533094715;0.3329994162083449;0.0012882034078602433;0.12669086097893295;37849409536;26847748162;63967544802;1073881088;115;236;282;118;-7.835497590919369;0.09375;0.046875;random_260
3;0.1630698429893746;0.00407268318921882;0.09797735637200568;0.2025790815233156;0.07132255533094715;0.3329994162083449;0.0012882034078602433;0.12669086097893295;37849409536;26847748162;63967544802;1073881088;115;236;282;118;-7.853218141554322;0.109375;0.03125;random_260
4;0.1630698429893746;0.00407268318921882;0.09797735637200568;0.2025790815233156;0.07132255533094715;0.3329994162083449;0.0012882034078602433;0.12669086097893295;37849409536;26847748162;63967544802;1073881088;115;236;282;118;-7.853218141554322;0.09375;;random_260
0;0.1999249981017851;0.10365396027318076;0.11208241672992664;0.06536394385469062;0.09751250997204934;0.2688025035235868;0.08293160973082409;0.06972805781395665;1610752128;2147483680;29610352866;29272178690;234;41;268;208;;;;random_261
1;0.1630698429893746;0.00407268318921882;0.09797735637200568;0.2025790815233156;0.07132255533094715;0.3329994162083449;0.0012882034078602433;0.12669086097893295;1073872896;3221356576;29610352866;29272178690;159;80;302;210;-7.78973894315525;0.09375;0.046875;random_261
2;0.1630698429893746;0.00407268318921882;0.09797735637200568;0.2025790815233156;0.07132255533094715;0.3329994162083449;0.0012882034078602433;0.12669086097893295;1073872896;3221356576;29610352866;29272178690;159;80;302;210;-7.8166027378546055;0.09375;0.0625;random_261
3;0.1630698429893746;0.00407268318921882;0.09797735637200568;0.2025790815233156;0.07132255533094715;0.3329994162083449;0.0012882034078602433;0.12669086097893295;1073872896;3221356576;29610352866;29272178690;159;80;302;210;-7.8166027378546055;0.078125;;random_261
0;0.14718472533712246;0.06512858503837218;0.11948312504437329;0.21054708788700585;0.058153315734366384;0.10769742432205259;0.15408834150233586;0.13771739513437148;2415919104;46506575906;26915008834;1610752128;47;217;290;197;;;;random_262
1;0.22350086628715765;0.0027692807665022075;0.05262966994137647;0.43884178522662964;0.04310337257013177;0.00745609202988119;0.05762348469859703;0.17407544847972403;2415919136;46506575906;26847879232;1610752128;58;220;256;217;-7.781898631876529;0.078125;0.046875;random_262
2;0.22350086628715765;0.0027692807665022075;0.05262966994137647;0.43884178522662964;0.04310337257013177;0.00745609202988119;0.05762348469859703;0.17407544847972403;2415919136;46506575906;26847879232;1610752128;58;220;256;217;-7.8594745906711605;0.078125;0.046875;random_262
3;0.22350086628715765;0.0027692807665022075;0.05262966994137647;0.43884178522662964;0.04310337257013177;0.00745609202988119;0.05762348469859703;0.17407544847972403;2415919136;46506575906;26847879232;1610752128;58;220;256;217;-7.8594745906711605;0.078125;;random_262
0;0.22356651551087717;0.15605250925969666;0.16971710189121605;0.2217849781777042;0.09505720356195649;0.0815113704960874;0.010060466610721875;0.04224985449174023;1073881088;2147483680;61740288386;29610352866;103;54;232;362;;;;random_263
1;0.2612206543758201;0.12298541394328338;0.08618795032956693;0.3612386279953682;0.08139311465758489;0.015019051858791096;0.04411887907697158;0.027836307762614036;1073881088;2147483680;61740288386;29610352866;151;47;229;324;-7.80057776517292;0.078125;0.0625;random_263
2;0.22350086628715765;0.0027692807665022075;0.05262966994137647;0.43884178522662964;0.04310337257013177;0.00745609202988119;0.05762348469859703;0.17407544847972403;1073872896;2147483680;61744482434;64229881568;161;38;278;274;-7.824177429258798;0.09375;0.046875;random_263
3;0.22350086628715765;0.0027692807665022075;0.05262966994137647;0.43884178522662964;0.04310337257013177;0.00745609202988119;0.05762348469859703;0.17407544847972403;1073872896;2147483680;61744482434;64229881568;161;38;278;274;-7.839729274008224;0.09375;0.03125;random_263
4;0.22350086628715765;0.0027692807665022075;0.05262966994137647;0.43884178522662964;0.04310337257013177;0.00745609202988119;0.05762348469859703;0.17407544847972403;1073872896;2147483680;61744482434;64229881568;161;38;278;274;-7.839729274008224;0.078125;;random_263
0;0.06314692647334974;0.04885434067860289;0.20094589546210884;0.14266796960834102;0.1777439519895867;0.21843140147627507;0.061438878994384605;0.08677063531735116;2415919104;11811291170;29610352866;1073881088;93;156;371;131;;;;random_264
1;0.1630698429893746;0.00407268318921882;0.09797735637200568;0.2025790815233156;0.07132255533094715;0.3329994162083449;0.0012882034078602433;0.12669086097893295;37849409536;11811291170;29610352866;1073872896;116;146;334;155;-7.802195724462095;0.078125;0.03125;random_264
2;0.1630698429893746;0.00407268318921882;0.09797735637200568;0.2025790815233156;0.07132255533094715;0.3329994162083449;0.0012882034078602433;0.12669086097893295;37849409536;11811291170;29610352866;1073872896;116;146;334;155;-7.809565870142485;0.078125;0.046875;random_264
3;0.1630698429893746;0.00407268318921882;0.09797735637200568;0.2025790815233156;0.07132255533094715;0.3329994162083449;0.0012882034078602433;0.12669086097893295;37849409536;11811291170;29610352866;1073872896;116;146;334;155;-7.809565870142485;0.078125;;random_264
0;0.168480143054687;0.09341585979804105;0.006961954820250111;0.10345204401511851;0.21602846270891296;0.09728383421885459;0.07902383515413455;0.2353538662300013;1610752128;29610352866;20669923328;35433613312;139;349;124;139;;;;random_265
1;0.2513448966457677;0.08915769942608719;0.016629634072666266;0.1181371434798492;0.2008391403663697;0.12327716479800704;0.007096098510675712;0.19351822270057709;1610752128;29610352866;20673732608;1073872896;147;372;127;105;-7.761729797131086;0.09375;0.046875;random_265
2;0.1630698429893746;0.00407268318921882;0.09797735637200568;0.2025790815233156;0.07132255533094715;0.3329994162083449;0.0012882034078602433;0.12669086097893295;1610752128;29610352866;20673732608;1073872896;134;373;145;99;-7.792185891533289;0.09375;0.046875;random_265
3;0.1630698429893746;0.00407268318921882;0.09797735637200568;0.2025790815233156;0.07132255533094715;0.3329994162083449;0.0012882034078602433;0.12669086097893295;1610752128;29610352866;20673732608;1073872896;134;373;145;99;-7.825216848936683;0.078125;;random_265
0;0.16684013520870802;0.09475742612590492;0.026413006375504644;0.20397537740199836;0.18332163932270384;0.23868535326236026;0.05625297944867364;0.029754082854146265;1610752128;2147483680;61807491474;1073872896;124;176;346;105;;;;random_266
1;0.2380546354771868;0.11173900989189237;0.026105787627590093;0.2538020055267487;0.04185444016434565;0.24887557479368702;0.006384928033296779;0.07318361848525257;1610752128;2147483680;61744482434;1073872896;117;165;358;111;-7.835222370734147;0.078125;0.03125;random_266
2;0.2380546354771868;0.11173900989189237;0.026105787627590093;0.2538020055267487;0.04185444016434565;0.24887557479368702;0.006384928033296779;0.07318361848525257;1610752128;2147483680;61744482434;1073872896;117;165;358;111;-7.835492248093588;0.078125;0.046875;random_266
3;0.2380546354771868;0.11173900989189237;0.026105787627590093;0.2538020055267487;0.04185444016434565;0.24887557479368702;0.006384928033296779;0.07318361848525257;1610752128;2147483680;61744482434;1073872896;117;165;358;111;-7.835492248093588;0.09375;;random_266
0;0.22011720263419304;0.061832098491865634;0.05353536107717227;0.09722105656790096;0.24831388932154633;0.16401849801491733;0.013938454418303357;0.141023439474101;1610752128;44090656770;29610352866;1073872896;131;179;361;80;;;;random_267
1;0.2380546354771868;0.11173900989189237;0.026105787627590093;0.2538020055267487;0.04185444016434565;0.24887557479368702;0.006384928033296779;0.07318361848525257;1610752128;44090656770;29610352866;1073872896;113;174;376;88;-7.816386472687182;0.078125;0.046875;random_267
2;0.2380546354771868;0.11173900989189237;0.026105787627590093;0.2538020055267487;0.04185444016434565;0.24887557479368702;0.006384928033296779;0.07318361848525257;1610752128;44090656770;29610352866;1073872896;113;174;376;88;-7.829464519816589;0.09375;;random_267
0;0.13349007069120272;0.10507161283004265;0.11172324265082409;0.04386905831442915;0.16545052136319083;0.10956635731797619;0.13920189888526424;0.1916272379470702;536871040;34359740416;29534331042;11878268962;81;75;420;175;;;;random_268
1;0.23047667560108465;0.1313187528964834;0.136839556998227;0.011203468825060412;0.24860665519413908;0.013612171495625791;0.029740006615476138;0.19820271237390363;1610752128;35500730368;29609828386;11811291170;160;162;302;127;-7.748672753504656;0.078125;0.046875;random_268
2;0.24111278055917468;0.18126867346523648;0.22124955871400626;0.0061871391451279924;0.06596555413423626;0.016543502624265134;0.010683611313661065;0.2569891800442924;1610752128;35500730368;29609828386;11811291170;165;136;302;148;-7.785692622292314;0.078125;0.046875;random_268
3;0.29244857425987714;0.307099990175721;0.02198410264128196;0.0022349689551305193;0.039777866992436295;0.017028148439896338;0.03792978224614748;0.2814965662895093;1610752128;61207611458;29609828386;11811291170;156;245;173;177;-7.806988929840046;0.078125;0.046875;random_268
4;0.204010366811844;0.2987667435432591;0.03065162719019198;0.08078032796635412;0.016787901371500866;0.042166449379253054;0.01703437799657975;0.3098022057410172;1610752128;61207611458;29609828386;11811291170;166;247;172;166;-7.801944417018159;0.09375;0.03125;random_268
5;0.204010366811844;0.2987667435432591;0.03065162719019198;0.08078032796635412;0.016787901371500866;0.042166449379253054;0.01703437799657975;0.3098022057410172;1610752128;61207611458;29609828386;11811291170;166;247;172;166;-7.78572362120123;0.078125;;random_268
0;0.15414502191990515;0.3171706166980697;0.002621054581649154;0.012026118625426631;0.21249181855896343;0.11211705838481217;0.08937579831121152;0.10005251291996216;536871040;2147483680;26847879232;29805125826;64;110;283;294;;;;random_269
1;0.2716056380085952;0.03673931813320706;0.012460585439678375;0.08351281880216717;0.20623417451665235;0.2456405994177504;0.08064686781861038;0.06315999786333912;1610752128;2147483680;26843938882;29805125826;182;136;226;207;-7.780751956793375;0.078125;0.046875;random_269
2;0.1630698429893746;0.00407268318921882;0.09797735637200568;0.2025790815233156;0.07132255533094715;0.3329994162083449;0.0012882034078602433;0.12669086097893295;1073881088;3296862240;26847748162;29800542402;127;173;241;210;-7.824491455688242;0.078125;0.046875;random_269
3;0.1630698429893746;0.00407268318921882;0.09797735637200568;0.2025790815233156;0.07132255533094715;0.3329994162083449;0.0012882034078602433;0.12669086097893295;1073881088;3296862240;26847748162;29800542402;127;173;241;210;-7.858690431337396;0.078125;0.03125;random_269
4;0.1630698429893746;0.00407268318921882;0.09797735637200568;0.2025790815233156;0.07132255533094715;0.3329994162083449;0.0012882034078602433;0.12669086097893295;1073881088;3296862240;26847748162;29800542402;127;173;241;210;-7.858690431337396;0.078125;;random_269
0;0.06814576621967473;0.08165637628722246;0.12527866203489463;0.17696687068864184;0.13393797663538584;0.1858258140375551;0.05824916417102139;0.16993936992560396;34359740416;29602427378;18257936384;1610752128;56;426;143;126;;;;random_27
1;0.2380546354771868;0.11173900989189237;0.026105787627590093;0.2538020055267487;0.04185444016434565;0.24887557479368702;0.006384928033296779;0.07318361848525257;35433613312;29610352866;1073872896;1610752128;102;479;72;98;-7.747235265031676;0.09375;0.03125;random_27
2;0.2366789100818342;0.1819432033667347;0.02595492144120827;0.25233527557337193;0.12282527776671816;0.1402530047885955;0.006348029328823759;0.033661377652713445;35433613312;29610352866;1073872896;1610752128;134;449;75;93;-7.820082848811523;0.09375;0.046875;random_27
3;0.2366789100818342;0.1819432033667347;0.02595492144120827;0.25233527557337193;0.12282527776671816;0.1402530047885955;0.006348029328823759;0.033661377652713445;35433613312;29610352866;1073872896;1610752128;134;449;75;93;-7.8254918362826675;0.078125;;random_27
0;0.0647867354271109;0.14832194178110947;0.11581661112578563;0.16054834689006306;0.16892346245503911;0.17151537179967055;0.08436932537021813;0.08571820515100302;2415919104;44090656770;29610352866;1610752128;70;178;365;138;;;;random_270
1;0.2380546354771868;0.11173900989189237;0.026105787627590093;0.2538020055267487;0.04185444016434565;0.24887557479368702;0.006384928033296779;0.07318361848525257;2415919104;44090656770;29610352866;1073881088;70;179;358;144;-7.801701453035804;0.078125;0.046875;random_270
2;0.20642446111882667;0.03247375426306101;0.008323848523663028;0.2607266687233741;0.10171287090797551;0.31275183634833637;0.0006962130348169285;0.07689034707994648;2415919104;44090656770;29565784290;1073881088;84;159;336;172;-7.851099297758951;0.078125;0.046875;random_270
3;0.1536894198364882;0.002031259805225586;0.015509271266870073;0.24031944545001954;0.08378739188450274;0.3347126832399806;0.042266667114845044;0.12768386140206808;2415919104;44090656770;29565784290;1073881088;98;138;339;176;-7.847482670748459;0.078125;0.046875;random_270
4;0.1630698429893746;0.00407268318921882;0.09797735637200568;0.2025790815233156;0.07132255533094715;0.3329994162083449;0.0012882034078602433;0.12669086097893295;3489800192;44090656770;29610352866;1073872896;102;140;372;137;-7.846846156902229;0.078125;0.046875;random_270
5;0.1630698429893746;0.00407268318921882;0.09797735637200568;0.2025790815233156;0.07132255533094715;0.3329994162083449;0.0012882034078602433;0.12669086097893295;3489800192;44090656770;29610352866;1073872896;102;140;372;137;-7.845462033926394;0.09375;0.03125;random_270
6;0.1630698429893746;0.00407268318921882;0.09797735637200568;0.2025790815233156;0.07132255533094715;0.3329994162083449;0.0012882034078602433;0.12669086097893295;3489800192;44090656770;29610352866;1073872896;102;140;372;137;-7.845462033926394;0.09375;;random_270
0;0.22159671517113538;0.1583180833152607;0.019250696836789694;0.1297109724232732;0.085169972254834;0.2362306059821395;0.0032668732393677925;0.1464560807771998;1610752128;44090656770;29610352866;1073872896;128;180;350;93;;;;random_271
1;0.2380546354771868;0.11173900989189237;0.026105787627590093;0.2538020055267487;0.04185444016434565;0.24887557479368702;0.006384928033296779;0.07318361848525257;1610752128;44090656770;29610352866;1073872896;113;174;376;88;-7.813312525771295;0.078125;0.046875;random_271
2;0.2380546354771868;0.11173900989189237;0.026105787627590093;0.2538020055267487;0.04185444016434565;0.24887557479368702;0.006384928033296779;0.07318361848525257;1610752128;44090656770;29610352866;1073872896;113;174;376;88;-7.829464519816589;0.09375;;random_271
0;0.15578151390038672;0.062195823442465166;0.2096054574326103;0.18504096683303084;0.1971216602677089;0.004140275986762426;0.12268202486715893;0.0634322772698767;2952790176;9663815682;29610352866;1073872896;68;145;389;149;;;;random_272
1;0.22350086628715765;0.0027692807665022075;0.05262966994137647;0.43884178522662964;0.04310337257013177;0.00745609202988119;0.05762348469859703;0.17407544847972403;2684354720;9663815682;64229881568;1073872896;97;185;303;166;-7.813513672523465;0.09375;0.03125;random_272
2;0.22350086628715765;0.0027692807665022075;0.05262966994137647;0.43884178522662964;0.04310337257013177;0.00745609202988119;0.05762348469859703;0.17407544847972403;2684354720;9663815682;64229881568;1073872896;97;185;303;166;-7.88720497889541;0.09375;0.046875;random_272
3;0.22350086628715765;0.0027692807665022075;0.05262966994137647;0.43884178522662964;0.04310337257013177;0.00745609202988119;0.05762348469859703;0.17407544847972403;2684354720;9663815682;64229881568;1073872896;97;185;303;166;-7.88720497889541;0.09375;;random_272
0;0.17511400197238353;0.13052661772429697;0.11114455380496048;0.023634059141134128;0.11142212807701608;0.13033160411580438;0.1971589922060255;0.120668042958379;536871040;2147483680;8589934594;27395236032;52;115;40;544;;;;random_273
1;0.20513901474327248;0.0038860390042853073;0.09344825267747821;0.17578699463296443;0.1817638091753376;0.2906260616697872;0.030928702288541565;0.018421125808333223;1073881088;3296862240;9663815682;27395236032;121;230;125;275;-7.747605428884343;0.09375;0.046875;random_273
2;0.1630698429893746;0.00407268318921882;0.09797735637200568;0.2025790815233156;0.07132255533094715;0.3329994162083449;0.0012882034078602433;0.12669086097893295;1073872896;3296862240;9663815682;27451850944;123;220;130;278;-7.839689360101296;0.078125;0.046875;random_273
3;0.1630698429893746;0.00407268318921882;0.09797735637200568;0.2025790815233156;0.07132255533094715;0.3329994162083449;0.0012882034078602433;0.12669086097893295;1073872896;3296862240;9663815682;27451850944;123;220;130;278;-7.841435825030566;0.078125;0.03125;random_273
4;0.1630698429893746;0.00407268318921882;0.09797735637200568;0.2025790815233156;0.07132255533094715;0.3329994162083449;0.0012882034078602433;0.12669086097893295;1073872896;3296862240;9663815682;27451850944;123;220;130;278;-7.841435825030566;0.078125;;random_273
0;0.2110578531691067;0.20979366974550012;0.1418542502074557;0.11037397830474728;0.10167199462618196;0.19425394947842192;0.006164762389993857;0.02482954207859266;1073881088;3221356576;27384742082;34359740416;97;185;365;104;;;;random_274
1;0.23305217935049427;0.24520217241991435;0.013850355910538516;0.23175226723291628;0.10393040132183767;0.15078164055193224;0.014373299585556198;0.007057683626810569;1073881088;3221356576;27384820166;35433613312;93;139;370;149;-7.814667021723629;0.078125;0.046875;random_274
2;0.2500791569798219;0.2354027773027801;0.014862273932091507;0.2486842722487812;0.05416282486031248;0.14072914265149306;0.02574566700541392;0.030333885019305878;1073881088;2147483680;27384742082;35433613312;108;88;407;148;-7.842855983829096;0.09375;0.046875;random_274
3;0.2500791569798219;0.2354027773027801;0.014862273932091507;0.2486842722487812;0.05416282486031248;0.14072914265149306;0.02574566700541392;0.030333885019305878;1073881088;2147483680;27384742082;35433613312;108;88;407;148;-7.835631399161815;0.09375;0.03125;random_274
4;0.2500791569798219;0.2354027773027801;0.014862273932091507;0.2486842722487812;0.05416282486031248;0.14072914265149306;0.02574566700541392;0.030333885019305878;1073881088;2147483680;27384742082;35433613312;108;88;407;148;-7.835631399161815;0.078125;;random_274
0;0.025499166472729592;0.18909466931652047;0.08485031138973614;0.15937484617036674;0.15083472094900466;0.09638605826707915;0.13279420225325986;0.1611660251813034;34359740416;63971487074;2415919104;1610752128;74;417;43;217;;;;random_275
1;0.27108794754259014;0.1831778606953081;0.020925739515263015;0.1971217476648742;0.1559468901172474;0.13987100957370288;0.020175438554036883;0.011693366336977266;35433613312;29610352866;2415919104;1073881088;138;435;48;130;-7.7501865539501384;0.09375;0.046875;random_275
2;0.2500791569798219;0.2354027773027801;0.014862273932091507;0.2486842722487812;0.05416282486031248;0.14072914265149306;0.02574566700541392;0.030333885019305878;35433613312;29610352866;2415919104;1073881088;146;424;49;132;-7.839606576238595;0.09375;0.046875;random_275
3;0.2500791569798219;0.2354027773027801;0.014862273932091507;0.2486842722487812;0.05416282486031248;0.14072914265149306;0.02574566700541392;0.030333885019305878;35433613312;29610352866;2415919104;1073881088;146;424;49;132;-7.842557292281303;0.078125;;random_275
0;0.20768458939277143;0.1270527489778387;0.13560191262633992;0.01497699420493798;0.21017108366109927;0.11655713897013868;0.17685539386175836;0.011100138305115553;536871040;23626547232;20961435680;29811212306;46;96;355;254;;;;random_276
1;0.30569829805547183;0.018844821169430478;0.017318006133024276;0.21482839828068165;0.1312954641178931;0.1944755621365723;0.06727876932369298;0.05026068078323331;1610752128;19331547168;20938367392;29805125826;192;44;162;353;-7.705123687258708;0.09375;0.0625;random_276
2;0.1536894198364882;0.002031259805225586;0.015509271266870073;0.24031944545001954;0.08378739188450274;0.3347126832399806;0.042266667114845044;0.12768386140206808;1073881088;19331547168;29565784290;63623802434;177;92;245;237;-7.787049122546275;0.09375;0.046875;random_276
3;0.1536894198364882;0.002031259805225586;0.015509271266870073;0.24031944545001954;0.08378739188450274;0.3347126832399806;0.042266667114845044;0.12768386140206808;1073881088;19331547168;29565784290;63623802434;177;92;245;237;-7.818881583297861;0.109375;0.046875;random_276
4;0.1536894198364882;0.002031259805225586;0.015509271266870073;0.24031944545001954;0.08378739188450274;0.3347126832399806;0.042266667114845044;0.12768386140206808;1073881088;19331547168;29565784290;63623802434;177;92;245;237;-7.818881583297861;0.09375;;random_276
0;0.1114863514146872;0.06806501889976722;0.07071383255792958;0.20963213088791782;0.16524340723573713;0.1164752193083213;0.0028038419209039365;0.25558019777473573;1610752128;29610352866;20673732608;1073872896;128;416;131;76;;;;random_277
1;0.22350086628715765;0.0027692807665022075;0.05262966994137647;0.43884178522662964;0.04310337257013177;0.00745609202988119;0.05762348469859703;0.17407544847972403;1610752128;29610352866;20673732608;1073872896;148;400;139;64;-7.798182138047517;0.09375;0.046875;random_277
2;0.22350086628715765;0.0027692807665022075;0.05262966994137647;0.43884178522662964;0.04310337257013177;0.00745609202988119;0.05762348469859703;0.17407544847972403;1610752128;29610352866;20673732608;1073872896;148;400;139;64;-7.878200884647227;0.078125;;random_277
0;0.2137288207938426;0.048332695911513075;0.009185756548499194;0.11779225111960867;0.2113710981404773;0.2022589681613488;0.1298921871432414;0.06743822218146912;34896611456;19331547168;20938367392;29805125826;88;50;290;323;;;;random_278
1;0.2380546354771868;0.11173900989189237;0.026105787627590093;0.2538020055267487;0.04185444016434565;0.24887557479368702;0.006384928033296779;0.07318361848525257;53150357888;20405682208;1073881088;29800542402;158;155;97;341;-7.746333194893079;0.078125;0.0625;random_278
2;0.2380546354771868;0.11173900989189237;0.026105787627590093;0.2538020055267487;0.04185444016434565;0.24887557479368702;0.006384928033296779;0.07318361848525257;53150357888;20405682208;1073881088;29800542402;158;155;97;341;-7.83781763768772;0.078125;0.0625;random_278
3;0.2380546354771868;0.11173900989189237;0.026105787627590093;0.2538020055267487;0.04185444016434565;0.24887557479368702;0.006384928033296779;0.07318361848525257;53150357888;20405682208;1073881088;29800542402;158;155;97;341;-7.83781763768772;0.078125;;random_278
0;0.11137596267539589;0.30308436883080075;0.165998223097307;0.04425735577129271;0.08385426243132457;0.09343016136466684;0.041702309717627895;0.15629735611158435;2684354720;63355365730;28992213282;18257944576;121;242;198;190;;;;random_279
1;0.3401271709626589;0.2973480132545519;0.000655657923521734;0.13831523557484376;0.21877195122103663;0.0005242223128739071;0.0008825991258984506;0.003375149624614897;2684354720;64271383026;29610352866;18257944576;61;253;261;176;-7.7968989773587145;0.09375;0.046875;random_279
2;0.3213706583755633;0.11903814318268968;0.017556143254973008;0.27872367736218245;0.15140872368796396;0.0725830103446137;0.006198745360259357;0.03312089843175478;2684354720;64271383026;29610352866;18257944576;83;224;249;195;-7.847693773966771;0.09375;0.03125;random_279
3;0.3213706583755633;0.11903814318268968;0.017556143254973008;0.27872367736218245;0.15140872368796396;0.0725830103446137;0.006198745360259357;0.03312089843175478;2684354720;64271383026;29610352866;18257944576;83;224;249;195;-7.8558552331967375;0.078125;;random_279
0;0.044337286759446315;0.2275647481694018;0.1641996918642372;0.051471851072646145;0.2262699807142178;0.17455759231180298;0.06065141893718628;0.05094743017106155;2415919104;46802282550;29610352866;1073881088;78;205;332;136;;;;random_28
1;0.08922816510716168;0.25961254950769286;0.06657640034426583;0.02785986017088236;0.2539664785206419;0.24572598476350171;0.0505776570364607;0.0064529045493929085;2415919104;44585596934;29610352866;1073881088;93;185;291;182;-7.78717975468723;0.078125;0.046875;random_28
2;0.12961102506719674;0.2121446348816462;0.009650034826341298;0.011627904301703115;0.228667349850816;0.2936266473663647;0.10472314378615677;0.009949259919775369;2415919104;61807491474;29632917990;1073881088;100;239;218;194;-7.826712226456791;0.078125;0.046875;random_28
3;0.2940985242496007;0.16691998144413625;0.021869178412160992;0.06509988062962803;0.0625237540796771;0.27062616109209964;0.009538048259700704;0.1093244718329965;2415919104;61744482434;29610352866;1073881088;88;240;287;136;-7.861040745360015;0.078125;0.046875;random_28
4;0.1630698429893746;0.00407268318921882;0.09797735637200568;0.2025790815233156;0.07132255533094715;0.3329994162083449;0.0012882034078602433;0.12669086097893295;3489800192;61744482434;29602427378;1073872896;96;233;297;125;-7.818523853310989;0.078125;0.03125;random_28
5;0.1630698429893746;0.00407268318921882;0.09797735637200568;0.2025790815233156;0.07132255533094715;0.3329994162083449;0.0012882034078602433;0.12669086097893295;3489800192;61744482434;29602427378;1073872896;96;233;297;125;-7.8450777002027685;0.078125;0.0625;random_28
6;0.1630698429893746;0.00407268318921882;0.09797735637200568;0.2025790815233156;0.07132255533094715;0.3329994162083449;0.0012882034078602433;0.12669086097893295;3489800192;61744482434;29602427378;1073872896;96;233;297;125;-7.8450777002027685;0.078125;;random_28
0;0.2264371187092817;0.16531525782055517;0.01791471024177986;0.0013582549848482292;0.06828520697576766;0.0896534705539524;0.19200347429221784;0.23903250642159704;536871040;42949675010;29024714848;18794832000;44;109;306;292;;;;random_280
1;0.3727851288207959;0.19854778109885135;0.1350963236234317;0.016738879870104504;0.12143230785692588;0.01169467480975842;0.09067056275369616;0.05303434116643602;2684354720;63355365730;9663807490;18805301248;77;281;144;249;-7.728317170750312;0.09375;0.03125;random_280
2;0.2679471359406261;0.17193277524387765;0.21016993773822412;0.027769435894291542;0.15368047257293507;0.06505913444470408;0.05186395715147595;0.0515771510138655;2684354720;63355365730;9663807490;18805301248;92;293;136;230;-7.780294443501987;0.078125;0.03125;random_280
3;0.2463226943358566;0.23279541126152578;0.24671874832013718;0.05364545042917015;0.09182135903917692;0.03690707143405272;0.08536329923627048;0.006425965943810351;2684354720;63355365730;9663807490;18811592704;69;307;149;226;-7.776373797354985;0.078125;0.046875;random_280
4;0.22107123085086694;0.22922609550858808;0.17741594901140437;0.10473344525015392;0.14267972738566126;0.07627816326680892;0.0374398327523024;0.0111555559742142;2684354720;63355365730;9663807490;18811592704;84;315;150;202;-7.776136595754182;0.078125;0.0625;random_280
5;0.2832493567464452;0.2590787285184928;0.2624926991599962;0.10479331000660308;0.003928406119581788;0.022338011407067426;0.01320083775025209;0.050918650291561555;2684354720;63355365730;9663807490;18805301248;87;294;152;218;-7.7914496259154715;0.078125;0.03125;random_280
6;0.2313536810088124;0.22408926486577352;0.1875524158076073;0.08742380321503716;0.15086772207737983;0.10782962309693095;0.004748715028374335;0.006134774900084681;2684354720;63355365730;9663815682;18796904576;92;307;148;204;-7.783956936060352;0.078125;0.046875;random_280
7;0.2832493567464452;0.2590787285184928;0.2624926991599962;0.10479331000660308;0.003928406119581788;0.022338011407067426;0.01320083775025209;0.050918650291561555;2684354720;63355365730;9663815682;18796904576;86;294;153;218;-7.793148614784836;0.078125;0.046875;random_280
8;0.14408919246140178;0.34629027047242217;0.05737156960042294;0.29200479493532056;0.11220571241414555;0.025713500206619364;0.009820497709361659;0.01250446220030585;2147483680;64271383026;9663815682;1073881088;70;375;140;166;-7.776714301514194;0.078125;0.046875;random_280
9;0.2366789100818342;0.1819432033667347;0.02595492144120827;0.25233527557337193;0.12282527776671816;0.1402530047885955;0.006348029328823759;0.033661377652713445;2147483680;64271383026;9663815682;1073881088;70;375;146;160;-7.847551490541107;0.078125;0.0625;random_280
10;0.2366789100818342;0.1819432033667347;0.02595492144120827;0.25233527557337193;0.12282527776671816;0.1402530047885955;0.006348029328823759;0.033661377652713445;2147483680;64271383026;9663815682;1073881088;70;375;146;160;-7.841775925580373;0.09375;;random_280
0;0.0813243343475383;0.14409014335411477;0.20876312780018566;0.1564653632637986;0.13349348228139676;0.016382671136063787;0.06782117498749533;0.19165970282940673;536871040;29610352866;2415919104;35433613312;83;471;29;168;;;;random_281
1;0.3640083387806765;0.005974109682769293;0.06820728633214607;0.03519794135579804;0.011233873977378954;0.1238314946489913;0.053295127400574765;0.3382518278216651;1610752128;29610352866;2415919104;1073872896;147;397;62;145;-7.779595509486762;0.078125;0.03125;random_281
2;0.209825130721953;0.05075182057385401;0.006518941341108242;0.13037498520860702;0.17356872586018926;0.1984333182244255;0.014059340551814912;0.21646773751804793;18790621568;29610352866;2415919104;1073872896;167;384;74;126;-7.79743317430756;0.09375;0.046875;random_281
3;0.1630698429893746;0.00407268318921882;0.09797735637200568;0.2025790815233156;0.07132255533094715;0.3329994162083449;0.0012882034078602433;0.12669086097893295;18790621568;29610352866;3489800192;1073872896;177;370;100;104;-7.820369188538917;0.09375;0.046875;random_281
4;0.1630698429893746;0.00407268318921882;0.09797735637200568;0.2025790815233156;0.07132255533094715;0.3329994162083449;0.0012882034078602433;0.12669086097893295;18790621568;29610352866;3489800192;1073872896;178;369;101;103;-7.835526204846031;0.078125;0.03125;random_281
5;0.1630698429893746;0.00407268318921882;0.09797735637200568;0.2025790815233156;0.07132255533094715;0.3329994162083449;0.0012882034078602433;0.12669086097893295;18790621568;29610352866;3489800192;1073872896;178;369;101;103;-7.8361588772068576;0.078125;;random_281
0;0.045581186322008464;0.19129751598776848;0.15790245800593558;0.08306987083882753;0.1199986725878265;0.12308999029335317;0.16192303985548473;0.11713726610879559;2684354720;46802282550;29530141040;18257936384;82;238;252;179;;;;random_282
1;0.3654385366671609;0.13866785552606806;0.0018778672905659368;0.16532125704780357;0.137943764862944;0.06497480183749599;0.08000235854611207;0.045773558221849565;2684354720;46802282550;29530141040;18257936384;67;246;243;195;-7.7149898731077045;0.09375;0.03125;random_282
2;0.22350086628715765;0.0027692807665022075;0.05262966994137647;0.43884178522662964;0.04310337257013177;0.00745609202988119;0.05762348469859703;0.17407544847972403;2952790176;46506575906;64229881568;18257936384;91;208;229;223;-7.81145784494998;0.078125;0.046875;random_282
3;0.22350086628715765;0.0027692807665022075;0.05262966994137647;0.43884178522662964;0.04310337257013177;0.00745609202988119;0.05762348469859703;0.17407544847972403;2952790176;46506575906;64229881568;18257936384;91;208;229;223;-7.886525219607982;0.078125;0.046875;random_282
4;0.22350086628715765;0.0027692807665022075;0.05262966994137647;0.43884178522662964;0.04310337257013177;0.00745609202988119;0.05762348469859703;0.17407544847972403;2952790176;46506575906;64229881568;18257936384;91;208;229;223;-7.886525219607982;0.09375;;random_282
0;0.03569334271778667;0.20745427202231345;0.10896949516447346;0.25831887664459313;0.07604342889049032;0.07056239862583841;0.08945260340559275;0.15350558252891192;536871040;29610352866;2415919104;35433613312;53;483;31;184;;;;random_283
1;0.22350086628715765;0.0027692807665022075;0.05262966994137647;0.43884178522662964;0.04310337257013177;0.00745609202988119;0.05762348469859703;0.17407544847972403;1610752128;29610352866;2415919136;1073872896;155;431;46;119;-7.77302726410672;0.078125;0.046875;random_283
2;0.22350086628715765;0.0027692807665022075;0.05262966994137647;0.43884178522662964;0.04310337257013177;0.00745609202988119;0.05762348469859703;0.17407544847972403;1610752128;29610352866;2415919136;1073872896;155;432;46;118;-7.872818554810086;0.09375;0.046875;random_283
3;0.22350086628715765;0.0027692807665022075;0.05262966994137647;0.43884178522662964;0.04310337257013177;0.00745609202988119;0.05762348469859703;0.17407544847972403;1610752128;29610352866;2415919136;1073872896;155;432;46;118;-7.872377247269405;0.078125;;random_283
0;0.1954384783455084;0.03849969885167558;0.06108151407155272;0.1270381803317427;0.0992260537588002;0.09769478225372047;0.17924737881305475;0.2017739135739451;536871040;42949675010;63355365730;18790621568;42;75;370;264;;;;random_284
1;0.40072647367377445;0.00310362567010429;0.0033302005369709063;0.3927380356007213;0.046225443549343416;0.03708592971439797;0.06602574663090753;0.05076454462378014;536871040;44090656770;29610352866;18257944576;60;171;300;220;-7.756701501274079;0.078125;0.046875;random_284
2;0.22350086628715765;0.0027692807665022075;0.05262966994137647;0.43884178522662964;0.04310337257013177;0.00745609202988119;0.05762348469859703;0.17407544847972403;1610752128;44090656770;29610352866;1073872896;151;157;305;138;-7.832380371853071;0.078125;0.046875;random_284
3;0.22350086628715765;0.0027692807665022075;0.05262966994137647;0.43884178522662964;0.04310337257013177;0.00745609202988119;0.05762348469859703;0.17407544847972403;1610752128;44090656770;29610352866;1073872896;151;157;304;139;-7.8761050239141195;0.078125;0.03125;random_284
4;0.22350086628715765;0.0027692807665022075;0.05262966994137647;0.43884178522662964;0.04310337257013177;0.00745609202988119;0.05762348469859703;0.17407544847972403;1610752128;44090656770;29610352866;1073872896;151;157;304;139;-7.876445880685877;0.09375;;random_284
0;0.09808265452676192;0.14007129221856313;0.1632429412998468;0.10563477600052007;0.059976972485320516;0.130031426032084;0.11923586773404661;0.18372406970285685;536870928;44090656770;29609828386;18794684544;44;207;302;198;;;;random_285
1;0.19023785248333236;0.12136605307756992;0.027654874264217637;0.010949187314309576;0.13516805901953688;0.1448850049056568;0.014652283688509902;0.35508668524686693;27394187346;9663807490;29609828386;18794807424;101;209;254;187;-7.735746022432046;0.09375;0.046875;random_285
2;0.28285602862283515;0.2537776207989907;0.0451233842292053;0.02450298610495382;0.05022252087045374;0.006392669873997028;0.004814088301972496;0.3323107011975916;27394187346;9663807490;29609828386;18794807424;107;204;225;215;-7.776056342336955;0.078125;0.0625;random_285
3;0.28285602862283515;0.2537776207989907;0.0451233842292053;0.02450298610495382;0.05022252087045374;0.006392669873997028;0.004814088301972496;0.3323107011975916;27394187346;9663807490;29609828386;18794807424;107;204;225;215;-7.767191361608859;0.078125;;random_285
0;0.012939132297370967;0.22470857258778054;0.1319495843039414;0.0038703836732750622;0.08510588213287144;0.17883567528473168;0.12059259085700318;0.2419981788630257;536871040;29534331042;2415919104;35433613312;95;381;69;206;;;;random_286
1;0.16870431776935094;0.023084512473087616;0.01991154586466565;0.09716155804395282;0.10140061948496998;0.26988616156688783;0.019773349403538906;0.3000779353935464;1610752128;29610352866;2415919104;1073872896;150;377;77;147;-7.766894357247848;0.09375;0.046875;random_286
2;0.22981236824301193;0.06474314081029917;0.05554132337516681;0.016073467164186665;0.18053825708676366;0.2551802717984384;0.02254044521833937;0.17557072630379392;1610752128;29610352866;2415919104;1073872896;159;346;98;148;-7.813156887321761;0.078125;0.03125;random_286
3;0.173774107802524;0.005944439597428946;0.1460460754256834;0.05636071752935284;0.15193135180814402;0.2964315205646726;0.0005845289065144723;0.16892725836567982;1610752128;29610352866;3489800192;1073872896;137;383;107;124;-7.820884856819001;0.078125;0.046875;random_286
4;0.173774107802524;0.005944439597428946;0.1460460754256834;0.05636071752935284;0.15193135180814402;0.2964315205646726;0.0005845289065144723;0.16892725836567982;1610752128;29610352866;3489800192;1073872896;137;383;107;124;-7.83074865801356;0.078125;0.0625;random_286
5;0.173774107802524;0.005944439597428946;0.1460460754256834;0.05636071752935284;0.15193135180814402;0.2964315205646726;0.0005845289065144723;0.16892725836567982;1610752128;29610352866;3489800192;1073872896;137;383;107;124;-7.83074865801356;0.078125;;random_286
0;0.08990387859167911;0.06948668724778603;0.17479823224630095;0.11655883384915446;0.14515462295496562;0.17140094300974876;0.14283601912934793;0.08986078297101706;2415919104;50466031650;29610352866;1610752128;61;164;359;167;;;;random_287
1;0.2380546354771868;0.11173900989189237;0.026105787627590093;0.2538020055267487;0.04185444016434565;0.24887557479368702;0.006384928033296779;0.07318361848525257;2415919104;44090656770;29610352866;1073881088;70;179;358;144;-7.766431259553633;0.078125;0.0625;random_287
2;0.20642446111882667;0.03247375426306101;0.008323848523663028;0.2607266687233741;0.10171287090797551;0.31275183634833637;0.0006962130348169285;0.07689034707994648;2415919104;44090656770;29565784290;1073881088;84;159;336;172;-7.851099297758951;0.078125;0.0625;random_287
3;0.1536894198364882;0.002031259805225586;0.015509271266870073;0.24031944545001954;0.08378739188450274;0.3347126832399806;0.042266667114845044;0.12768386140206808;2415919104;44090656770;29565784290;1073881088;98;138;339;176;-7.847482670748459;0.078125;0.03125;random_287
4;0.1630698429893746;0.00407268318921882;0.09797735637200568;0.2025790815233156;0.07132255533094715;0.3329994162083449;0.0012882034078602433;0.12669086097893295;3489800192;44090656770;29610352866;1073872896;102;140;372;137;-7.846846156902229;0.078125;0.046875;random_287
5;0.1630698429893746;0.00407268318921882;0.09797735637200568;0.2025790815233156;0.07132255533094715;0.3329994162083449;0.0012882034078602433;0.12669086097893295;3489800192;44090656770;29610352866;1073872896;102;140;372;137;-7.845462033926394;0.078125;0.0625;random_287
6;0.1630698429893746;0.00407268318921882;0.09797735637200568;0.2025790815233156;0.07132255533094715;0.3329994162083449;0.0012882034078602433;0.12669086097893295;3489800192;44090656770;29610352866;1073872896;102;140;372;137;-7.845462033926394;0.078125;;random_287
0;0.025523598679052906;0.11867342049964288;0.18354471188190818;0.0856726482568336;0.18626319733637586;0.10298243429772681;0.12697565636226424;0.1703643326861955;34359740416;29609828386;2415919104;1610752128;72;439;36;204;;;;random_288
1;0.4418039598125788;0.024641386485929024;0.3294529092840386;0.012318266203209909;0.03981676618088066;0.035829140197162254;0.012378393084231358;0.10375917875196927;1073872896;29610352866;2415919136;1610752128;116;430;60;145;-7.748541403946618;0.078125;0.046875;random_288
2;0.2337700385736786;0.0030813621737787885;0.24985205292281729;0.04691282902530974;0.1648275416836902;0.10245125319663659;0.0009746452323179247;0.1981302771917709;1073872896;29610352866;2415919136;1610752128;116;430;68;137;-7.813963328737259;0.09375;0.03125;random_288
3;0.2337700385736786;0.0030813621737787885;0.24985205292281729;0.04691282902530974;0.1648275416836902;0.10245125319663659;0.0009746452323179247;0.1981302771917709;1073872896;29610352866;2415919136;1610752128;116;430;68;137;-7.816091608605038;0.078125;;random_288
0;0.14777215286198817;0.0238094295606513;0.2567520015498893;0.06434620369628628;0.1859607501327992;0.13220347569891533;0.1253092905824198;0.06384669591705065;536871040;2147483680;61211814146;29800661154;63;71;274;343;;;;random_289
1;0.187782445713713;0.0871633882971448;0.25197618036279057;0.056596944654910546;0.1723073776163243;0.22144451937866313;0.0014831995185273783;0.021245944457926227;1610752128;2147483680;1073872896;29800661154;125;99;108;419;-7.754178626351144;0.09375;0.046875;random_289
2;0.173774107802524;0.005944439597428946;0.1460460754256834;0.05636071752935284;0.15193135180814402;0.2964315205646726;0.0005845289065144723;0.16892725836567982;1610752128;2147483680;1073872896;29800661154;149;116;127;359;-7.80537599190281;0.078125;0.046875;random_289
3;0.173774107802524;0.005944439597428946;0.1460460754256834;0.05636071752935284;0.15193135180814402;0.2964315205646726;0.0005845289065144723;0.16892725836567982;1610752128;2147483680;1073872896;29800661154;149;116;127;359;-7.809342187884917;0.078125;;random_289
0;0.18004474216071742;0.008916308548138267;0.07208383785410453;0.14755360937422263;0.130002402201573;0.1610656170631507;0.09645989960549682;0.2038735831925967;536871040;61956501826;1073872896;11811291170;95;302;116;238;;;;random_29
1;0.299162776378207;0.0023435370518073407;0.05061484071292489;0.1970743608872093;0.1932657499957611;0.009595591530040902;0.031612117135623855;0.21633102630842568;1610752128;63971487074;1073872896;11811291170;144;310;128;169;-7.791377602551717;0.078125;0.03125;random_29
2;0.22350086628715765;0.0027692807665022075;0.05262966994137647;0.43884178522662964;0.04310337257013177;0.00745609202988119;0.05762348469859703;0.17407544847972403;1610752128;64229881568;1073872896;11811291170;145;272;137;197;-7.812022908526922;0.09375;0.03125;random_29
3;0.22350086628715765;0.0027692807665022075;0.05262966994137647;0.43884178522662964;0.04310337257013177;0.00745609202988119;0.05762348469859703;0.17407544847972403;1610752128;64229881568;1073872896;11811291170;145;272;137;197;-7.875433991677041;0.078125;0.046875;random_29
4;0.22350086628715765;0.0027692807665022075;0.05262966994137647;0.43884178522662964;0.04310337257013177;0.00745609202988119;0.05762348469859703;0.17407544847972403;1610752128;64229881568;1073872896;11811291170;145;272;137;197;-7.875433991677041;0.078125;;random_29
0;0.16346078482218185;0.025529929709527704;0.22419179341449297;0.19135259340129715;0.12098754855312714;0.09609871330474934;0.0648420466608405;0.11353659013378328;2952790176;9663807490;29610352866;1073872896;106;126;394;125;;;;random_290
1;0.22350086628715765;0.0027692807665022075;0.05262966994137647;0.43884178522662964;0.04310337257013177;0.00745609202988119;0.05762348469859703;0.17407544847972403;2684354720;9663815682;64229881568;1073872896;97;185;303;166;-7.815923445934569;0.078125;0.0625;random_290
2;0.22350086628715765;0.0027692807665022075;0.05262966994137647;0.43884178522662964;0.04310337257013177;0.00745609202988119;0.05762348469859703;0.17407544847972403;2684354720;9663815682;64229881568;1073872896;97;185;303;166;-7.88720497889541;0.078125;0.046875;random_290
3;0.22350086628715765;0.0027692807665022075;0.05262966994137647;0.43884178522662964;0.04310337257013177;0.00745609202988119;0.05762348469859703;0.17407544847972403;2684354720;9663815682;64229881568;1073872896;97;185;303;166;-7.88720497889541;0.09375;;random_290
0;0.22101705408843955;0.06911518950104688;0.12579613139697077;0.058947576810980486;0.08473302738297026;0.04781667297669212;0.2489444024635276;0.1436299453793725;536871040;2147483680;8589934658;29534331042;62;33;60;596;;;;random_291
1;0.46228151093046305;0.07869690791641894;0.1301193657679063;0.14853815279440782;0.06485685665318612;0.04324145824821803;0.04359765696864657;0.02866809072075323;1610752128;2415919136;8589934594;29610352866;210;53;59;429;-7.754012692591357;0.078125;0.0625;random_291
2;0.28781070354548244;0.055796013662973175;0.025259102217814636;0.2890178041962452;0.036218807741291055;0.23046486245127196;0.0734298625641276;0.002002843620793949;1610752128;2415919136;8589934594;29540626790;218;72;97;364;-7.806382323345353;0.078125;0.046875;random_291
3;0.34884434049438995;0.00273272513097807;0.06775407423558436;0.38042746609519695;0.011189118644623321;0.09961849730817919;0.034426194101241654;0.05500758398980671;1073881088;2415919136;9663815682;29610352866;162;68;145;376;-7.8684937002677895;0.078125;0.046875;random_291
4;0.22350086628715765;0.0027692807665022075;0.05262966994137647;0.43884178522662964;0.04310337257013177;0.00745609202988119;0.05762348469859703;0.17407544847972403;1073872896;2415919136;9663815682;64229881568;164;48;185;354;-7.846279466943292;0.078125;0.0625;random_291
5;0.22350086628715765;0.0027692807665022075;0.05262966994137647;0.43884178522662964;0.04310337257013177;0.00745609202988119;0.05762348469859703;0.17407544847972403;1073872896;2415919136;9663815682;64229881568;164;48;185;354;-7.874908193975783;0.078125;0.046875;random_291
6;0.22350086628715765;0.0027692807665022075;0.05262966994137647;0.43884178522662964;0.04310337257013177;0.00745609202988119;0.05762348469859703;0.17407544847972403;1073872896;2415919136;9663815682;64229881568;164;48;185;354;-7.874908193975783;0.078125;;random_291
0;0.2042433734410177;0.027383296421604912;0.10204085730549763;0.24878821228173942;0.02353386013861438;0.046121936755088515;0.17431054348865516;0.17357792016778234;536871040;44090656770;3221356576;18794684544;44;298;163;246;;;;random_292
1;0.22350086628715765;0.0027692807665022075;0.05262966994137647;0.43884178522662964;0.04310337257013177;0.00745609202988119;0.05762348469859703;0.17407544847972403;536871040;63355365730;3489792032;18796904576;36;402;119;194;-7.781459397373056;0.078125;0.046875;random_292
2;0.22350086628715765;0.0027692807665022075;0.05262966994137647;0.43884178522662964;0.04310337257013177;0.00745609202988119;0.05762348469859703;0.17407544847972403;536871040;63355365730;3489792032;18796904576;36;402;119;194;-7.850022310079888;0.078125;0.046875;random_292
3;0.22350086628715765;0.0027692807665022075;0.05262966994137647;0.43884178522662964;0.04310337257013177;0.00745609202988119;0.05762348469859703;0.17407544847972403;536871040;63355365730;3489792032;18796904576;36;402;119;194;-7.850022310079888;0.09375;;random_292
0;0.2890686908280654;0.3226114813649432;0.04896506840006654;0.08944694716396354;0.14741317372284496;0.00031150457957566946;0.02407596997873067;0.07810716396181017;10200686722;2147483680;29610352866;18257944576;201;53;309;188;;;;random_293
1;0.22352177554152336;0.013933884125510719;0.06253197493453261;0.21163666058181785;0.26261692524996455;0.19475658839223114;0.02758841884629807;0.0034137723281217284;10200686722;2147483680;29610352866;18257944576;192;78;298;183;-7.802855085277629;0.078125;0.046875;random_293
2;0.34884434049438995;0.00273272513097807;0.06775407423558436;0.38042746609519695;0.011189118644623321;0.09961849730817919;0.034426194101241654;0.05500758398980671;10200686722;2147483680;29610352866;18257936384;190;71;292;198;-7.850650427644253;0.09375;0.046875;random_293
3;0.22350086628715765;0.0027692807665022075;0.05262966994137647;0.43884178522662964;0.04310337257013177;0.00745609202988119;0.05762348469859703;0.17407544847972403;10200686722;2415919136;64229881568;18257936384;243;49;255;204;-7.840196096319383;0.09375;0.046875;random_293
4;0.22350086628715765;0.0027692807665022075;0.05262966994137647;0.43884178522662964;0.04310337257013177;0.00745609202988119;0.05762348469859703;0.17407544847972403;10200686722;2415919136;64229881568;18257936384;243;49;255;204;-7.853833265175843;0.09375;0.046875;random_293
5;0.22350086628715765;0.0027692807665022075;0.05262966994137647;0.43884178522662964;0.04310337257013177;0.00745609202988119;0.05762348469859703;0.17407544847972403;10200686722;2415919136;64229881568;18257936384;243;49;255;204;-7.853833265175843;0.09375;;random_293
0;0.10667496870549999;0.0557702570966362;0.19438709548585123;0.07190117986994883;0.20501705860104247;0.21614004579282428;0.0997480131879528;0.050361381260244205;2415919104;50466031650;29610352866;1073881088;80;137;373;161;;;;random_294
1;0.20513901474327248;0.0038860390042853073;0.09344825267747821;0.17578699463296443;0.1817638091753376;0.2906260616697872;0.030928702288541565;0.018421125808333223;2415919104;44090656770;29610352866;1073881088;93;159;337;162;-7.779477766014534;0.109375;0.046875;random_294
2;0.1536894198364882;0.002031259805225586;0.015509271266870073;0.24031944545001954;0.08378739188450274;0.3347126832399806;0.042266667114845044;0.12768386140206808;2415919104;44090656770;29565784290;1073881088;98;138;339;176;-7.836833690515346;0.09375;0.03125;random_294
3;0.1630698429893746;0.00407268318921882;0.09797735637200568;0.2025790815233156;0.07132255533094715;0.3329994162083449;0.0012882034078602433;0.12669086097893295;3489800192;44090656770;29610352866;1073872896;101;140;373;137;-7.846846156902229;0.078125;0.046875;random_294
4;0.1630698429893746;0.00407268318921882;0.09797735637200568;0.2025790815233156;0.07132255533094715;0.3329994162083449;0.0012882034078602433;0.12669086097893295;3489800192;44090656770;29610352866;1073872896;102;140;372;137;-7.845097541378051;0.09375;0.046875;random_294
5;0.1630698429893746;0.00407268318921882;0.09797735637200568;0.2025790815233156;0.07132255533094715;0.3329994162083449;0.0012882034078602433;0.12669086097893295;3489800192;44090656770;29610352866;1073872896;102;140;372;137;-7.845462033926394;0.078125;;random_294
0;0.07284497116245871;0.19389294186894987;0.068270358809671;0.0950523384844668;0.11952654290376301;0.14363667184392176;0.24878071031792043;0.057995464608848524;2684354720;46802282550;29602427378;18257936384;51;235;273;192;;;;random_295
1;0.3654385366671609;0.13866785552606806;0.0018778672905659368;0.16532125704780357;0.137943764862944;0.06497480183749599;0.08000235854611207;0.045773558221849565;2684354720;46802282550;29610352866;18257936384;67;210;283;191;-7.737989748147425;0.078125;0.046875;random_295
2;0.3213706583755633;0.11903814318268968;0.017556143254973008;0.27872367736218245;0.15140872368796396;0.0725830103446137;0.006198745360259357;0.03312089843175478;2684354720;44090656770;29610352866;18257944576;95;168;297;191;-7.8292502950649965;0.09375;0.046875;random_295
3;0.22350086628715765;0.0027692807665022075;0.05262966994137647;0.43884178522662964;0.04310337257013177;0.00745609202988119;0.05762348469859703;0.17407544847972403;2952790176;44090656770;64229881568;18257936384;90;201;237;223;-7.831952963351711;0.078125;0.046875;random_295
4;0.22350086628715765;0.0027692807665022075;0.05262966994137647;0.43884178522662964;0.04310337257013177;0.00745609202988119;0.05762348469859703;0.17407544847972403;2952790176;44090656770;64229881568;18257936384;90;201;237;223;-7.886907146226282;0.09375;0.046875;random_295
5;0.22350086628715765;0.0027692807665022075;0.05262966994137647;0.43884178522662964;0.04310337257013177;0.00745609202988119;0.05762348469859703;0.17407544847972403;2952790176;44090656770;64229881568;18257936384;90;201;237;223;-7.8869832871756556;0.078125;;random_295
0;0.11794817054359817;0.08773473056692517;0.12051446696807781;0.03364151368733453;0.12007939309039335;0.2963073930480678;0.09964845586955541;0.12412587622604769;1610752128;42949675010;11811291170;18257944576;163;97;279;212;;;;random_296
1;0.35536557504575755;0.038265523519394884;0.00450023963246392;0.001360380912786598;0.016291722576489084;0.3531279735521729;0.10437146840750454;0.12671711635343055;1610752128;42949675010;29058605408;18257944576;176;78;305;192;-7.812667721958148;0.078125;0.046875;random_296
2;0.35536557504575755;0.038265523519394884;0.00450023963246392;0.001360380912786598;0.016291722576489084;0.3531279735521729;0.10437146840750454;0.12671711635343055;1610752128;42949675010;29058605408;18257944576;174;78;307;192;-7.847112488155546;0.078125;0.046875;random_296
3;0.35536557504575755;0.038265523519394884;0.00450023963246392;0.001360380912786598;0.016291722576489084;0.3531279735521729;0.10437146840750454;0.12671711635343055;1610752128;42949675010;29058605408;18257944576;174;78;307;192;-7.848186676748177;0.09375;;random_296
0;0.24178174166354208;0.18646221247127162;0.13228311705915202;0.19895833952583727;0.031533514794731723;0.1189077381004731;0.030267992719869814;0.05980534366512239;1073881088;2147483680;61211814146;29610352866;116;53;228;354;;;;random_297
1;0.2366789100818342;0.1819432033667347;0.02595492144120827;0.25233527557337193;0.12282527776671816;0.1402530047885955;0.006348029328823759;0.033661377652713445;1073881088;2147483680;61274851586;29610352866;152;66;218;315;-7.80002935848863;0.078125;0.046875;random_297
2;0.2366789100818342;0.1819432033667347;0.02595492144120827;0.25233527557337193;0.12282527776671816;0.1402530047885955;0.006348029328823759;0.033661377652713445;1073881088;2147483680;61274851586;29610352866;152;66;221;312;-7.834187720898149;0.09375;0.046875;random_297
3;0.2366789100818342;0.1819432033667347;0.02595492144120827;0.25233527557337193;0.12282527776671816;0.1402530047885955;0.006348029328823759;0.033661377652713445;1073881088;2147483680;61274851586;29610352866;152;66;221;312;-7.834793680192012;0.078125;;random_297
0;0.03380876571688585;0.08622181998541306;0.09094948612696642;0.2257556392040948;0.06294450870390843;0.11258578038687862;0.19336199364343906;0.19437200623241363;536871040;29610352866;18257809408;1073872896;69;466;94;122;;;;random_298
1;0.22350086628715765;0.0027692807665022075;0.05262966994137647;0.43884178522662964;0.04310337257013177;0.00745609202988119;0.05762348469859703;0.17407544847972403;1610752128;29610352866;18257936384;1073872896;140;415;121;75;-7.744996258608981;0.09375;0.046875;random_298
2;0.22350086628715765;0.0027692807665022075;0.05262966994137647;0.43884178522662964;0.04310337257013177;0.00745609202988119;0.05762348469859703;0.17407544847972403;1610752128;29610352866;18257936384;1073872896;140;415;121;75;-7.853764635352317;0.078125;0.046875;random_298
3;0.22350086628715765;0.0027692807665022075;0.05262966994137647;0.43884178522662964;0.04310337257013177;0.00745609202988119;0.05762348469859703;0.17407544847972403;1610752128;29610352866;18257936384;1073872896;140;415;121;75;-7.853764635352317;0.078125;;random_298
0;0.20792171636827303;0.07975935663437698;0.13715770388782067;0.05159963487093075;0.05220591432935334;0.12077254070612149;0.20466549838869946;0.14591763481442432;34359740416;2147483680;8589934594;27395236032;68;107;41;535;;;;random_299
1;0.3213706583755633;0.11903814318268968;0.017556143254973008;0.27872367736218245;0.15140872368796396;0.0725830103446137;0.006198745360259357;0.03312089843175478;35433613312;2147483680;26847870978;27395236032;137;81;242;291;-7.758596355329273;0.078125;0.0625;random_299
2;0.22350086628715765;0.0027692807665022075;0.05262966994137647;0.43884178522662964;0.04310337257013177;0.00745609202988119;0.05762348469859703;0.17407544847972403;1073872896;2415919136;29062463522;27395236032;159;46;229;317;-7.838805660882144;0.078125;0.046875;random_299
3;0.22350086628715765;0.0027692807665022075;0.05262966994137647;0.43884178522662964;0.04310337257013177;0.00745609202988119;0.05762348469859703;0.17407544847972403;1073872896;2415919136;29062463522;27395236032;159;46;229;317;-7.858172078152965;0.078125;0.03125;random_299
4;0.22350086628715765;0.0027692807665022075;0.05262966994137647;0.43884178522662964;0.04310337257013177;0.00745609202988119;0.05762348469859703;0.17407544847972403;1073872896;2415919136;29062463522;27395236032;159;46;229;317;-7.858172078152965;0.078125;;random_299
0;0.030949599129559226;0.1674520839070687;0.037512139641506875;0.24719734700076937;0.13655527174146523;0.10850714956091802;0.0692279001310634;0.20259850888764908;1073881088;1610743936;61744482434;29062463522;134;109;222;286;;;;random_3
1;0.3626284044465631;0.12032244858769275;0.014890846301136434;0.29234443171287283;0.07454370796358199;0.008249448377051619;0.02486021299678808;0.10216049961431316;1073872896;1610752128;64271383026;29062463522;113;135;301;202;-7.773154071520256;0.09375;0.046875;random_3
2;0.22350086628715765;0.0027692807665022075;0.05262966994137647;0.43884178522662964;0.04310337257013177;0.00745609202988119;0.05762348469859703;0.17407544847972403;1073872896;1610752128;64229881568;29062463522;130;144;244;233;-7.8279609308695;0.078125;0.03125;random_3
3;0.22350086628715765;0.0027692807665022075;0.05262966994137647;0.43884178522662964;0.04310337257013177;0.00745609202988119;0.05762348469859703;0.17407544847972403;1073872896;1610752128;64229881568;29062463522;130;144;244;233;-7.868682930659726;0.078125;0.046875;random_3
4;0.22350086628715765;0.0027692807665022075;0.05262966994137647;0.43884178522662964;0.04310337257013177;0.00745609202988119;0.05762348469859703;0.17407544847972403;1073872896;1610752128;64229881568;29062463522;130;144;244;233;-7.868682930659726;0.078125;;random_3
0;0.24734908670517736;0.033653074694009494;0.14814194497023717;0.037815261327665606;0.2052595204834616;0.11340437579890401;0.16189794235620683;0.05247879366433788;43486546050;2147483680;29534331042;1073872896;94;47;453;157;;;;random_30
1;0.29359993935849377;0.03169111591059263;0.00446780022984382;0.09521728478031243;0.3115066219706639;0.1736491574169981;0.06860366795592426;0.021264412377171044;43486546050;2147483680;29610352866;1073872896;129;52;404;166;-7.784258941603625;0.078125;0.046875;random_30
2;0.31896473706033546;0.06615693933664528;0.12333501943267289;0.15794394571505288;0.04077200544447715;0.24593140929721294;0.030105303091945517;0.016790640621657946;44585596934;2147483680;29610352866;1073872896;204;58;349;140;-7.802205577715209;0.09375;0.046875;random_30
3;0.22352177554152336;0.013933884125510719;0.06253197493453261;0.21163666058181785;0.26261692524996455;0.19475658839223114;0.02758841884629807;0.0034137723281217284;44585596934;2147483680;29610352866;1073872896;185;73;329;164;-7.807748655020397;0.09375;0.046875;random_30
4;0.34884434049438995;0.00273272513097807;0.06775407423558436;0.38042746609519695;0.011189118644623321;0.09961849730817919;0.034426194101241654;0.05500758398980671;44561336450;2147483680;29610352866;1073872896;172;76;358;145;-7.842744930861917;0.09375;0.03125;random_30
5;0.26400356727738417;0.13972626508717423;0.03191848428753177;0.3958529056178151;0.08658313179424464;0.012663840306161888;0.06594451750872049;0.003307288120967658;44585596934;2147483680;29540626790;1073872896;209;48;317;177;-7.84533474532632;0.078125;0.046875;random_30
6;0.22350086628715765;0.0027692807665022075;0.05262966994137647;0.43884178522662964;0.04310337257013177;0.00745609202988119;0.05762348469859703;0.17407544847972403;61744482434;2415919136;64229881568;1073872896;279;47;274;151;-7.8310026991560395;0.078125;0.0625;random_30
7;0.22350086628715765;0.0027692807665022075;0.05262966994137647;0.43884178522662964;0.04310337257013177;0.00745609202988119;0.05762348469859703;0.17407544847972403;61744482434;2415919136;64229881568;1073872896;279;47;274;151;-7.8382803302934265;0.109375;0.0625;random_30
8;0.22350086628715765;0.0027692807665022075;0.05262966994137647;0.43884178522662964;0.04310337257013177;0.00745609202988119;0.05762348469859703;0.17407544847972403;61744482434;2415919136;64229881568;1073872896;279;47;274;151;-7.8382803302934265;0.109375;;random_30
0;0.19958236115982278;0.18702816955351975;0.007114027597781214;0.12794469550807433;0.1371153086115733;0.21643968580863102;0.005230301775093471;0.119545449985504;1610752128;61271845122;29610352866;1073872896;124;213;317;97;;;;random_300
1;0.2380546354771868;0.11173900989189237;0.026105787627590093;0.2538020055267487;0.04185444016434565;0.24887557479368702;0.006384928033296779;0.07318361848525257;1610752128;61274851586;29610352866;1073872896;112;182;367;90;-7.814424824167767;0.078125;0.03125;random_300
2;0.2380546354771868;0.11173900989189237;0.026105787627590093;0.2538020055267487;0.04185444016434565;0.24887557479368702;0.006384928033296779;0.07318361848525257;1610752128;61274851586;29610352866;1073872896;112;182;367;90;-7.830235653840245;0.09375;0.046875;random_300
3;0.2380546354771868;0.11173900989189237;0.026105787627590093;0.2538020055267487;0.04185444016434565;0.24887557479368702;0.006384928033296779;0.07318361848525257;1610752128;61274851586;29610352866;1073872896;112;182;367;90;-7.830235653840245;0.078125;;random_300
0;0.0712246624310364;0.018664405537472933;0.204333399585613;0.2687181528771351;0.2695046537869274;0.010534561195090603;0.14153934573376253;0.015480818852962047;536871040;29609828386;2415919136;12616605920;45;405;27;274;;;;random_301
1;0.22350086628715765;0.0027692807665022075;0.05262966994137647;0.43884178522662964;0.04310337257013177;0.00745609202988119;0.05762348469859703;0.17407544847972403;1610752128;29534331042;2415919136;9663815744;247;288;63;153;-7.769569879628762;0.078125;0.046875;random_301
2;0.22350086628715765;0.0027692807665022075;0.05262966994137647;0.43884178522662964;0.04310337257013177;0.00745609202988119;0.05762348469859703;0.17407544847972403;1610752128;29534331042;2415919136;9663815744;247;288;63;153;-7.885016033008874;0.09375;0.046875;random_301
3;0.22350086628715765;0.0027692807665022075;0.05262966994137647;0.43884178522662964;0.04310337257013177;0.00745609202988119;0.05762348469859703;0.17407544847972403;1610752128;29534331042;2415919136;9663815744;247;288;63;153;-7.885016033008874;0.09375;;random_301
0;0.07119144981785515;0.05540482502608447;0.061811020911380334;0.0974114886769411;0.07968810693463257;0.27641412204998117;0.10122865866249324;0.2568503279206319;1610752128;29610352866;1073872896;35970484240;116;406;131;98;;;;random_302
1;0.24133863354290885;0.0034479921744328826;0.10899294801921862;0.00953337496740819;0.14839113593438724;0.2304924863812504;0.00859613419616861;0.24920729478422524;1610752128;29610352866;1073872896;35970484240;111;399;154;87;-7.77786933622684;0.078125;0.046875;random_302
2;0.24133863354290885;0.0034479921744328826;0.10899294801921862;0.00953337496740819;0.14839113593438724;0.2304924863812504;0.00859613419616861;0.24920729478422524;1610752128;29610352866;1073872896;35970484240;111;399;154;87;-7.791286939007615;0.09375;;random_302
0;0.05535951743154082;0.2335410276108933;0.018758439658523064;0.14150464991971898;0.0016850005289461949;0.2477733730909255;0.2906427445042017;0.010735247255250302;536871040;2147483680;25773998146;16913703042;37;157;126;431;;;;random_303
1;0.1294877694295553;0.034210869409642575;0.0829816138662596;0.03819619188703188;0.24274448536637908;0.35659715314882;0.013692906356703508;0.10208901053560805;1610752128;11819556962;26847870978;3489800192;191;218;227;115;-7.771767829075;0.09375;0.03125;random_303
2;0.22837669674309316;0.012187574629471723;0.0690915665638123;0.04103872449577563;0.361056208047885;0.27383426886967105;0.011429030478758087;0.002985930171533131;1610752128;29602427378;26847870978;3489800192;177;225;239;110;-7.9138507742350175;0.078125;0.046875;random_303
3;0.22837669674309316;0.012187574629471723;0.0690915665638123;0.04103872449577563;0.361056208047885;0.27383426886967105;0.011429030478758087;0.002985930171533131;1610752128;29602427378;26847870978;3489800192;177;225;239;110;-7.921905376181449;0.09375;0.03125;random_303
4;0.22837669674309316;0.012187574629471723;0.0690915665638123;0.04103872449577563;0.361056208047885;0.27383426886967105;0.011429030478758087;0.002985930171533131;1610752128;29602427378;26847870978;3489800192;177;225;239;110;-7.921905376181449;0.09375;;random_303
0;0.21057991421303476;0.17450203031960831;0.08092234825150145;0.20494928725190134;0.06680524049649599;0.09229502335075104;0.021808136901342087;0.14813801921536487;1610752128;64271383026;1073872896;11811291170;126;351;96;178;;;;random_304
1;0.37025333210684236;0.022956605155466023;0.07191222226505606;0.4037747516473602;0.08737804219003784;0.0029004357188159953;0.03653897053246483;0.004285640383956738;1610752128;64252676160;1073872896;12694204578;150;282;126;193;-7.808046342717093;0.09375;0.046875;random_304
2;0.22350086628715765;0.0027692807665022075;0.05262966994137647;0.43884178522662964;0.04310337257013177;0.00745609202988119;0.05762348469859703;0.17407544847972403;1610752128;29004800096;1073872896;11811291170;179;248;130;194;-7.872651738414804;0.078125;0.046875;random_304
3;0.22350086628715765;0.0027692807665022075;0.05262966994137647;0.43884178522662964;0.04310337257013177;0.00745609202988119;0.05762348469859703;0.17407544847972403;1610752128;29004800096;1073872896;11811291170;179;248;130;194;-7.885814370229245;0.078125;0.046875;random_304
4;0.22350086628715765;0.0027692807665022075;0.05262966994137647;0.43884178522662964;0.04310337257013177;0.00745609202988119;0.05762348469859703;0.17407544847972403;1610752128;29004800096;1073872896;11811291170;179;248;130;194;-7.885814370229245;0.078125;;random_304
0;0.007045107575867378;0.1154092629509466;0.16260220691427724;0.19545761013681928;0.035686609626949875;0.17947631799107852;0.1711430119199726;0.13317987288408864;34359740416;63355365730;18257809408;1610752128;40;444;99;168;;;;random_305
1;0.22352177554152336;0.013933884125510719;0.06253197493453261;0.21163666058181785;0.26261692524996455;0.19475658839223114;0.02758841884629807;0.0034137723281217284;34359740416;29610352866;18257936384;1610752128;52;475;113;111;-7.724266594611089;0.078125;0.046875;random_305
2;0.22352177554152336;0.013933884125510719;0.06253197493453261;0.21163666058181785;0.26261692524996455;0.19475658839223114;0.02758841884629807;0.0034137723281217284;34359740416;29610352866;18257936384;1610752128;52;475;113;111;-7.794555926347581;0.078125;0.046875;random_305
3;0.22352177554152336;0.013933884125510719;0.06253197493453261;0.21163666058181785;0.26261692524996455;0.19475658839223114;0.02758841884629807;0.0034137723281217284;34359740416;29610352866;18257936384;1610752128;52;475;113;111;-7.794555926347581;0.078125;;random_305
0;0.1521816543233662;0.023757560308990473;0.1563012419499953;0.09930935965683586;0.2258293153071309;0.08149892425187144;0.15008638253034748;0.11103556167146228;2415919104;68189404707;26915008834;1610752128;57;212;287;195;;;;random_306
1;0.40072647367377445;0.00310362567010429;0.0033302005369709063;0.3927380356007213;0.046225443549343416;0.03708592971439797;0.06602574663090753;0.05076454462378014;2415919136;63944488370;26847879232;1610752128;69;265;221;196;-7.759282556017184;0.078125;0.046875;random_306
2;0.22350086628715765;0.0027692807665022075;0.05262966994137647;0.43884178522662964;0.04310337257013177;0.00745609202988119;0.05762348469859703;0.17407544847972403;2415919136;63944488370;26847879232;1610752128;58;274;221;198;-7.853906307719536;0.078125;0.046875;random_306
3;0.22350086628715765;0.0027692807665022075;0.05262966994137647;0.43884178522662964;0.04310337257013177;0.00745609202988119;0.05762348469859703;0.17407544847972403;2415919136;63944488370;26847879232;1610752128;58;274;221;198;-7.854503350465568;0.078125;;random_306
0;0.2225070689468155;0.06447644347228257;0.02001009224885461;0.19010433165549376;0.10484583661110984;0.1495883177036108;0.006700979004893921;0.24176693035693902;1610752128;29610352866;20673732608;1073872896;139;390;115;107;;;;random_307
1;0.2235164133347643;0.044984565607968305;0.048652968654094186;0.19092340394814344;0.018184106688373433;0.2577698068560201;0.009798790277745441;0.20616994463289068;1610752128;29610352866;20673732608;1073872896;139;397;104;111;-7.7990236294835675;0.078125;0.0625;random_307
2;0.1630698429893746;0.00407268318921882;0.09797735637200568;0.2025790815233156;0.07132255533094715;0.3329994162083449;0.0012882034078602433;0.12669086097893295;1610752128;29610352866;20673732608;1073872896;134;373;145;99;-7.819014647073817;0.078125;0.03125;random_307
3;0.1630698429893746;0.00407268318921882;0.09797735637200568;0.2025790815233156;0.07132255533094715;0.3329994162083449;0.0012882034078602433;0.12669086097893295;1610752128;29610352866;20673732608;1073872896;134;373;145;99;-7.825216848936683;0.078125;;random_307
0;0.2100467943340206;0.14931484570162995;0.004075876070905029;0.09046386076183215;0.23426249991548553;0.16306775407582114;0.038530396658660995;0.11023797248164444;61271845122;2147483680;29565784290;1073881088;223;54;329;145;;;;random_308
1;0.23305217935049427;0.24520217241991435;0.013850355910538516;0.23175226723291628;0.10393040132183767;0.15078164055193224;0.014373299585556198;0.007057683626810569;61744482434;2147483680;29610352866;1073881088;234;63;303;151;-7.800283680791429;0.078125;0.03125;random_308
2;0.2500791569798219;0.2354027773027801;0.014862273932091507;0.2486842722487812;0.05416282486031248;0.14072914265149306;0.02574566700541392;0.030333885019305878;61744482434;2147483680;29610352866;1073881088;231;62;307;151;-7.83740212535952;0.078125;0.03125;random_308
3;0.2366789100818342;0.1819432033667347;0.02595492144120827;0.25233527557337193;0.12282527776671816;0.1402530047885955;0.006348029328823759;0.033661377652713445;61744482434;2147483680;29610352866;1073881088;223;66;312;150;-7.835864192503498;0.078125;0.046875;random_308
4;0.2366789100818342;0.1819432033667347;0.02595492144120827;0.25233527557337193;0.12282527776671816;0.1402530047885955;0.006348029328823759;0.033661377652713445;61744482434;2147483680;29610352866;1073881088;223;66;312;150;-7.832618407287126;0.09375;;random_308
0;0.2780117795677928;0.15376990509131297;0.007078578222865724;0.17823235016248679;0.07799570348065617;0.02842584678148207;0.11586730158840279;0.16061853510500068;2684354720;64271383026;18257936384;29062463522;76;302;178;195;;;;random_309
1;0.22350086628715765;0.0027692807665022075;0.05262966994137647;0.43884178522662964;0.04310337257013177;0.00745609202988119;0.05762348469859703;0.17407544847972403;2952790176;64229881568;18257936384;11811291170;91;241;227;192;-7.793677795656565;0.078125;0.03125;random_309
2;0.22350086628715765;0.0027692807665022075;0.05262966994137647;0.43884178522662964;0.04310337257013177;0.00745609202988119;0.05762348469859703;0.17407544847972403;2952790176;64229881568;18257936384;9663815682;91;246;229;185;-7.893863394760612;0.09375;0.03125;random_309
3;0.22350086628715765;0.0027692807665022075;0.05262966994137647;0.43884178522662964;0.04310337257013177;0.00745609202988119;0.05762348469859703;0.17407544847972403;2952790176;64229881568;18257936384;9663815682;91;246;229;185;-7.897030734749952;0.078125;0.046875;random_309
4;0.22350086628715765;0.0027692807665022075;0.05262966994137647;0.43884178522662964;0.04310337257013177;0.00745609202988119;0.05762348469859703;0.17407544847972403;2952790176;64229881568;18257936384;9663815682;91;246;229;185;-7.897030734749952;0.09375;;random_309
0;0.0326964223671141;0.11016873414791013;0.08027231024198508;0.21228329819461994;0.17275654010891994;0.16899551664790913;0.2039962678482571;0.018830910443284395;536871040;8589934594;2415919104;63355365730;33;89;63;566;;;;random_31
1;0.03379901133745165;0.009229863395055908;0.1021697361520277;0.21617204921416489;0.22323368334804478;0.3535120839966061;0.034289155376229945;0.02759441718041919;1073881088;9663815682;2415919104;29610352866;173;108;110;360;-7.761943471256497;0.09375;0.046875;random_31
2;0.1630698429893746;0.00407268318921882;0.09797735637200568;0.2025790815233156;0.07132255533094715;0.3329994162083449;0.0012882034078602433;0.12669086097893295;1073872896;9663815682;3489800192;29610352866;151;130;101;369;-7.852037641857817;0.078125;0.03125;random_31
3;0.1630698429893746;0.00407268318921882;0.09797735637200568;0.2025790815233156;0.07132255533094715;0.3329994162083449;0.0012882034078602433;0.12669086097893295;1073872896;9663815682;3489800192;29610352866;151;130;100;370;-7.852862733271729;0.078125;0.046875;random_31
4;0.1630698429893746;0.00407268318921882;0.09797735637200568;0.2025790815233156;0.07132255533094715;0.3329994162083449;0.0012882034078602433;0.12669086097893295;1073872896;9663815682;3489800192;29610352866;151;130;100;370;-7.852505927201398;0.078125;;random_31
0;0.0037890537931967675;0.12430570266431461;0.11366752370370989;0.1765278647292067;0.09417754788913436;0.12306133133617944;0.1649879518127156;0.1994830240715427;536871040;29610352866;2415919104;35433613312;66;490;42;153;;;;random_310
1;0.2202661165154616;0.03063273414087388;0.0011318744300935696;0.10738063715537516;0.18742419100673524;0.199213055326444;0.05172204374353616;0.2022293476814803;18790621568;29610352866;2415919104;1073872896;178;366;76;131;-7.7373790234427515;0.078125;0.046875;random_310
2;0.1630698429893746;0.00407268318921882;0.09797735637200568;0.2025790815233156;0.07132255533094715;0.3329994162083449;0.0012882034078602433;0.12669086097893295;18790621568;29610352866;3489800192;1073872896;179;369;101;102;-7.818888347576152;0.09375;0.046875;random_310
3;0.1630698429893746;0.00407268318921882;0.09797735637200568;0.2025790815233156;0.07132255533094715;0.3329994162083449;0.0012882034078602433;0.12669086097893295;18790621568;29610352866;3489800192;1073872896;177;370;100;104;-7.8359609692133985;0.078125;0.046875;random_310
4;0.1630698429893746;0.00407268318921882;0.09797735637200568;0.2025790815233156;0.07132255533094715;0.3329994162083449;0.0012882034078602433;0.12669086097893295;18790621568;29610352866;3489800192;1073872896;177;370;100;104;-7.835526204846031;0.078125;;random_310
0;0.09407626931719122;0.14893232971520645;0.17194857137521088;0.010711509076635596;0.19822554579933047;0.0934315612128608;0.16591537491627625;0.11675883858728836;2684354720;35433613312;29327761760;29534331042;79;172;185;315;;;;random_311
1;0.21792478604786522;0.27730154549785063;0.2410764299022664;0.001308243329145687;0.0356188649349091;0.008772058397185305;0.11705059308054284;0.1009474788102347;2684354720;35433613312;29327761760;29534331042;86;188;191;286;-7.717937346865398;0.09375;0.046875;random_311
2;0.36193442665461406;0.11513028157588424;0.19158479815497936;0.03469919649421562;0.1519672610039248;0.023569997948277938;0.0036352375031071023;0.11747880066499677;2684354720;35433613312;28992213282;29610352866;79;137;211;324;-7.753795864490714;0.09375;0.03125;random_311
3;0.37028955194519025;0.060992230375580464;0.30974172019895835;0.006118751150349323;0.07957213413005595;0.04105178467337217;0.08069438326748926;0.051539444259004245;2684354720;1073872896;28992213282;29534331042;94;156;174;327;-7.770954128292938;0.078125;0.03125;random_311
4;0.18153155597111703;0.018499239378718394;0.29694500048040506;0.06215625728962643;0.3024017672827637;0.04651591436108697;0.008327125938963313;0.0836231392973191;2684354720;1073872896;28992213282;29610352866;117;138;175;321;-7.784185690248627;0.09375;0.046875;random_311
5;0.18153155597111703;0.018499239378718394;0.29694500048040506;0.06215625728962643;0.3024017672827637;0.04651591436108697;0.008327125938963313;0.0836231392973191;2684354720;1073872896;28992213282;29610352866;116;139;175;321;-7.781222255471492;0.09375;0.046875;random_311
6;0.18153155597111703;0.018499239378718394;0.29694500048040506;0.06215625728962643;0.3024017672827637;0.04651591436108697;0.008327125938963313;0.0836231392973191;2684354720;1073872896;28992213282;29610352866;116;139;175;321;-7.781202087911194;0.078125;;random_311
0;0.1475714893904465;0.15219228848303598;0.040251807233595456;0.13913226823031197;0.17887521860133718;0.04949603477435166;0.15930518047827066;0.13317571280865054;2684354720;46506575906;29610352866;1073872896;62;206;354;129;;;;random_312
1;0.22534664185517564;0.05473022590597064;0.04370540587851102;0.4238658290767968;0.14961413281164507;0.01356000952497718;0.08563642330202419;0.0035413316448995357;2684354720;46802282550;27395236032;1073872896;80;242;249;180;-7.7832956347843085;0.078125;0.046875;random_312
2;0.22350086628715765;0.0027692807665022075;0.05262966994137647;0.43884178522662964;0.04310337257013177;0.00745609202988119;0.05762348469859703;0.17407544847972403;2684354720;46506575906;27395236032;1073872896;107;212;278;154;-7.855120387781221;0.09375;0.03125;random_312
3;0.22350086628715765;0.0027692807665022075;0.05262966994137647;0.43884178522662964;0.04310337257013177;0.00745609202988119;0.05762348469859703;0.17407544847972403;2684354720;46506575906;27395236032;1073872896;107;212;278;154;-7.8745988348027565;0.078125;0.046875;random_312
4;0.22350086628715765;0.0027692807665022075;0.05262966994137647;0.43884178522662964;0.04310337257013177;0.00745609202988119;0.05762348469859703;0.17407544847972403;2684354720;46506575906;27395236032;1073872896;107;212;278;154;-7.8745988348027565;0.09375;;random_312
0;0.23299410126304163;0.06348472891994893;0.03763462710985128;0.07613901497410885;0.06292664163669891;0.18462230372594698;0.1788351874123953;0.16336339495800825;536871040;19331547168;26915008834;29805125826;64;123;296;268;;;;random_313
1;0.1630698429893746;0.00407268318921882;0.09797735637200568;0.2025790815233156;0.07132255533094715;0.3329994162083449;0.0012882034078602433;0.12669086097893295;1073881088;3296862240;26847748162;12684239042;129;184;246;192;-7.768111612282081;0.078125;0.03125;random_313
2;0.1630698429893746;0.00407268318921882;0.09797735637200568;0.2025790815233156;0.07132255533094715;0.3329994162083449;0.0012882034078602433;0.12669086097893295;1073881088;3296862240;26847748162;12684239042;129;184;247;191;-7.864234574714761;0.078125;0.046875;random_313
3;0.1630698429893746;0.00407268318921882;0.09797735637200568;0.2025790815233156;0.07132255533094715;0.3329994162083449;0.0012882034078602433;0.12669086097893295;1073881088;3296862240;26847748162;12684239042;129;184;247;191;-7.864621157004874;0.09375;;random_313
0;0.050483522562830285;0.20106858980836997;0.2231782020368258;0.12402922703599627;0.15150548600985536;0.11681673132452311;0.0661569964553729;0.06676124476622627;1610752128;61746587650;29327761760;8589934594;131;313;242;65;;;;random_314
1;0.15652466194579226;0.17983766448625518;0.20718908917880066;0.16407975394523733;0.09846077067302235;0.16096029348354624;0.00013688380845687943;0.032810882478889296;1073881088;61744482434;29532451296;9663815682;105;248;308;90;-7.757171692848687;0.078125;0.046875;random_314
2;0.2366789100818342;0.1819432033667347;0.02595492144120827;0.25233527557337193;0.12282527776671816;0.1402530047885955;0.006348029328823759;0.033661377652713445;1073881088;61744482434;29532451296;9663815682;156;198;296;101;-7.7879273612126525;0.09375;0.046875;random_314
3;0.2500791569798219;0.2354027773027801;0.014862273932091507;0.2486842722487812;0.05416282486031248;0.14072914265149306;0.02574566700541392;0.030333885019305878;1073881088;61744482434;29532451296;9663815682;154;194;297;106;-7.82621575658125;0.09375;0.046875;random_314
4;0.2500791569798219;0.2354027773027801;0.014862273932091507;0.2486842722487812;0.05416282486031248;0.14072914265149306;0.02574566700541392;0.030333885019305878;1073881088;61744482434;29532451296;9663815682;154;194;297;106;-7.830580819491603;0.078125;;random_314
0;0.07366047439017244;0.04485380128086928;0.21197119468584996;0.20174177880175637;0.10849504702243874;0.086311875921805;0.2207033433203362;0.05226248457677196;1610752128;29609828386;29530141040;8589934594;177;301;220;53;;;;random_315
1;0.22350086628715765;0.0027692807665022075;0.05262966994137647;0.43884178522662964;0.04310337257013177;0.00745609202988119;0.05762348469859703;0.17407544847972403;1073872896;29534331042;29058605408;8589934594;181;313;187;70;-7.755713103317972;0.09375;0.046875;random_315
2;0.22350086628715765;0.0027692807665022075;0.05262966994137647;0.43884178522662964;0.04310337257013177;0.00745609202988119;0.05762348469859703;0.17407544847972403;1073872896;29534331042;29058605408;8589934594;181;313;187;70;-7.825955572907266;0.078125;0.03125;random_315
3;0.22350086628715765;0.0027692807665022075;0.05262966994137647;0.43884178522662964;0.04310337257013177;0.00745609202988119;0.05762348469859703;0.17407544847972403;1073872896;29534331042;29058605408;8589934594;181;313;187;70;-7.825955572907266;0.078125;;random_315
0;0.12275140034583275;0.012085307707313349;0.04240028606991137;0.13394675985881724;0.14684337706040795;0.128839465766806;0.19283956659663815;0.2202938365942732;34359740416;29609828386;2415919104;1610752128;37;412;51;251;;;;random_316
1;0.1630698429893746;0.00407268318921882;0.09797735637200568;0.2025790815233156;0.07132255533094715;0.3329994162083449;0.0012882034078602433;0.12669086097893295;35433613312;29610352866;3489800192;1073881088;80;454;100;117;-7.753113198148894;0.078125;0.046875;random_316
2;0.2380546354771868;0.11173900989189237;0.026105787627590093;0.2538020055267487;0.04185444016434565;0.24887557479368702;0.006384928033296779;0.07318361848525257;35433613312;29610352866;3489800192;1073881088;94;438;93;126;-7.815127077227452;0.078125;0.0625;random_316
3;0.20351755227612883;0.11702777632732324;0.07684897614325388;0.15060676575082368;0.06044924340346322;0.37948267454670465;0.011261351265992668;0.0008056602863097856;35433613312;29610352866;3489800192;1073881088;118;366;111;156;-7.842241499041476;0.078125;0.046875;random_316
4;0.2380546354771868;0.11173900989189237;0.026105787627590093;0.2538020055267487;0.04185444016434565;0.24887557479368702;0.006384928033296779;0.07318361848525257;35433613312;29610352866;3489800192;1073881088;94;439;92;126;-7.828170972157211;0.078125;0.03125;random_316
5;0.20351755227612883;0.11702777632732324;0.07684897614325388;0.15060676575082368;0.06044924340346322;0.37948267454670465;0.011261351265992668;0.0008056602863097856;35433613312;29610352866;3489800192;1073881088;118;366;111;156;-7.841780827439727;0.078125;;random_316
0;0.16840419562938033;0.10253609158144619;0.18385274596392026;0.02654111144143816;0.15063673256383092;0.11427492950084335;0.039257154486745695;0.21449703883239507;34359740416;1073872896;29543374898;27384742082;78;107;304;262;;;;random_317
1;0.3162884505907719;0.18924039658914807;0.06432598498027418;0.02673807243101022;0.015866137130713217;0.16755418433023367;0.025987257605612844;0.19399951634223583;35433613312;1073881088;29610352866;27384742082;136;113;283;219;-7.765023194137316;0.078125;0.0625;random_317
2;0.22794178734514348;0.24706625911771557;0.017721489867657182;0.06295507542077715;0.049887405597615384;0.3409769332128235;0.02364781992100208;0.029803229517265672;35433613312;1073881088;29610352866;27384742082;149;97;294;211;-7.849504874767122;0.09375;0.046875;random_317
3;0.30897672711074536;0.23176805819176835;0.03233262408093428;0.014013834292101117;0.08721495695692494;0.19627977090001192;0.011318697475461837;0.118095330992052;35433613312;1073881088;29610352866;27384742082;150;110;280;211;-7.848267058926351;0.09375;0.03125;random_317
4;0.2652928102179358;0.15373269069199993;0.04602216215185193;0.05001752882531023;0.025126077006584698;0.33905860638957874;0.0012182451395121444;0.11953187957722651;35433613312;1073881088;29610352866;27384742082;119;111;292;229;-7.858040382021433;0.09375;0.03125;random_317
5;0.2380546354771868;0.11173900989189237;0.026105787627590093;0.2538020055267487;0.04185444016434565;0.24887557479368702;0.006384928033296779;0.07318361848525257;35433613312;1073881088;29610352866;27384742082;95;98;310;248;-7.818658608771056;0.078125;0.046875;random_317
6;0.2380546354771868;0.11173900989189237;0.026105787627590093;0.2538020055267487;0.04185444016434565;0.24887557479368702;0.006384928033296779;0.07318361848525257;35433613312;1073881088;29610352866;27384742082;95;98;310;248;-7.849194660613953;0.078125;;random_317
0;0.07342488258130515;0.13351771606753604;0.1906133156583412;0.10992746870019479;0.024979457458915683;0.17762758377080642;0.07663064973532659;0.2132789260275742;34359740416;63971487074;18257936384;1610752128;54;372;173;152;;;;random_318
1;0.30043637372696197;0.03449579389710296;0.17783980849910447;0.026820518832762933;0.1196419236621894;0.03647101530121085;0.0008658110060888888;0.30342875507457845;35433613312;29609828386;1073872896;1610752128;109;374;106;162;-7.744427676839741;0.078125;0.046875;random_318
2;0.289043844555905;0.04380639852119489;0.0646811295596687;0.15521353841383523;0.0133797138455192;0.015255197615012128;0.03296691581926518;0.38565326166959957;35433613312;29609828386;1073872896;1610752128;111;349;120;171;-7.808091176326588;0.09375;0.046875;random_318
3;0.289043844555905;0.04380639852119489;0.0646811295596687;0.15521353841383523;0.0133797138455192;0.015255197615012128;0.03296691581926518;0.38565326166959957;35433613312;29609828386;1073872896;1610752128;111;349;120;171;-7.815440444786658;0.09375;;random_318
0;0.18228066953955258;0.17601588246496747;0.07347386069096952;0.15615088180879444;0.20342107450458793;0.10854887263719828;0.09708407098280865;0.00302468737112105;536871040;2147483680;18257944576;29540626790;52;52;205;442;;;;random_319
1;0.21441745143005972;0.1441016272306112;0.044044851136924176;0.40824856950054417;0.1047067635431164;0.013060393434033321;0.06800949180181319;0.0034108519228977572;536871040;2147483680;18257944576;29540626790;53;53;240;405;-7.820723971737499;0.09375;0.046875;random_319
2;0.26400356727738417;0.13972626508717423;0.03191848428753177;0.3958529056178151;0.08658313179424464;0.012663840306161888;0.06594451750872049;0.003307288120967658;536871040;2147483680;18257944576;29540626790;54;55;232;410;-7.8696390156640375;0.078125;0.046875;random_319
3;0.26400356727738417;0.13972626508717423;0.03191848428753177;0.3958529056178151;0.08658313179424464;0.012663840306161888;0.06594451750872049;0.003307288120967658;536871040;2147483680;18257944576;29540626790;54;55;232;410;-7.867941904400927;0.09375;;random_319
0;0.1501406678466612;0.15891855125395202;0.2615496917612335;0.07943466666350454;0.06548114257748332;0.027269838494596424;0.004467202458743832;0.25273823894382513;1610752128;29610352866;2415919136;1073872896;148;433;64;106;;;;random_32
1;0.2337700385736786;0.0030813621737787885;0.24985205292281729;0.04691282902530974;0.1648275416836902;0.10245125319663659;0.0009746452323179247;0.1981302771917709;1610752128;29610352866;2415919136;1073872896;147;428;68;108;-7.8169907945513755;0.09375;0.046875;random_32
2;0.2337700385736786;0.0030813621737787885;0.24985205292281729;0.04691282902530974;0.1648275416836902;0.10245125319663659;0.0009746452323179247;0.1981302771917709;1610752128;29610352866;2415919136;1073872896;147;428;68;108;-7.817672726201521;0.09375;;random_32
0;0.21849457226473024;0.2678830042423462;0.07721759642120804;0.09830161347732;0.15623339448041385;0.022492199920507622;0.02797242081020463;0.13140519838326936;536871040;61207611458;18796904576;11811291170;55;247;224;225;;;;random_320
1;0.3188267260209409;0.3125167311315185;0.01233475156003031;0.05729383544931351;0.06127058421008044;0.16402134228503878;0.02036627212274369;0.05336975722033394;536871040;61207611458;18796904576;11811291170;23;251;240;237;-7.7768712232619;0.078125;0.046875;random_320
2;0.3213706583755633;0.11903814318268968;0.017556143254973008;0.27872367736218245;0.15140872368796396;0.0725830103446137;0.006198745360259357;0.03312089843175478;536871040;61781195090;18796904576;11811291170;21;300;233;197;-7.777633406390866;0.09375;0.0625;random_320
3;0.22350086628715765;0.0027692807665022075;0.05262966994137647;0.43884178522662964;0.04310337257013177;0.00745609202988119;0.05762348469859703;0.17407544847972403;1610752128;64229881568;1073872896;11811291170;145;272;137;197;-7.786139969746204;0.109375;0.0625;random_320
4;0.22350086628715765;0.0027692807665022075;0.05262966994137647;0.43884178522662964;0.04310337257013177;0.00745609202988119;0.05762348469859703;0.17407544847972403;1610752128;64229881568;1073872896;11811291170;145;274;137;195;-7.875433991677041;0.09375;0.046875;random_320
5;0.22350086628715765;0.0027692807665022075;0.05262966994137647;0.43884178522662964;0.04310337257013177;0.00745609202988119;0.05762348469859703;0.17407544847972403;1610752128;64229881568;1073872896;11811291170;145;274;137;195;-7.876292910659532;0.078125;;random_320
0;0.06302483740658954;0.09796546042427623;0.10963072266063639;0.23554750318488601;0.22782352128608493;0.033712982884478576;0.21294334471574777;0.01935162743730048;536871040;8589934594;2415919104;63355365730;44;94;39;574;;;;random_321
1;0.22350086628715765;0.0027692807665022075;0.05262966994137647;0.43884178522662964;0.04310337257013177;0.00745609202988119;0.05762348469859703;0.17407544847972403;1610752128;9663815682;2415919136;26847879232;226;187;62;276;-7.779041722956359;0.078125;0.046875;random_321
2;0.22350086628715765;0.0027692807665022075;0.05262966994137647;0.43884178522662964;0.04310337257013177;0.00745609202988119;0.05762348469859703;0.17407544847972403;1610752128;9663815682;2415919136;26847879232;226;187;62;276;-7.883615927700837;0.078125;0.03125;random_321
3;0.22350086628715765;0.0027692807665022075;0.05262966994137647;0.43884178522662964;0.04310337257013177;0.00745609202988119;0.05762348469859703;0.17407544847972403;1610752128;9663815682;2415919136;26847879232;226;187;62;276;-7.883615927700837;0.078125;;random_321
0;0.10861092282902302;0.035069270320359516;0.07828429243764833;0.15904102983293178;0.0908248824388871;0.17265090650564843;0.15379389813559613;0.20172479749990574;536871040;29610352866;1073872896;35970484240;58;476;120;97;;;;random_322
1;0.25337187096608077;0.03274468835911163;0.011503915778870702;0.1671621380836255;0.12270298448407539;0.20708755333870177;0.010189754318229854;0.1952370946713044;1610752128;29610352866;1073872896;53158635792;93;402;120;136;-7.759519546503283;0.09375;0.03125;random_322
2;0.3427249026034941;0.05116266297176817;0.011060137133342675;0.041071481623078464;0.17874459560888623;0.2212343173170999;0.029239444239926048;0.12476245850240444;1610752128;29610352866;1073872896;61207611458;139;325;101;186;-7.78630073732051;0.078125;0.046875;random_322
3;0.2652928102179358;0.15373269069199993;0.04602216215185193;0.05001752882531023;0.025126077006584698;0.33905860638957874;0.0012182451395121444;0.11953187957722651;1610752128;29610352866;1073872896;61207611458;138;299;110;204;-7.84204417585459;0.09375;0.046875;random_322
4;0.2652928102179358;0.15373269069199993;0.04602216215185193;0.05001752882531023;0.025126077006584698;0.33905860638957874;0.0012182451395121444;0.11953187957722651;1610752128;29610352866;1073872896;61207611458;138;299;110;204;-7.852943502619676;0.09375;;random_322
0;0.1553350218873157;0.23326830586481662;0.09390286825826691;0.10054447828852675;0.1164702806462704;0.11949618111769286;0.03002651037143257;0.15095635356567824;2952790176;46707902626;9730924610;18257936384;125;287;173;166;;;;random_323
1;0.2366789100818342;0.1819432033667347;0.02595492144120827;0.25233527557337193;0.12282527776671816;0.1402530047885955;0.006348029328823759;0.033661377652713445;3758620832;46707902626;9730924610;18257944576;144;250;196;161;-7.76681892078307;0.09375;0.03125;random_323
2;0.2366789100818342;0.1819432033667347;0.02595492144120827;0.25233527557337193;0.12282527776671816;0.1402530047885955;0.006348029328823759;0.033661377652713445;3758620832;46707902626;9730924610;18257944576;144;250;196;161;-7.832932267766303;0.078125;0.046875;random_323
3;0.2366789100818342;0.1819432033667347;0.02595492144120827;0.25233527557337193;0.12282527776671816;0.1402530047885955;0.006348029328823759;0.033661377652713445;3758620832;46707902626;9730924610;18257944576;144;250;196;161;-7.832932267766303;0.09375;;random_323
0;0.02816964644287597;0.258919950943417;0.017996774186764205;0.13086065943673725;0.08284570756180609;0.04506685538708522;0.2280957453348262;0.20804466070648814;34359740416;68265867626;2415919104;1610752128;69;371;30;281;;;;random_324
1;0.23100146817560832;0.28560526106641454;0.048180961704098677;0.07155834578377031;0.1489056167349243;0.024893341860084312;0.01694696935742803;0.1729080353176716;35433613312;64163117378;2415919136;1610752128;98;316;70;267;-7.73895954138719;0.078125;0.03125;random_324
2;0.3188267260209409;0.3125167311315185;0.01233475156003031;0.05729383544931351;0.06127058421008044;0.16402134228503878;0.02036627212274369;0.05336975722033394;35433613312;64271383026;2147483680;1610752128;93;314;103;241;-7.782588980234852;0.09375;0.046875;random_324
3;0.2380546354771868;0.11173900989189237;0.026105787627590093;0.2538020055267487;0.04185444016434565;0.24887557479368702;0.006384928033296779;0.07318361848525257;35433613312;29610352866;2147483680;1073881088;104;445;72;130;-7.800684638271123;0.09375;0.046875;random_324
4;0.2366789100818342;0.1819432033667347;0.02595492144120827;0.25233527557337193;0.12282527776671816;0.1402530047885955;0.006348029328823759;0.033661377652713445;35433613312;29610352866;2147483680;1073881088;132;424;61;134;-7.845176996156167;0.078125;0.046875;random_324
5;0.2500791569798219;0.2354027773027801;0.014862273932091507;0.2486842722487812;0.05416282486031248;0.14072914265149306;0.02574566700541392;0.030333885019305878;35433613312;29610352866;2147483680;1073881088;146;411;57;137;-7.8511574801110315;0.078125;0.046875;random_324
6;0.2500791569798219;0.2354027773027801;0.014862273932091507;0.2486842722487812;0.05416282486031248;0.14072914265149306;0.02574566700541392;0.030333885019305878;35433613312;29610352866;2147483680;1073881088;146;411;57;137;-7.854430361141776;0.09375;;random_324
0;0.03104888840990426;0.13461427743763268;0.16860782926379744;0.1645183481870541;0.01963152003634446;0.14583566703671613;0.15232660637085624;0.18341686325769463;34359740416;68265867626;18258997248;1610752128;42;398;147;164;;;;random_325
1;0.299162776378207;0.0023435370518073407;0.05061484071292489;0.1970743608872093;0.1932657499957611;0.009595591530040902;0.031612117135623855;0.21633102630842568;34359740416;29610352866;18257936384;1610752128;55;430;158;108;-7.7244564237646705;0.078125;0.046875;random_325
2;0.22350086628715765;0.0027692807665022075;0.05262966994137647;0.43884178522662964;0.04310337257013177;0.00745609202988119;0.05762348469859703;0.17407544847972403;34359740416;29610352866;18257936384;1610752128;49;410;166;126;-7.811414752355894;0.078125;0.046875;random_325
3;0.22350086628715765;0.0027692807665022075;0.05262966994137647;0.43884178522662964;0.04310337257013177;0.00745609202988119;0.05762348469859703;0.17407544847972403;34359740416;29610352866;18257936384;1610752128;49;410;166;126;-7.837079857216094;0.0625;;random_325
0;0.10324447988558337;0.09370325894396855;0.19613038739494068;0.16186676491654511;0.1135449922946641;0.06718781208169142;0.1717687819765399;0.09255352250606694;2415919104;44090656770;29610352866;1610752128;39;182;374;156;;;;random_326
1;0.26400356727738417;0.13972626508717423;0.03191848428753177;0.3958529056178151;0.08658313179424464;0.012663840306161888;0.06594451750872049;0.003307288120967658;2415919136;44090656770;29540626790;18811592704;50;189;256;256;-7.779079669291076;0.09375;0.046875;random_326
2;0.22350086628715765;0.0027692807665022075;0.05262966994137647;0.43884178522662964;0.04310337257013177;0.00745609202988119;0.05762348469859703;0.17407544847972403;2415919136;44090656770;29532451296;18794807424;52;222;204;273;-7.867740889642709;0.078125;0.0625;random_326
3;0.22350086628715765;0.0027692807665022075;0.05262966994137647;0.43884178522662964;0.04310337257013177;0.00745609202988119;0.05762348469859703;0.17407544847972403;2415919136;44090656770;29532451296;18794807424;52;220;206;273;-7.891843907374931;0.078125;0.03125;random_326
4;0.22350086628715765;0.0027692807665022075;0.05262966994137647;0.43884178522662964;0.04310337257013177;0.00745609202988119;0.05762348469859703;0.17407544847972403;2415919136;44090656770;29532451296;18794807424;52;220;206;273;-7.892462094127703;0.078125;;random_326
0;0.021520897696181814;0.10562580803539887;0.20246537996953154;0.10408819356901645;0.003331778608394286;0.14198290786587392;0.2312252381117619;0.18975979614384111;34359740416;68265867626;18257809408;1610752128;25;394;127;205;;;;random_327
1;0.17431954874479932;0.142512928258298;0.25239801202630674;0.01357783628946814;0.09391965536415985;0.02754916437696448;0.0387130072747949;0.25700984766520873;1073872896;63971487074;18257944576;1610752128;114;304;166;167;-7.696450583437926;0.078125;0.03125;random_327
2;0.2337700385736786;0.0030813621737787885;0.24985205292281729;0.04691282902530974;0.1648275416836902;0.10245125319663659;0.0009746452323179247;0.1981302771917709;1073872896;63971487074;18257936384;1610752128;109;339;165;138;-7.796378002518151;0.078125;0.046875;random_327
3;0.2337700385736786;0.0030813621737787885;0.24985205292281729;0.04691282902530974;0.1648275416836902;0.10245125319663659;0.0009746452323179247;0.1981302771917709;1073872896;63971487074;18257936384;1610752128;109;339;165;138;-7.7997486126679885;0.078125;0.046875;random_327
4;0.2337700385736786;0.0030813621737787885;0.24985205292281729;0.04691282902530974;0.1648275416836902;0.10245125319663659;0.0009746452323179247;0.1981302771917709;1073872896;63971487074;18257936384;1610752128;109;339;165;138;-7.7997486126679885;0.078125;;random_327
0;0.12171981240207427;0.18032018538639807;0.1604389526063849;0.09833207566766432;0.11658910898523729;0.14421152172331517;0.16691591055961433;0.011472432669311682;9126805634;2147483680;29610352866;1073872896;82;56;440;173;;;;random_328
1;0.40072647367377445;0.00310362567010429;0.0033302005369709063;0.3927380356007213;0.046225443549343416;0.03708592971439797;0.06602574663090753;0.05076454462378014;61744482434;2147483680;29530141040;1073872896;262;61;278;150;-7.796512596415192;0.078125;0.046875;random_328
2;0.22350086628715765;0.0027692807665022075;0.05262966994137647;0.43884178522662964;0.04310337257013177;0.00745609202988119;0.05762348469859703;0.17407544847972403;61744482434;2415919136;29530141040;1073872896;286;50;269;146;-7.839532910147422;0.09375;0.046875;random_328
3;0.22350086628715765;0.0027692807665022075;0.05262966994137647;0.43884178522662964;0.04310337257013177;0.00745609202988119;0.05762348469859703;0.17407544847972403;61744482434;2415919136;29530141040;1073872896;286;50;269;146;-7.837794642550649;0.078125;0.046875;random_328
4;0.22350086628715765;0.0027692807665022075;0.05262966994137647;0.43884178522662964;0.04310337257013177;0.00745609202988119;0.05762348469859703;0.17407544847972403;61744482434;2415919136;29530141040;1073872896;286;50;269;146;-7.837794642550649;0.09375;;random_328
0;0.2021848704658845;0.11677590942376002;0.17243521709885065;0.1995307907230768;0.1407828908175952;0.04136441014754925;0.10686592305593436;0.020059988267349272;536871040;2415919136;29610352866;1073872896;40;42;527;142;;;;random_329
1;0.22350086628715765;0.0027692807665022075;0.05262966994137647;0.43884178522662964;0.04310337257013177;0.00745609202988119;0.05762348469859703;0.17407544847972403;1610752128;2415919136;29610352866;1073872896;155;46;431;119;-7.785500213334633;0.09375;0.03125;random_329
2;0.22350086628715765;0.0027692807665022075;0.05262966994137647;0.43884178522662964;0.04310337257013177;0.00745609202988119;0.05762348469859703;0.17407544847972403;1610752128;2415919136;29610352866;1073872896;155;46;432;118;-7.872818554810086;0.078125;0.03125;random_329
3;0.22350086628715765;0.0027692807665022075;0.05262966994137647;0.43884178522662964;0.04310337257013177;0.00745609202988119;0.05762348469859703;0.17407544847972403;1610752128;2415919136;29610352866;1073872896;155;46;432;118;-7.872377247269405;0.078125;;random_329
0;0.14172749891005346;0.16610689652204877;0.0596028019599805;0.12406089476659687;0.013530371738957315;0.10273934107727865;0.20679880510148518;0.18543338992359923;536871040;42949675010;20405682208;18794684544;40;177;296;238;;;;random_33
1;0.3654385366671609;0.13866785552606806;0.0018778672905659368;0.16532125704780357;0.137943764862944;0.06497480183749599;0.08000235854611207;0.045773558221849565;536871040;61271845122;20405682208;18790621568;33;321;184;213;-7.717907709783368;0.078125;0.0625;random_33
2;0.40072647367377445;0.00310362567010429;0.0033302005369709063;0.3927380356007213;0.046225443549343416;0.03708592971439797;0.06602574663090753;0.05076454462378014;34896611456;29610352866;3221356576;18794832000;48;394;129;180;-7.769339479541985;0.078125;0.0625;random_33
3;0.22350086628715765;0.0027692807665022075;0.05262966994137647;0.43884178522662964;0.04310337257013177;0.00745609202988119;0.05762348469859703;0.17407544847972403;34896611456;29610352866;3489792032;18805301248;64;395;128;164;-7.8528467532366255;0.078125;0.03125;random_33
4;0.22350086628715765;0.0027692807665022075;0.05262966994137647;0.43884178522662964;0.04310337257013177;0.00745609202988119;0.05762348469859703;0.17407544847972403;34896611456;29610352866;3489792032;18805301248;64;395;128;164;-7.860073079839127;0.078125;0.046875;random_33
5;0.22350086628715765;0.0027692807665022075;0.05262966994137647;0.43884178522662964;0.04310337257013177;0.00745609202988119;0.05762348469859703;0.17407544847972403;34896611456;29610352866;3489792032;18805301248;64;395;128;164;-7.860073079839127;0.078125;;random_33
0;0.1512184499080022;0.2092235977051294;0.17446217462508454;0.08551115558910195;0.1281815838198203;0.06673539610911054;0.11869432011902417;0.06597332212472691;9126805634;2147483680;29610352866;1073872896;98;44;453;156;;;;random_330
1;0.4554956681272346;0.01950704247648652;0.009232546118176182;0.2560081526083127;0.0633016701255059;0.09745217600848076;0.014879842342759403;0.0841229021930442;61744482434;2147483680;29610352866;1073872896;241;55;336;119;-7.800403098080436;0.078125;0.046875;random_330
2;0.31432026688141895;0.08282628946517219;0.05861694141395444;0.2290022396863755;0.000594493705413575;0.2695746548623017;0.033007942457348054;0.012057171528015555;61744482434;2147483680;29610352866;1073881088;239;68;297;147;-7.821290913682227;0.078125;0.046875;random_330
3;0.34884434049438995;0.00273272513097807;0.06775407423558436;0.38042746609519695;0.011189118644623321;0.09961849730817919;0.034426194101241654;0.05500758398980671;61744482434;2147483680;29532451296;1073881088;294;74;237;146;-7.831507825521413;0.078125;0.03125;random_330
4;0.22350086628715765;0.0027692807665022075;0.05262966994137647;0.43884178522662964;0.04310337257013177;0.00745609202988119;0.05762348469859703;0.17407544847972403;61744482434;2147483680;29532451296;1073881088;269;41;254;187;-7.834180453534084;0.09375;0.046875;random_330
5;0.22350086628715765;0.0027692807665022075;0.05262966994137647;0.43884178522662964;0.04310337257013177;0.00745609202988119;0.05762348469859703;0.17407544847972403;61744482434;2147483680;29532451296;1073881088;269;41;254;187;-7.8411008549126375;0.078125;;random_330
0;0.1883124631414599;0.06614601191976353;0.24587697022154129;0.16883247525040723;0.017542044727135657;0.0027489084907751722;0.25430036202167317;0.05624076422724404;9126805634;2415919136;29534331042;34359740416;83;31;575;62;;;;random_331
1;0.3654385366671609;0.13866785552606806;0.0018778672905659368;0.16532125704780357;0.137943764862944;0.06497480183749599;0.08000235854611207;0.045773558221849565;9126805634;2415919136;29610352866;35433613312;77;46;452;176;-7.753027742981859;0.078125;0.046875;random_331
2;0.40072647367377445;0.00310362567010429;0.0033302005369709063;0.3927380356007213;0.046225443549343416;0.03708592971439797;0.06602574663090753;0.05076454462378014;61744482434;2415919136;29530141040;1073872896;263;51;283;154;-7.810693325914403;0.078125;0.046875;random_331
3;0.22350086628715765;0.0027692807665022075;0.05262966994137647;0.43884178522662964;0.04310337257013177;0.00745609202988119;0.05762348469859703;0.17407544847972403;61744482434;2415919136;29530141040;1073872896;286;50;269;146;-7.839014175019674;0.09375;0.03125;random_331
4;0.22350086628715765;0.0027692807665022075;0.05262966994137647;0.43884178522662964;0.04310337257013177;0.00745609202988119;0.05762348469859703;0.17407544847972403;61744482434;2415919136;29530141040;1073872896;286;50;269;146;-7.837794642550649;0.078125;;random_331
0;0.07632461199767476;0.05089256108532442;0.22663291779929493;0.15921484174727016;0.12316595829917994;0.1361725997625209;0.07762128358053685;0.149975225728198;34359740416;29602427378;18257936384;1610752128;47;414;152;138;;;;random_332
1;0.2733434987265134;0.009451244750347686;0.2398005343986876;0.2401717970099991;0.14574613539676542;0.02565288041491666;0.03355627799325328;0.03227763130951691;34359740416;29602427378;18257936384;1610752128;56;411;140;144;-7.739996847022218;0.0625;0.03125;random_332
2;0.3114339044952291;0.12936049714476824;0.0442786732718962;0.3664860621227759;0.059610964092349575;0.011724357455235737;0.07404360860745786;0.003061932810287608;34359740416;29540626790;18257936384;1610752128;75;405;140;131;-7.805620647447634;0.078125;0.046875;random_332
3;0.22350086628715765;0.0027692807665022075;0.05262966994137647;0.43884178522662964;0.04310337257013177;0.00745609202988119;0.05762348469859703;0.17407544847972403;34359740416;29610352866;18257936384;1610752128;49;410;166;126;-7.800768500375533;0.078125;0.046875;random_332
4;0.22350086628715765;0.0027692807665022075;0.05262966994137647;0.43884178522662964;0.04310337257013177;0.00745609202988119;0.05762348469859703;0.17407544847972403;34359740416;29610352866;18257936384;1610752128;49;410;166;126;-7.837079857216094;0.078125;0.046875;random_332
5;0.22350086628715765;0.0027692807665022075;0.05262966994137647;0.43884178522662964;0.04310337257013177;0.00745609202988119;0.05762348469859703;0.17407544847972403;34359740416;29610352866;18257936384;1610752128;49;410;166;126;-7.837079857216094;0.09375;;random_332
0;0.10121892629239022;0.04805920305272676;0.1583908618274598;0.09018042957204837;0.1893791876351142;0.10020446893846272;0.12260876616914208;0.18995815651265574;34359740416;29609828386;2415919104;1610752128;47;452;40;212;;;;random_333
1;0.2550965961496324;0.010563961461625828;0.03854896853230088;0.13754505586338447;0.256471399090295;0.056085321582335534;0.016429262777509876;0.22925943454291595;1073872896;29609828386;2415919136;1610752128;131;381;70;169;-7.7548297255966485;0.078125;0.0625;random_333
2;0.22350086628715765;0.0027692807665022075;0.05262966994137647;0.43884178522662964;0.04310337257013177;0.00745609202988119;0.05762348469859703;0.17407544847972403;1073872896;29610352866;2415919136;1610752128;126;432;46;147;-7.811806660702633;0.078125;0.046875;random_333
3;0.22350086628715765;0.0027692807665022075;0.05262966994137647;0.43884178522662964;0.04310337257013177;0.00745609202988119;0.05762348469859703;0.17407544847972403;1073872896;29610352866;2415919136;1610752128;127;431;46;147;-7.872178171884256;0.078125;0.046875;random_333
4;0.22350086628715765;0.0027692807665022075;0.05262966994137647;0.43884178522662964;0.04310337257013177;0.00745609202988119;0.05762348469859703;0.17407544847972403;1073872896;29610352866;2415919136;1610752128;127;431;46;147;-7.872677291359974;0.078125;;random_333
0;0.07927043926647921;0.1710125478800225;0.14035902133470393;0.14627083192531545;0.16883543896495418;0.06882310308258831;0.10266904784685933;0.12275956969907713;2415919104;46506575906;26915008834;1610752128;41;233;290;187;;;;random_334
1;0.2053915564828493;0.11863678979949728;0.05127573581718119;0.2502002985675514;0.2864209047479846;0.010185690057680255;0.020426441167318572;0.05746258335993754;2415919136;63624054786;26847879232;1610752128;50;278;240;183;-7.77249768882197;0.09375;0.046875;random_334
2;0.22350086628715765;0.0027692807665022075;0.05262966994137647;0.43884178522662964;0.04310337257013177;0.00745609202988119;0.05762348469859703;0.17407544847972403;2415919136;63624054786;26847879232;1610752128;55;260;215;221;-7.839600015575357;0.09375;0.046875;random_334
3;0.22350086628715765;0.0027692807665022075;0.05262966994137647;0.43884178522662964;0.04310337257013177;0.00745609202988119;0.05762348469859703;0.17407544847972403;2415919136;63624054786;26847879232;1610752128;55;260;215;221;-7.853997917883671;0.078125;;random_334
0;0.14338608438423128;0.20288982762442498;0.061392324188996976;0.06203379978264781;0.19545236992762524;0.17018021005667835;0.04329667050244615;0.12136871353294919;1610752128;61744482434;26915008834;3296862240;157;227;178;189;;;;random_335
1;0.2380546354771868;0.11173900989189237;0.026105787627590093;0.2538020055267487;0.04185444016434565;0.24887557479368702;0.006384928033296779;0.07318361848525257;1610752128;61744482434;26915008834;3221356576;139;214;231;167;-7.791831656320885;0.09375;0.03125;random_335
2;0.20642446111882667;0.03247375426306101;0.008323848523663028;0.2607266687233741;0.10171287090797551;0.31275183634833637;0.0006962130348169285;0.07689034707994648;1610752128;61744482434;26847879232;3296862240;166;216;169;200;-7.823050414563526;0.09375;0.03125;random_335
3;0.20642446111882667;0.03247375426306101;0.008323848523663028;0.2607266687233741;0.10171287090797551;0.31275183634833637;0.0006962130348169285;0.07689034707994648;1610752128;61744482434;26847879232;3296862240;166;215;170;200;-7.852004932594116;0.09375;0.046875;random_335
4;0.20642446111882667;0.03247375426306101;0.008323848523663028;0.2607266687233741;0.10171287090797551;0.31275183634833637;0.0006962130348169285;0.07689034707994648;1610752128;61744482434;26847879232;3296862240;166;215;170;200;-7.851858370987439;0.078125;;random_335
0;0.197851986861917;0.09366096538501961;0.1152421169498748;0.15265339094112843;0.12392444411782047;0.1997830227651699;0.0015755582659200517;0.11530851471314972;1610752128;44090656770;29610352866;1073872896;118;174;374;85;;;;random_336
1;0.2380546354771868;0.11173900989189237;0.026105787627590093;0.2538020055267487;0.04185444016434565;0.24887557479368702;0.006384928033296779;0.07318361848525257;1610752128;44090656770;29610352866;1073872896;113;174;376;88;-7.812874518059992;0.078125;0.0625;random_336
2;0.2380546354771868;0.11173900989189237;0.026105787627590093;0.2538020055267487;0.04185444016434565;0.24887557479368702;0.006384928033296779;0.07318361848525257;1610752128;44090656770;29610352866;1073872896;113;174;376;88;-7.829464519816589;0.078125;;random_336
0;0.0854940577181966;0.15427363740593678;0.19651509433095543;0.01928411745427919;0.0400293646954267;0.16843502312980815;0.18700386195751784;0.14896484330787935;536871040;42949675010;3221356576;27395236032;65;97;225;364;;;;random_337
1;0.19707944895102822;0.19777686595821622;0.0629107848526454;0.03568856221101535;0.11468539971104001;0.10805052020404224;0.006016130162154343;0.2777922879498582;1610752128;44090656770;3221356576;27386847234;151;192;164;244;-7.727605797131411;0.078125;0.0625;random_337
2;0.204010366811844;0.2987667435432591;0.03065162719019198;0.08078032796635412;0.016787901371500866;0.042166449379253054;0.01703437799657975;0.3098022057410172;1610752128;44090656770;3221356576;27386847234;149;222;163;217;-7.798231279187439;0.09375;0.046875;random_337
3;0.204010366811844;0.2987667435432591;0.03065162719019198;0.08078032796635412;0.016787901371500866;0.042166449379253054;0.01703437799657975;0.3098022057410172;1610752128;44090656770;3221356576;27386847234;149;222;163;217;-7.806411918877969;0.09375;;random_337
0;0.197259181299337;0.10024728195642924;0.027355334581397987;0.1377459822903708;0.12084301983019854;0.1185039274726948;0.10955868364820291;0.1884865889213687;536871040;44090656770;20405682208;18794832000;36;261;226;228;;;;random_338
1;0.40072647367377445;0.00310362567010429;0.0033302005369709063;0.3927380356007213;0.046225443549343416;0.03708592971439797;0.06602574663090753;0.05076454462378014;34896611456;29610352866;20405682208;18794832000;63;394;160;134;-7.743444025986438;0.09375;0.03125;random_338
2;0.22350086628715765;0.0027692807665022075;0.05262966994137647;0.43884178522662964;0.04310337257013177;0.00745609202988119;0.05762348469859703;0.17407544847972403;34896611456;29610352866;3489792032;18805301248;64;395;128;164;-7.8316050984421635;0.078125;0.046875;random_338
3;0.22350086628715765;0.0027692807665022075;0.05262966994137647;0.43884178522662964;0.04310337257013177;0.00745609202988119;0.05762348469859703;0.17407544847972403;34896611456;29610352866;3489792032;18805301248;64;395;128;164;-7.860073079839127;0.09375;0.046875;random_338
4;0.22350086628715765;0.0027692807665022075;0.05262966994137647;0.43884178522662964;0.04310337257013177;0.00745609202988119;0.05762348469859703;0.17407544847972403;34896611456;29610352866;3489792032;18805301248;64;395;128;164;-7.860073079839127;0.09375;;random_338
0;0.05107701146391217;0.028947069969041943;0.06094815758635654;0.09688538908889971;0.23449032877567447;0.24219359038723967;0.09198622022072404;0.19347223250815151;34359740416;27386847234;2415919104;12348170466;45;291;94;321;;;;random_339
1;0.1630698429893746;0.00407268318921882;0.09797735637200568;0.2025790815233156;0.07132255533094715;0.3329994162083449;0.0012882034078602433;0.12669086097893295;1073881088;26847870978;3489800192;12348170466;129;229;102;291;-7.806907918391689;0.078125;0.046875;random_339
2;0.1630698429893746;0.00407268318921882;0.09797735637200568;0.2025790815233156;0.07132255533094715;0.3329994162083449;0.0012882034078602433;0.12669086097893295;1073881088;26847870978;3489800192;12348170466;129;229;102;291;-7.84963255591069;0.09375;0.046875;random_339
3;0.1630698429893746;0.00407268318921882;0.09797735637200568;0.2025790815233156;0.07132255533094715;0.3329994162083449;0.0012882034078602433;0.12669086097893295;1073881088;26847870978;3489800192;12348170466;129;229;102;291;-7.84963255591069;0.078125;;random_339
0;0.059056072101279;0.16792859118051387;0.04046436708104362;0.16578901880063482;0.16440218217409916;0.1395727227265108;0.11010141418249764;0.15268563175342112;536871040;29610352866;2415919104;35433613312;59;456;52;184;;;;random_34
1;0.32429386405129795;0.004157040430867142;0.0014156520110912357;0.10095164322477827;0.02919755662595877;0.35921252053944347;0.04187065942688594;0.13890106368967722;18794832000;29610352866;2415919104;1073872896;232;299;99;121;-7.77286797491786;0.09375;0.0625;random_34
2;0.1630698429893746;0.00407268318921882;0.09797735637200568;0.2025790815233156;0.07132255533094715;0.3329994162083449;0.0012882034078602433;0.12669086097893295;18794807424;29602427378;3489800192;1073872896;182;365;100;104;-7.8307417494095155;0.09375;0.046875;random_34
3;0.1630698429893746;0.00407268318921882;0.09797735637200568;0.2025790815233156;0.07132255533094715;0.3329994162083449;0.0012882034078602433;0.12669086097893295;18794807424;29602427378;3489800192;1073872896;182;365;100;104;-7.839666929026741;0.078125;0.046875;random_34
4;0.1630698429893746;0.00407268318921882;0.09797735637200568;0.2025790815233156;0.07132255533094715;0.3329994162083449;0.0012882034078602433;0.12669086097893295;18794807424;29602427378;3489800192;1073872896;182;365;100;104;-7.839666929026741;0.09375;;random_34
0;0.10733165489079567;0.10088566045001277;0.17891033233082373;0.10502303283198075;0.168850995418367;0.03706722546517507;0.11844317292358882;0.18348792568925634;2415919104;68189404707;26915008834;1610752128;40;235;268;208;;;;random_340
1;0.299162776378207;0.0023435370518073407;0.05061484071292489;0.1970743608872093;0.1932657499957611;0.009595591530040902;0.031612117135623855;0.21633102630842568;2415919136;68189404707;26915008834;1610752128;51;202;278;220;-7.7610197661850515;0.078125;0.046875;random_340
2;0.22350086628715765;0.0027692807665022075;0.05262966994137647;0.43884178522662964;0.04310337257013177;0.00745609202988119;0.05762348469859703;0.17407544847972403;2415919136;63624054786;26847879232;1610752128;55;260;215;221;-7.762598572209242;0.078125;0.046875;random_340
3;0.22350086628715765;0.0027692807665022075;0.05262966994137647;0.43884178522662964;0.04310337257013177;0.00745609202988119;0.05762348469859703;0.17407544847972403;2415919136;63624054786;26847879232;1610752128;55;260;215;221;-7.853997917883671;0.09375;0.03125;random_340
4;0.22350086628715765;0.0027692807665022075;0.05262966994137647;0.43884178522662964;0.04310337257013177;0.00745609202988119;0.05762348469859703;0.17407544847972403;2415919136;63624054786;26847879232;1610752128;55;260;215;221;-7.853997917883671;0.078125;;random_340
0;0.04820228203103045;0.1261013969782531;0.16520131280857325;0.05011662936683246;0.20525844219869718;0.02142624695884062;0.2566974126646926;0.12699627699308036;2415919104;61822614598;25769804098;12348170466;24;356;69;302;;;;random_341
1;0.33023656026299203;0.2857621349108514;0.029004833680855623;0.0272899353711698;0.02091294768360314;0.02216480854435728;0.19970454950495523;0.08492423004121558;2415919136;61873748034;25773998146;12348170466;38;286;75;352;-7.724786198984993;0.078125;0.03125;random_341
2;0.3188267260209409;0.3125167311315185;0.01233475156003031;0.05729383544931351;0.06127058421008044;0.16402134228503878;0.02036627212274369;0.05336975722033394;2415919104;61746587650;26915008834;12348170466;54;225;228;244;-7.771563458078574;0.09375;0.046875;random_341
3;0.2940985242496007;0.16691998144413625;0.021869178412160992;0.06509988062962803;0.0625237540796771;0.27062616109209964;0.009538048259700704;0.1093244718329965;2415919104;61746587650;26915008834;29565784290;86;215;192;258;-7.816027649943537;0.09375;0.046875;random_341
4;0.35536557504575755;0.038265523519394884;0.00450023963246392;0.001360380912786598;0.016291722576489084;0.3531279735521729;0.10437146840750454;0.12671711635343055;2415919104;61746587650;26915008834;29528301986;98;230;171;252;-7.832789870694219;0.078125;0.046875;random_341
5;0.08365946100027769;0.041121742231133386;0.09186568040930077;0.044696011818012756;0.21723168090227032;0.3311928691550277;0.0033295270512081624;0.18690302743276893;3489800192;61746587650;1073872896;12348170466;122;247;114;268;-7.822407424049274;0.078125;0.046875;random_341
6;0.08365946100027769;0.041121742231133386;0.09186568040930077;0.044696011818012756;0.21723168090227032;0.3311928691550277;0.0033295270512081624;0.18690302743276893;3489800192;61746587650;1073872896;12348170466;122;246;115;268;-7.847266917890739;0.0625;0.03125;random_341
7;0.08365946100027769;0.041121742231133386;0.09186568040930077;0.044696011818012756;0.21723168090227032;0.3311928691550277;0.0033295270512081624;0.18690302743276893;3489800192;61746587650;1073872896;12348170466;122;246;115;268;-7.847216623536026;0.078125;;random_341
0;0.09804406954585936;0.034071549376543726;0.12618453500731439;0.1924588782154876;0.027561086230661357;0.08933592985554101;0.2438587807616531;0.18848517100693948;536871040;42949675010;63355365730;18794684544;46;84;435;186;;;;random_342
1;0.22350086628715765;0.0027692807665022075;0.05262966994137647;0.43884178522662964;0.04310337257013177;0.00745609202988119;0.05762348469859703;0.17407544847972403;1073872896;46506575906;29004800096;1610752128;128;207;243;173;-7.724073488265595;0.078125;0.046875;random_342
2;0.22350086628715765;0.0027692807665022075;0.05262966994137647;0.43884178522662964;0.04310337257013177;0.00745609202988119;0.05762348469859703;0.17407544847972403;1073872896;46506575906;29004800096;1610752128;128;206;244;173;-7.878792666553937;0.078125;0.046875;random_342
3;0.22350086628715765;0.0027692807665022075;0.05262966994137647;0.43884178522662964;0.04310337257013177;0.00745609202988119;0.05762348469859703;0.17407544847972403;1073872896;46506575906;29004800096;1610752128;128;206;244;173;-7.874991871709816;0.09375;;random_342
0;0.0650570695326992;0.05072523620785014;0.28513004055701285;0.09048031197971451;0.05658566914372451;0.3152288571986556;0.09746969362722162;0.03932312175312149;2415919104;11274289314;29610352866;1073881088;102;127;348;174;;;;random_343
1;0.20513901474327248;0.0038860390042853073;0.09344825267747821;0.17578699463296443;0.1817638091753376;0.2906260616697872;0.030928702288541565;0.018421125808333223;2415919104;12348162210;29610352866;1073881088;97;167;305;182;-7.796872591842953;0.109375;0.046875;random_343
2;0.043761894591134075;0.0022650385464196604;0.026737369451336437;0.18894688668654247;0.3621567828910926;0.33348464307134257;0.005861307648274841;0.03678607711385743;37849541632;12348162210;29532451296;1073881088;128;201;234;188;-7.82176962941219;0.09375;0.046875;random_343
3;0.2380546354771868;0.11173900989189237;0.026105787627590093;0.2538020055267487;0.04185444016434565;0.24887557479368702;0.006384928033296779;0.07318361848525257;37925955584;12348162210;29532451296;1073881088;138;209;260;144;-7.828560045887164;0.09375;0.03125;random_343
4;0.34884434049438995;0.00273272513097807;0.06775407423558436;0.38042746609519695;0.011189118644623321;0.09961849730817919;0.034426194101241654;0.05500758398980671;37849541632;12348162210;29532451296;1073881088;156;205;271;119;-7.827578967266059;0.078125;0.046875;random_343
5;0.22350086628715765;0.0027692807665022075;0.05262966994137647;0.43884178522662964;0.04310337257013177;0.00745609202988119;0.05762348469859703;0.17407544847972403;37581096992;12348162210;64229881568;1073881088;146;234;272;99;-7.84757069050691;0.09375;0.046875;random_343
6;0.22350086628715765;0.0027692807665022075;0.05262966994137647;0.43884178522662964;0.04310337257013177;0.00745609202988119;0.05762348469859703;0.17407544847972403;37581096992;12348162210;64229881568;1073881088;146;234;272;99;-7.845071341586132;0.09375;0.046875;random_343
7;0.22350086628715765;0.0027692807665022075;0.05262966994137647;0.43884178522662964;0.04310337257013177;0.00745609202988119;0.05762348469859703;0.17407544847972403;37581096992;12348162210;64229881568;1073881088;146;234;272;99;-7.845071341586132;0.078125;;random_343
0;0.13212395871136837;0.12428034039643873;0.2651884975148461;0.03840042437134733;0.026077106223395725;0.02660423842370458;0.258746216844168;0.1285792175147312;536871040;42949675010;29534331042;29811212306;54;99;410;188;;;;random_344
1;0.2389520315105372;0.11294114155260468;0.1953157842705113;0.054913827719967494;0.047013255865162;0.0011836984638182986;0.1063384015816241;0.24334185903577502;536871040;9663807490;29534331042;29811212306;89;194;282;186;-7.703268509945869;0.09375;0.046875;random_344
2;0.2337700385736786;0.0030813621737787885;0.24985205292281729;0.04691282902530974;0.1648275416836902;0.10245125319663659;0.0009746452323179247;0.1981302771917709;1610752128;9663807490;29610352866;29811212306;127;168;292;164;-7.747190811247498;0.09375;0.046875;random_344
3;0.173774107802524;0.005944439597428946;0.1460460754256834;0.05636071752935284;0.15193135180814402;0.2964315205646726;0.0005845289065144723;0.16892725836567982;1610752128;1073872896;29610352866;3489800192;137;124;383;107;-7.755948453924701;0.09375;0.046875;random_344
4;0.173774107802524;0.005944439597428946;0.1460460754256834;0.05636071752935284;0.15193135180814402;0.2964315205646726;0.0005845289065144723;0.16892725836567982;1610752128;1073872896;29610352866;3489800192;137;124;383;107;-7.83074865801356;0.078125;0.046875;random_344
5;0.173774107802524;0.005944439597428946;0.1460460754256834;0.05636071752935284;0.15193135180814402;0.2964315205646726;0.0005845289065144723;0.16892725836567982;1610752128;1073872896;29610352866;3489800192;137;124;383;107;-7.83074865801356;0.078125;;random_344
0;0.04747239494158259;0.18718004660067175;0.16946322700547334;0.06253941049954341;0.19008249556207912;0.10724363495259118;0.07513639260434324;0.16088239783371547;536871040;29610352866;2415919104;35433613312;80;446;39;186;;;;random_345
1;0.262554912348068;0.15523500020000613;0.15215774932388654;0.030967860207753068;0.1497986629913524;0.008333807730863263;0.011889917907463491;0.2290620892906071;1610752128;29610352866;2415919136;35433613312;132;377;50;192;-7.764720297156763;0.09375;0.03125;random_345
2;0.2138934410841267;0.14493995323581751;0.2153787929326819;0.01233464341539937;0.11570725347933496;0.084943748056942;0.011586374897273013;0.20121579289842453;1610752128;29610352866;2415919136;1073872896;149;421;71;110;-7.78283003675886;0.078125;0.046875;random_345
3;0.2337700385736786;0.0030813621737787885;0.24985205292281729;0.04691282902530974;0.1648275416836902;0.10245125319663659;0.0009746452323179247;0.1981302771917709;1610752128;29610352866;2415919136;1073872896;147;428;68;108;-7.817239002750609;0.09375;0.046875;random_345
4;0.2337700385736786;0.0030813621737787885;0.24985205292281729;0.04691282902530974;0.1648275416836902;0.10245125319663659;0.0009746452323179247;0.1981302771917709;1610752128;29610352866;2415919136;1073872896;147;428;68;108;-7.817672726201521;0.09375;;random_345
0;0.10800418533470905;0.08226333629439944;0.3257807049984793;0.0576823342564915;0.10390868727788649;0.1429956000070362;0.10133433092426901;0.07803082090672919;2684354720;42949675010;29530141040;29534331042;113;104;235;299;;;;random_346
1;0.16079753138357655;0.08765028772903916;0.3217275069528928;0.13992284358918416;0.21328693222169304;0.040568185543332747;0.017743861787246722;0.018302850793034856;3221356576;44090656770;29530141040;29534331042;128;162;210;251;-7.731343229969148;0.078125;0.046875;random_346
2;0.10403040588226332;0.03516378720626822;0.24048022251951587;0.2457788293963863;0.19266199933623376;0.001588542284027965;0.012814659317654348;0.16748155405765033;3489792032;44090656770;29530141040;29800661154;120;114;257;260;-7.757331789736206;0.078125;0.046875;random_346
3;0.22350086628715765;0.0027692807665022075;0.05262966994137647;0.43884178522662964;0.04310337257013177;0.00745609202988119;0.05762348469859703;0.17407544847972403;3489792032;44090656770;29530141040;29800661154;196;121;257;177;-7.788203251032437;0.078125;0.046875;random_346
4;0.22350086628715765;0.0027692807665022075;0.05262966994137647;0.43884178522662964;0.04310337257013177;0.00745609202988119;0.05762348469859703;0.17407544847972403;3489792032;44090656770;29530141040;29800661154;196;121;257;177;-7.822830783885942;0.078125;;random_346
0;0.22111294817340169;0.09433975368601152;0.03226116539995778;0.1550924325239305;0.03598167933647505;0.1025126298803855;0.252848735056786;0.105850655943052;34896611456;2147483680;26915008834;18794832000;71;67;363;250;;;;random_347
1;0.40072647367377445;0.00310362567010429;0.0033302005369709063;0.3927380356007213;0.046225443549343416;0.03708592971439797;0.06602574663090753;0.05076454462378014;34896611456;2147483680;29610352866;18794832000;63;50;394;244;-7.794946490098;0.078125;0.046875;random_347
2;0.22350086628715765;0.0027692807665022075;0.05262966994137647;0.43884178522662964;0.04310337257013177;0.00745609202988119;0.05762348469859703;0.17407544847972403;34896611456;2415919136;29610352866;18257944576;78;44;426;203;-7.860234532547143;0.078125;0.046875;random_347
3;0.22350086628715765;0.0027692807665022075;0.05262966994137647;0.43884178522662964;0.04310337257013177;0.00745609202988119;0.05762348469859703;0.17407544847972403;34896611456;2415919136;29610352866;18257944576;78;44;426;203;-7.862394168033043;0.078125;0.03125;random_347
4;0.22350086628715765;0.0027692807665022075;0.05262966994137647;0.43884178522662964;0.04310337257013177;0.00745609202988119;0.05762348469859703;0.17407544847972403;34896611456;2415919136;29610352866;18257944576;78;44;426;203;-7.862394168033043;0.078125;;random_347
0;0.14617496285752005;0.1189317016351312;0.03182867759118726;0.15000217895055934;0.19783258256903588;0.021541717960236115;0.17417801725101353;0.15951016118531647;2415919104;50466031650;26915008834;1610752128;34;198;286;233;;;;random_348
1;0.40072647367377445;0.00310362567010429;0.0033302005369709063;0.3927380356007213;0.046225443549343416;0.03708592971439797;0.06602574663090753;0.05076454462378014;2415919136;63944488370;27395236032;18794832000;55;251;167;278;-7.759986362867756;0.09375;0.046875;random_348
2;0.22350086628715765;0.0027692807665022075;0.05262966994137647;0.43884178522662964;0.04310337257013177;0.00745609202988119;0.05762348469859703;0.17407544847972403;2415919136;63665547266;26847879232;18794807424;51;257;166;277;-7.894797561111556;0.09375;0.046875;random_348
3;0.22350086628715765;0.0027692807665022075;0.05262966994137647;0.43884178522662964;0.04310337257013177;0.00745609202988119;0.05762348469859703;0.17407544847972403;2415919136;63665547266;26847879232;18794807424;51;257;166;277;-7.890255378569113;0.078125;0.0625;random_348
4;0.22350086628715765;0.0027692807665022075;0.05262966994137647;0.43884178522662964;0.04310337257013177;0.00745609202988119;0.05762348469859703;0.17407544847972403;2415919136;63665547266;26847879232;18794807424;51;257;166;277;-7.890255378569113;0.078125;;random_348
0;0.2146200474658627;0.025777352818168314;0.07570248229697789;0.17193452228302822;0.005452537948632082;0.1817866894413325;0.21247003574671713;0.11225633199928127;536871040;2147483680;25769804098;29534331042;63;54;118;516;;;;random_349
1;0.40072647367377445;0.00310362567010429;0.0033302005369709063;0.3927380356007213;0.046225443549343416;0.03708592971439797;0.06602574663090753;0.05076454462378014;1610752128;2147483680;26847879232;29611143330;205;62;208;276;-7.7572717537934786;0.09375;0.0625;random_349
2;0.22350086628715765;0.0027692807665022075;0.05262966994137647;0.43884178522662964;0.04310337257013177;0.00745609202988119;0.05762348469859703;0.17407544847972403;1610752128;2415919136;26847879232;29534331042;205;61;226;259;-7.8626671168660245;0.09375;0.046875;random_349
3;0.22350086628715765;0.0027692807665022075;0.05262966994137647;0.43884178522662964;0.04310337257013177;0.00745609202988119;0.05762348469859703;0.17407544847972403;1610752128;2415919136;26847879232;29534331042;205;61;226;259;-7.866172479107945;0.078125;0.0625;random_349
4;0.22350086628715765;0.0027692807665022075;0.05262966994137647;0.43884178522662964;0.04310337257013177;0.00745609202988119;0.05762348469859703;0.17407544847972403;1610752128;2415919136;26847879232;29534331042;205;61;226;259;-7.866172479107945;0.078125;;random_349
0;0.07858612885644675;0.22768112365236562;0.1657104981997708;0.003550038903424973;0.09312576441366688;0.039730412544417865;0.26332023761737455;0.12829579581253261;536871040;61746587650;18253742336;3296862240;66;337;147;201;;;;random_35
1;0.20619756463555694;0.19772981472292844;0.21646111916707136;0.0003538491572193353;0.1426793911830327;0.011644599002543719;0.10480146885940982;0.1201321932722379;536871040;61746587650;18253742336;3489800192;82;375;142;152;-7.71574331304171;0.078125;0.03125;random_35
2;0.19971053830755722;0.21284970656308044;0.24972411128301747;0.018136822743442783;0.03872006026927016;0.01139287379982914;0.01617344842077381;0.25329243861302897;12348170466;61746587650;18320859392;3489792032;184;320;114;133;-7.772828116273245;0.078125;0.046875;random_35
3;0.24111278055917468;0.18126867346523648;0.22124955871400626;0.0061871391451279924;0.06596555413423626;0.016543502624265134;0.010683611313661065;0.2569891800442924;12348170466;61746587650;18320859392;3489792032;182;317;111;141;-7.784024590247152;0.09375;0.046875;random_35
4;0.24111278055917468;0.18126867346523648;0.22124955871400626;0.0061871391451279924;0.06596555413423626;0.016543502624265134;0.010683611313661065;0.2569891800442924;12348170466;61746587650;18320859392;3489792032;182;317;111;141;-7.783616929432698;0.078125;;random_35
0;0.10908541570438633;0.06993969848367972;0.0012688174017991306;0.04679161255626181;0.24610068026312484;0.2178258082416071;0.06693476335778689;0.24205320399135416;1610752128;29610352866;19599982592;1073872896;149;347;101;154;;;;random_350
1;0.08365946100027769;0.041121742231133386;0.09186568040930077;0.044696011818012756;0.21723168090227032;0.3311928691550277;0.0033295270512081624;0.18690302743276893;1610752128;29610352866;3489800192;1073872896;130;374;113;134;-7.810383539480121;0.078125;0.046875;random_350
2;0.08365946100027769;0.041121742231133386;0.09186568040930077;0.044696011818012756;0.21723168090227032;0.3311928691550277;0.0033295270512081624;0.18690302743276893;1610752128;29610352866;3489800192;1073872896;130;374;113;134;-7.831225413677393;0.078125;0.046875;random_350
3;0.08365946100027769;0.041121742231133386;0.09186568040930077;0.044696011818012756;0.21723168090227032;0.3311928691550277;0.0033295270512081624;0.18690302743276893;1610752128;29610352866;3489800192;1073872896;130;374;113;134;-7.831225413677393;0.078125;;random_350
0;0.09028376113586573;0.07306555643164504;0.03751856058277459;0.22137080672667286;0.24233434057017464;0.08038868321125563;0.17271189935528675;0.08232639198632481;1610752128;68520487010;20405682208;29528301986;154;224;158;215;;;;random_351
1;0.22350086628715765;0.0027692807665022075;0.05262966994137647;0.43884178522662964;0.04310337257013177;0.00745609202988119;0.05762348469859703;0.17407544847972403;1610752128;64229881568;20405682208;9663815682;171;232;163;185;-7.790012317970169;0.0625;0.046875;random_351
2;0.22350086628715765;0.0027692807665022075;0.05262966994137647;0.43884178522662964;0.04310337257013177;0.00745609202988119;0.05762348469859703;0.17407544847972403;1610752128;64229881568;20405682208;9663815682;170;232;164;185;-7.885378312084534;0.078125;0.046875;random_351
3;0.22350086628715765;0.0027692807665022075;0.05262966994137647;0.43884178522662964;0.04310337257013177;0.00745609202988119;0.05762348469859703;0.17407544847972403;1610752128;64229881568;20405682208;9663815682;170;232;164;185;-7.88512500484175;0.109375;;random_351
0;0.03167095418353067;0.1184574957921916;0.16638369318894164;0.037108588523699824;0.24683586125248375;0.15003194178752605;0.07070272863377462;0.1788087366378519;536871040;29610352866;2415919104;35433613312;92;422;71;166;;;;random_352
1;0.173774107802524;0.005944439597428946;0.1460460754256834;0.05636071752935284;0.15193135180814402;0.2964315205646726;0.0005845289065144723;0.16892725836567982;1610752128;29610352866;3489800192;1073872896;137;383;107;124;-7.782579250162195;0.078125;0.046875;random_352
2;0.173774107802524;0.005944439597428946;0.1460460754256834;0.05636071752935284;0.15193135180814402;0.2964315205646726;0.0005845289065144723;0.16892725836567982;1610752128;29610352866;3489800192;1073872896;137;383;107;124;-7.83074865801356;0.078125;0.03125;random_352
3;0.173774107802524;0.005944439597428946;0.1460460754256834;0.05636071752935284;0.15193135180814402;0.2964315205646726;0.0005845289065144723;0.16892725836567982;1610752128;29610352866;3489800192;1073872896;137;383;107;124;-7.83074865801356;0.09375;;random_352
0;0.18196903585783095;0.07515510560735723;0.16091455776696192;0.09814838838924174;0.22114768824460293;0.17684913771894759;0.08174480861943138;0.004071277795626153;9126805634;2147483680;29610352866;1073872896;107;66;425;153;;;;random_353
1;0.31714525076265804;0.07124422342749352;0.12648870367550819;0.1221608794912466;0.042621420429274005;0.2739591566390553;0.016253457918215874;0.030126907656548598;10200686722;2147483680;29610352866;1073872896;229;64;355;103;-7.805371242089803;0.09375;0.046875;random_353
2;0.2380546354771868;0.11173900989189237;0.026105787627590093;0.2538020055267487;0.04185444016434565;0.24887557479368702;0.006384928033296779;0.07318361848525257;10200686722;2147483680;29610352866;1073881088;200;73;320;158;-7.810954638403516;0.09375;0.03125;random_353
3;0.34884434049438995;0.00273272513097807;0.06775407423558436;0.38042746609519695;0.011189118644623321;0.09961849730817919;0.034426194101241654;0.05500758398980671;10200686722;2147483680;29610352866;1073881088;170;72;349;160;-7.832431680361065;0.078125;0.03125;random_353
4;0.26400356727738417;0.13972626508717423;0.03191848428753177;0.3958529056178151;0.08658313179424464;0.012663840306161888;0.06594451750872049;0.003307288120967658;29609828386;2147483680;29530141040;1073881088;298;44;202;207;-7.8350453788993635;0.078125;0.046875;random_353
5;0.37340059868882525;0.034454710893647704;0.021988553198505963;0.4433429767374552;0.03507017768372346;0.0141831083682436;0.0738558143111319;0.0037040601184669896;29609828386;2147483680;29530141040;1073881088;290;45;208;208;-7.887292495910768;0.078125;0.046875;random_353
6;0.37340059868882525;0.034454710893647704;0.021988553198505963;0.4433429767374552;0.03507017768372346;0.0141831083682436;0.0738558143111319;0.0037040601184669896;29609828386;2147483680;29530141040;1073881088;290;45;208;208;-7.88743261910095;0.078125;;random_353
0;0.18035773168644426;0.05427634043775375;0.033431462400347646;0.25558631517231567;0.27428603961224945;0.07403051348941919;0.08277512504995918;0.04525647215151088;42949675010;2147483680;29610352866;18794807424;131;61;311;248;;;;random_354
1;0.22350086628715765;0.0027692807665022075;0.05262966994137647;0.43884178522662964;0.04310337257013177;0.00745609202988119;0.05762348469859703;0.17407544847972403;44090656770;2415919136;64229881568;18794807424;219;50;222;260;-7.853935952775853;0.078125;0.046875;random_354
2;0.22350086628715765;0.0027692807665022075;0.05262966994137647;0.43884178522662964;0.04310337257013177;0.00745609202988119;0.05762348469859703;0.17407544847972403;44090656770;2415919136;64229881568;18794807424;218;50;223;260;-7.884178425945156;0.078125;0.046875;random_354
3;0.22350086628715765;0.0027692807665022075;0.05262966994137647;0.43884178522662964;0.04310337257013177;0.00745609202988119;0.05762348469859703;0.17407544847972403;44090656770;2415919136;64229881568;18794807424;218;50;223;260;-7.884359220432953;0.09375;;random_354
0;0.09098655003661946;0.17212750067593172;0.13945756942505572;0.16824852541817178;0.04542156237154475;0.14521277748821929;0.18260071872562408;0.055944795858833274;2684354720;46802282550;29540626790;18257936384;67;221;281;182;;;;random_355
1;0.22350086628715765;0.0027692807665022075;0.05262966994137647;0.43884178522662964;0.04310337257013177;0.00745609202988119;0.05762348469859703;0.17407544847972403;2684354720;46506575906;29058605408;18257936384;106;204;208;233;-7.764073197119351;0.078125;0.03125;random_355
2;0.22350086628715765;0.0027692807665022075;0.05262966994137647;0.43884178522662964;0.04310337257013177;0.00745609202988119;0.05762348469859703;0.17407544847972403;2684354720;46506575906;29058605408;18257936384;106;204;208;233;-7.898021290110449;0.078125;0.046875;random_355
3;0.22350086628715765;0.0027692807665022075;0.05262966994137647;0.43884178522662964;0.04310337257013177;0.00745609202988119;0.05762348469859703;0.17407544847972403;2684354720;46506575906;29058605408;18257936384;106;204;208;233;-7.898021290110449;0.078125;;random_355
0;0.18953631206237884;0.1099525643744521;0.07964700752801715;0.2660941336827685;0.09567554859270945;0.029597228643705478;0.1066406831357248;0.1228565219802437;2415919136;46506575906;27395236032;1073872896;43;250;323;135;;;;random_356
1;0.22350086628715765;0.0027692807665022075;0.05262966994137647;0.43884178522662964;0.04310337257013177;0.00745609202988119;0.05762348469859703;0.17407544847972403;2415919136;46506575906;27395236032;1073872896;51;213;334;153;-7.833000492552316;0.078125;0.046875;random_356
2;0.22350086628715765;0.0027692807665022075;0.05262966994137647;0.43884178522662964;0.04310337257013177;0.00745609202988119;0.05762348469859703;0.17407544847972403;2415919136;46506575906;27395236032;1073872896;51;213;334;153;-7.859604884215931;0.078125;;random_356
0;0.14974922216099704;0.18910778437752154;0.16265871699358794;0.18533067128549588;0.09457439660780334;0.14320067317488094;0.06152521792553367;0.013853317474179831;1073881088;2147483680;61740288386;29800542402;107;84;238;322;;;;random_357
1;0.2380546354771868;0.11173900989189237;0.026105787627590093;0.2538020055267487;0.04185444016434565;0.24887557479368702;0.006384928033296779;0.07318361848525257;1073881088;2147483680;61744482434;29800542402;143;105;220;283;-7.7925371937452645;0.078125;0.0625;random_357
2;0.20642446111882667;0.03247375426306101;0.008323848523663028;0.2607266687233741;0.10171287090797551;0.31275183634833637;0.0006962130348169285;0.07689034707994648;1073881088;20405682208;61744482434;29800542402;153;156;211;231;-7.8546458434189965;0.078125;0.0625;random_357
3;0.1536894198364882;0.002031259805225586;0.015509271266870073;0.24031944545001954;0.08378739188450274;0.3347126832399806;0.042266667114845044;0.12768386140206808;1073881088;20405682208;61744482434;29264060480;145;191;238;177;-7.841834314251597;0.078125;0.0625;random_357
4;0.1630698429893746;0.00407268318921882;0.09797735637200568;0.2025790815233156;0.07132255533094715;0.3329994162083449;0.0012882034078602433;0.12669086097893295;1073872896;3296862240;61744482434;12088123456;114;182;280;175;-7.855319432038133;0.078125;0.046875;random_357
5;0.1630698429893746;0.00407268318921882;0.09797735637200568;0.2025790815233156;0.07132255533094715;0.3329994162083449;0.0012882034078602433;0.12669086097893295;1073872896;3296862240;61744482434;12088123456;114;183;279;175;-7.865988354185726;0.078125;0.03125;random_357
6;0.1630698429893746;0.00407268318921882;0.09797735637200568;0.2025790815233156;0.07132255533094715;0.3329994162083449;0.0012882034078602433;0.12669086097893295;1073872896;3296862240;61744482434;12088123456;114;183;279;175;-7.866489752489749;0.078125;;random_357
0;0.08420328123134399;0.16079619500248832;0.06327156737532509;0.19846363103960235;0.18219012886864755;0.04470643756005038;0.0762231434652688;0.1901456154572736;536871040;29610352866;2415919104;35433613312;70;462;38;181;;;;random_358
1;0.22350086628715765;0.0027692807665022075;0.05262966994137647;0.43884178522662964;0.04310337257013177;0.00745609202988119;0.05762348469859703;0.17407544847972403;1610752128;29610352866;2415919136;1073872896;155;431;46;119;-7.797648758118061;0.09375;0.046875;random_358
2;0.22350086628715765;0.0027692807665022075;0.05262966994137647;0.43884178522662964;0.04310337257013177;0.00745609202988119;0.05762348469859703;0.17407544847972403;1610752128;29610352866;2415919136;1073872896;155;432;46;118;-7.872818554810086;0.09375;0.0625;random_358
3;0.22350086628715765;0.0027692807665022075;0.05262966994137647;0.43884178522662964;0.04310337257013177;0.00745609202988119;0.05762348469859703;0.17407544847972403;1610752128;29610352866;2415919136;1073872896;155;432;46;118;-7.872377247269405;0.09375;;random_358
0;0.08693343158911754;0.11817485311689596;0.12226062128397432;0.2854716871277282;0.013196676366338322;0.026295866918379665;0.20614591199906127;0.14152095159850467;2415919104;44090656770;26915008834;1610752128;29;211;292;219;;;;random_359
1;0.22350086628715765;0.0027692807665022075;0.05262966994137647;0.43884178522662964;0.04310337257013177;0.00745609202988119;0.05762348469859703;0.17407544847972403;2415919136;44090656770;26847879232;1610752128;63;224;263;201;-7.801728108454647;0.09375;0.046875;random_359
2;0.22350086628715765;0.0027692807665022075;0.05262966994137647;0.43884178522662964;0.04310337257013177;0.00745609202988119;0.05762348469859703;0.17407544847972403;2415919136;44090656770;26847879232;1610752128;63;224;263;201;-7.853605909786801;0.09375;0.046875;random_359
3;0.22350086628715765;0.0027692807665022075;0.05262966994137647;0.43884178522662964;0.04310337257013177;0.00745609202988119;0.05762348469859703;0.17407544847972403;2415919136;44090656770;26847879232;1610752128;63;224;263;201;-7.853605909786801;0.09375;;random_359
0;0.1467252627361514;0.18863771968997498;0.1087286127708512;0.04038415164602213;0.24251615281266725;0.05600315302199749;0.15083376443596927;0.06617118288636636;536871040;2147483680;20961435680;29800661154;53;37;295;366;;;;random_36
1;0.27449857399879524;0.0021691595810128064;0.023407846013768902;0.18979842509714084;0.15751956325023628;0.016629187731998972;0.21083163455099993;0.12514560977604694;536871040;2415919136;18257944576;29800661154;52;34;253;412;-7.734857425967541;0.09375;0.046875;random_36
2;0.22350086628715765;0.0027692807665022075;0.05262966994137647;0.43884178522662964;0.04310337257013177;0.00745609202988119;0.05762348469859703;0.17407544847972403;1610752128;2415919136;1073872896;29610352866;155;46;118;432;-7.807696121596144;0.09375;0.046875;random_36
3;0.22350086628715765;0.0027692807665022075;0.05262966994137647;0.43884178522662964;0.04310337257013177;0.00745609202988119;0.05762348469859703;0.17407544847972403;1610752128;2415919136;1073872896;29610352866;155;46;119;431;-7.872377247269405;0.078125;0.046875;random_36
4;0.22350086628715765;0.0027692807665022075;0.05262966994137647;0.43884178522662964;0.04310337257013177;0.00745609202988119;0.05762348469859703;0.17407544847972403;1610752128;2415919136;1073872896;29610352866;155;46;119;431;-7.872818554810086;0.078125;;random_36
0;0.11866138036057931;0.04995954537788298;0.1705401163806795;0.14267105257212462;0.012701922126534709;0.14697655819237165;0.18178962144773114;0.1766998035420961;536871040;42949675010;63355365730;18794684544;54;77;427;193;;;;random_360
1;0.22350086628715765;0.0027692807665022075;0.05262966994137647;0.43884178522662964;0.04310337257013177;0.00745609202988119;0.05762348469859703;0.17407544847972403;1073872896;46506575906;29004800096;1610752128;128;207;243;173;-7.71568650197917;0.09375;0.046875;random_360
2;0.22350086628715765;0.0027692807665022075;0.05262966994137647;0.43884178522662964;0.04310337257013177;0.00745609202988119;0.05762348469859703;0.17407544847972403;1073872896;46506575906;29004800096;1610752128;128;206;244;173;-7.878792666553937;0.078125;0.0625;random_360
3;0.22350086628715765;0.0027692807665022075;0.05262966994137647;0.43884178522662964;0.04310337257013177;0.00745609202988119;0.05762348469859703;0.17407544847972403;1073872896;46506575906;29004800096;1610752128;128;206;244;173;-7.874991871709816;0.09375;;random_360
0;0.15605628330512616;0.02622434628715119;0.12223301072960982;0.06030901479489246;0.20586153822134898;0.15223741967534296;0.12959334817269505;0.1474850388138334;2952790176;68189404707;29602427378;18257936384;111;128;290;222;;;;random_361
1;0.22298673176738273;0.007911376333840751;0.061366203319945384;0.23199370940915115;0.20108582599828728;0.20867839455570805;0.06403948803997517;0.0019382705757094686;2952790144;44585596934;29540626790;1073881088;82;168;335;166;-7.7313889177464805;0.09375;0.046875;random_361
2;0.20642446111882667;0.03247375426306101;0.008323848523663028;0.2607266687233741;0.10171287090797551;0.31275183634833637;0.0006962130348169285;0.07689034707994648;4026540160;61274851586;29610352866;1073881088;116;184;302;149;-7.855660042296396;0.09375;0.03125;random_361
3;0.1536894198364882;0.002031259805225586;0.015509271266870073;0.24031944545001954;0.08378739188450274;0.3347126832399806;0.042266667114845044;0.12768386140206808;4026540160;61207616771;29610352866;1073881088;138;158;305;150;-7.839878100496739;0.09375;0.046875;random_361
4;0.1630698429893746;0.00407268318921882;0.09797735637200568;0.2025790815233156;0.07132255533094715;0.3329994162083449;0.0012882034078602433;0.12669086097893295;4026540160;61207616771;29610352866;1073872896;137;195;298;121;-7.832834811317181;0.078125;0.03125;random_361
5;0.1630698429893746;0.00407268318921882;0.09797735637200568;0.2025790815233156;0.07132255533094715;0.3329994162083449;0.0012882034078602433;0.12669086097893295;4026540160;61207616771;29610352866;1073872896;137;195;298;121;-7.830460147610058;0.09375;0.046875;random_361
6;0.1630698429893746;0.00407268318921882;0.09797735637200568;0.2025790815233156;0.07132255533094715;0.3329994162083449;0.0012882034078602433;0.12669086097893295;4026540160;61207616771;29610352866;1073872896;137;195;298;121;-7.830460147610058;0.09375;;random_361
0;0.11061398588757188;0.0941366723275388;0.23634121946446873;0.08382998404123931;0.010464918043094209;0.10123433791227493;0.19960470899374633;0.1637741733300658;536871040;42949675010;63355365730;18794684544;65;73;414;199;;;;random_362
1;0.42084311052572726;0.005085538596588938;0.13174995854488608;0.08435582893703138;0.17085156924632064;0.0799962587507562;0.04643190929614434;0.06068582610254509;536871040;42949675010;63355365730;18794807424;30;78;355;288;-7.719707049676087;0.09375;0.046875;random_362
2;0.40072647367377445;0.00310362567010429;0.0033302005369709063;0.3927380356007213;0.046225443549343416;0.03708592971439797;0.06602574663090753;0.05076454462378014;536871040;44090656770;29610352866;18796904576;22;181;277;271;-7.768435919147329;0.09375;0.046875;random_362
3;0.22350086628715765;0.0027692807665022075;0.05262966994137647;0.43884178522662964;0.04310337257013177;0.00745609202988119;0.05762348469859703;0.17407544847972403;1610752128;46506575906;64229881568;1073872896;145;215;257;134;-7.823539436798644;0.09375;0.046875;random_362
4;0.22350086628715765;0.0027692807665022075;0.05262966994137647;0.43884178522662964;0.04310337257013177;0.00745609202988119;0.05762348469859703;0.17407544847972403;1610752128;46506575906;64229881568;1073872896;145;215;257;134;-7.8708193222710605;0.09375;0.046875;random_362
5;0.22350086628715765;0.0027692807665022075;0.05262966994137647;0.43884178522662964;0.04310337257013177;0.00745609202988119;0.05762348469859703;0.17407544847972403;1610752128;46506575906;64229881568;1073872896;145;215;257;134;-7.8708193222710605;0.078125;;random_362
0;0.2661237298935457;0.029374034062122054;0.2521216691490866;0.1020188159465618;0.13110285536266947;0.11851250531784592;0.032209163059998575;0.06853722720816985;10200686722;2415919136;29610352866;34359740416;225;67;415;44;;;;random_363
1;0.2733434987265134;0.009451244750347686;0.2398005343986876;0.2401717970099991;0.14574613539676542;0.02565288041491666;0.03355627799325328;0.03227763130951691;10200686722;2415919136;29610352866;34359740416;216;65;424;46;-7.784865142257394;0.078125;0.046875;random_363
2;0.4682526859512232;0.02841164940586077;0.14784858962968722;0.1206860771539388;0.0836880441484303;0.08636668438611077;0.04740547708220037;0.017340792242548714;10200686722;2415919136;29610352866;34359740416;206;57;439;49;-7.802821963032382;0.09375;0.046875;random_363
3;0.2733434987265134;0.009451244750347686;0.2398005343986876;0.2401717970099991;0.14574613539676542;0.02565288041491666;0.03355627799325328;0.03227763130951691;10200686722;2415919136;29610352866;34359740416;216;65;424;46;-7.784552037353405;0.09375;0.03125;random_363
4;0.4682526859512232;0.02841164940586077;0.14784858962968722;0.1206860771539388;0.0836880441484303;0.08636668438611077;0.04740547708220037;0.017340792242548714;10200686722;2415919136;29610352866;34359740416;206;57;439;49;-7.802821963032382;0.09375;;random_363
0;0.22238408823421257;0.006893044847688963;0.040112691724801926;0.007552950474328863;0.25687291457039885;0.18495012426926635;0.05091051867890747;0.23032366720039515;1610752128;42949675010;29610352866;1073872896;148;74;375;154;;;;random_364
1;0.24133863354290885;0.0034479921744328826;0.10899294801921862;0.00953337496740819;0.14839113593438724;0.2304924863812504;0.00859613419616861;0.24920729478422524;1610752128;42949675010;29610352866;1073872896;137;68;401;145;-7.808227248060272;0.09375;0.046875;random_364
2;0.24133863354290885;0.0034479921744328826;0.10899294801921862;0.00953337496740819;0.14839113593438724;0.2304924863812504;0.00859613419616861;0.24920729478422524;1610752128;42949675010;29610352866;1073872896;137;68;401;145;-7.80663812712704;0.09375;;random_364
0;0.2120622105345299;0.20499050106425368;0.20213621155888445;0.0017131263138009628;0.12919675767487643;0.05629090437385689;0.1238521539543352;0.06975813452546245;9126805634;2415919136;29534331042;35433613312;83;43;435;190;;;;random_365
1;0.3250249145654498;0.2109996716163224;0.18010986345950306;0.18870116104764156;0.04320458247882977;0.03465384137377731;0.0032645216145741913;0.014041443843901744;10200686722;2147483680;29610352866;35433613312;162;48;393;148;-7.77201031321359;0.09375;0.03125;random_365
2;0.33187649585477336;0.0038308131585386156;0.286510479017856;0.14898167219205183;0.12475581959270317;0.034569153265680906;0.05510482474120249;0.014370742177193791;10200686722;2147483680;29610352866;1073872896;197;52;404;98;-7.79764991347014;0.078125;0.046875;random_365
3;0.2733434987265134;0.009451244750347686;0.2398005343986876;0.2401717970099991;0.14574613539676542;0.02565288041491666;0.03355627799325328;0.03227763130951691;10200686722;2147483680;29610352866;1073872896;174;52;406;119;-7.817585429788957;0.078125;0.046875;random_365
4;0.21441745143005972;0.1441016272306112;0.044044851136924176;0.40824856950054417;0.1047067635431164;0.013060393434033321;0.06800949180181319;0.0034108519228977572;10200686722;2415919136;29542588512;1073872896;212;53;281;205;-7.805212193955752;0.078125;0.03125;random_365
5;0.37340059868882525;0.034454710893647704;0.021988553198505963;0.4433429767374552;0.03507017768372346;0.0141831083682436;0.0738558143111319;0.0037040601184669896;61746587650;2415919136;29530141040;1073872896;274;53;249;175;-7.903059945135238;0.09375;0.03125;random_365
6;0.22350086628715765;0.0027692807665022075;0.05262966994137647;0.43884178522662964;0.04310337257013177;0.00745609202988119;0.05762348469859703;0.17407544847972403;29534331042;2415919136;29532451296;1073872896;321;49;229;152;-7.840185084050576;0.078125;0.046875;random_365
7;0.22350086628715765;0.0027692807665022075;0.05262966994137647;0.43884178522662964;0.04310337257013177;0.00745609202988119;0.05762348469859703;0.17407544847972403;29534331042;2415919136;29532451296;1073872896;321;49;229;152;-7.836771612334012;0.09375;0.046875;random_365
8;0.22350086628715765;0.0027692807665022075;0.05262966994137647;0.43884178522662964;0.04310337257013177;0.00745609202988119;0.05762348469859703;0.17407544847972403;29534331042;2415919136;29532451296;1073872896;321;49;229;152;-7.836771612334012;0.078125;;random_365
0;0.039019937318935986;0.11286853280592148;0.12571785181530484;0.2513272397543808;0.010763387737665282;0.07647114832037322;0.21631803408840733;0.16751386815901095;536871040;29610352866;18257809408;35433613312;48;451;93;159;;;;random_366
1;0.22350086628715765;0.0027692807665022075;0.05262966994137647;0.43884178522662964;0.04310337257013177;0.00745609202988119;0.05762348469859703;0.17407544847972403;1610752128;29610352866;18257936384;1073872896;140;415;121;75;-7.725449281193388;0.078125;0.03125;random_366
2;0.22350086628715765;0.0027692807665022075;0.05262966994137647;0.43884178522662964;0.04310337257013177;0.00745609202988119;0.05762348469859703;0.17407544847972403;1610752128;29610352866;18257936384;1073872896;140;415;121;75;-7.853764635352317;0.078125;0.046875;random_366
3;0.22350086628715765;0.0027692807665022075;0.05262966994137647;0.43884178522662964;0.04310337257013177;0.00745609202988119;0.05762348469859703;0.17407544847972403;1610752128;29610352866;18257936384;1073872896;140;415;121;75;-7.853764635352317;0.078125;;random_366
0;0.1852868319370801;0.14799289176600894;0.1702370449634484;0.11047996140177409;0.045919823183996705;0.1815484816426057;0.1272672670880924;0.03126769801699351;9126805634;2147483680;29610352866;1073872896;104;57;433;157;;;;random_367
1;0.40072647367377445;0.00310362567010429;0.0033302005369709063;0.3927380356007213;0.046225443549343416;0.03708592971439797;0.06602574663090753;0.05076454462378014;61744482434;2147483680;29530141040;1073872896;262;61;278;150;-7.8051565708239306;0.09375;0.03125;random_367
2;0.22350086628715765;0.0027692807665022075;0.05262966994137647;0.43884178522662964;0.04310337257013177;0.00745609202988119;0.05762348469859703;0.17407544847972403;61744482434;2415919136;29530141040;1073872896;286;50;269;146;-7.839532910147422;0.078125;0.046875;random_367
3;0.22350086628715765;0.0027692807665022075;0.05262966994137647;0.43884178522662964;0.04310337257013177;0.00745609202988119;0.05762348469859703;0.17407544847972403;61744482434;2415919136;29530141040;1073872896;286;50;269;146;-7.837794642550649;0.09375;0.046875;random_367
4;0.22350086628715765;0.0027692807665022075;0.05262966994137647;0.43884178522662964;0.04310337257013177;0.00745609202988119;0.05762348469859703;0.17407544847972403;61744482434;2415919136;29530141040;1073872896;286;50;269;146;-7.837794642550649;0.09375;;random_367
0;0.18963774177497386;0.22584844870221846;0.08155823362803247;0.0691532037892611;0.019266710412570713;0.15655802056705648;0.22593696773665556;0.03204067338923127;536871040;19331547168;20961435680;29811212306;44;73;343;291;;;;random_368
1;0.20749946644667355;0.071383091262889;0.0049773179583751746;0.10545320294272202;0.019413335118223997;0.2830017270666485;0.21139292069971885;0.09687893850474899;536871040;19331547168;20961435680;29805125826;58;72;284;337;-7.717752362868831;0.078125;0.046875;random_368
2;0.1630698429893746;0.00407268318921882;0.09797735637200568;0.2025790815233156;0.07132255533094715;0.3329994162083449;0.0012882034078602433;0.12669086097893295;1610752128;54840657953;1073872896;29800542402;125;219;105;302;-7.739689468660702;0.078125;0.046875;random_368
3;0.1630698429893746;0.00407268318921882;0.09797735637200568;0.2025790815233156;0.07132255533094715;0.3329994162083449;0.0012882034078602433;0.12669086097893295;1610752128;54840657953;1073872896;29800542402;125;217;107;302;-7.830482109868364;0.09375;0.03125;random_368
4;0.1630698429893746;0.00407268318921882;0.09797735637200568;0.2025790815233156;0.07132255533094715;0.3329994162083449;0.0012882034078602433;0.12669086097893295;1610752128;54840657953;1073872896;29800542402;125;217;107;302;-7.831077214021287;0.078125;;random_368
0;0.13941029182383932;0.028228675896860927;0.009801457753888689;0.19094392733976856;0.24932932279937603;0.09700066517176051;0.25165053036597673;0.033635128848529317;34896611456;2147483680;8589934658;29534331042;71;48;88;544;;;;random_369
1;0.40072647367377445;0.00310362567010429;0.0033302005369709063;0.3927380356007213;0.046225443549343416;0.03708592971439797;0.06602574663090753;0.05076454462378014;18794832000;2415919136;26847879232;29611143330;300;54;148;249;-7.766511194141416;0.078125;0.0625;random_369
2;0.22350086628715765;0.0027692807665022075;0.05262966994137647;0.43884178522662964;0.04310337257013177;0.00745609202988119;0.05762348469859703;0.17407544847972403;18794807424;2415919136;29058605408;29534331042;294;48;167;242;-7.917701201950639;0.078125;0.046875;random_369
3;0.22350086628715765;0.0027692807665022075;0.05262966994137647;0.43884178522662964;0.04310337257013177;0.00745609202988119;0.05762348469859703;0.17407544847972403;18794807424;2415919136;29058605408;29534331042;294;48;167;242;-7.9073020529385305;0.09375;0.046875;random_369
4;0.22350086628715765;0.0027692807665022075;0.05262966994137647;0.43884178522662964;0.04310337257013177;0.00745609202988119;0.05762348469859703;0.17407544847972403;18794807424;2415919136;29058605408;29534331042;294;48;167;242;-7.9073020529385305;0.09375;;random_369
0;0.01961346055254835;0.1728309919883434;0.1950270177970449;0.19260454752141912;0.18172399409753676;0.1551620094295219;0.06678076267022391;0.016257215943361672;536871040;8589934594;2415919104;63355365730;39;103;68;541;;;;random_37
1;0.24720631361297357;0.18232814102618836;0.01713379494725464;0.2342842429791082;0.08603230139836651;0.2113871214943173;0.004767488218762528;0.01686059632302898;1610752128;9663815682;2415919104;63355365730;191;142;71;347;-7.772311163140811;0.09375;0.046875;random_37
2;0.20642446111882667;0.03247375426306101;0.008323848523663028;0.2607266687233741;0.10171287090797551;0.31275183634833637;0.0006962130348169285;0.07689034707994648;1073881088;9663815682;3489800192;29565784290;190;122;100;339;-7.844613824206223;0.078125;0.0625;random_37
3;0.1630698429893746;0.00407268318921882;0.09797735637200568;0.2025790815233156;0.07132255533094715;0.3329994162083449;0.0012882034078602433;0.12669086097893295;1073872896;9663815682;3489800192;29610352866;151;130;100;370;-7.854890922823491;0.078125;0.046875;random_37
4;0.1630698429893746;0.00407268318921882;0.09797735637200568;0.2025790815233156;0.07132255533094715;0.3329994162083449;0.0012882034078602433;0.12669086097893295;1073872896;9663815682;3489800192;29610352866;151;130;101;369;-7.852505927201398;0.078125;0.03125;random_37
5;0.1630698429893746;0.00407268318921882;0.09797735637200568;0.2025790815233156;0.07132255533094715;0.3329994162083449;0.0012882034078602433;0.12669086097893295;1073872896;9663815682;3489800192;29610352866;151;130;101;369;-7.852862733271729;0.078125;;random_37
0;0.07033037840445881;0.2664740316105898;0.15029244729630864;0.1797540675647775;0.011236464189956252;0.03794623082794392;0.016489232267530515;0.26747714783843446;34359740416;63971487074;1073872896;12348170466;94;273;104;280;;;;random_370
1;0.38589812353111147;0.33822650530596715;0.025394866539336865;0.0870196693724164;0.07977728595257258;0.011696213496250043;0.03381265441055873;0.03817468139178661;34359740416;63971487074;1073872896;29610352866;76;201;130;344;-7.787100749727706;0.09375;0.046875;random_370
2;0.23100146817560832;0.28560526106641454;0.048180961704098677;0.07155834578377031;0.1489056167349243;0.024893341860084312;0.01694696935742803;0.1729080353176716;35433613312;63971487074;1073872896;29800542402;121;178;125;327;-7.782330001514578;0.09375;0.046875;random_370
3;0.3188267260209409;0.3125167311315185;0.01233475156003031;0.05729383544931351;0.06127058421008044;0.16402134228503878;0.02036627212274369;0.05336975722033394;35433613312;63971487074;1073872896;29800542402;120;194;129;308;-7.78841422401324;0.09375;0.03125;random_370
4;0.31370848698842146;0.33434038671467065;0.02938688312817763;0.03238894895753613;0.1404806226348589;0.060465756294239614;0.055379585430334916;0.03384932985176068;35433613312;63971487074;1073872896;29534331042;124;154;130;343;-7.7882576179352725;0.078125;0.046875;random_370
5;0.23100146817560832;0.28560526106641454;0.048180961704098677;0.07155834578377031;0.1489056167349243;0.024893341860084312;0.01694696935742803;0.1729080353176716;35433613312;63971487074;1073872896;29800661154;119;186;118;328;-7.783376244542827;0.078125;0.046875;random_370
6;0.3188267260209409;0.3125167311315185;0.01233475156003031;0.05729383544931351;0.06127058421008044;0.16402134228503878;0.02036627212274369;0.05336975722033394;35433613312;63971487074;1073881088;29565784290;120;157;125;349;-7.7844820807796795;0.09375;0.046875;random_370
7;0.27108794754259014;0.1831778606953081;0.020925739515263015;0.1971217476648742;0.1559468901172474;0.13987100957370288;0.020175438554036883;0.011693366336977266;35433613312;64271383026;1073881088;29610352866;86;186;138;341;-7.784196746762235;0.078125;0.03125;random_370
8;0.2500791569798219;0.2354027773027801;0.014862273932091507;0.2486842722487812;0.05416282486031248;0.14072914265149306;0.02574566700541392;0.030333885019305878;35433613312;64163117378;1073881088;29610352866;95;194;140;322;-7.808170773585824;0.078125;0.046875;random_370
9;0.2500791569798219;0.2354027773027801;0.014862273932091507;0.2486842722487812;0.05416282486031248;0.14072914265149306;0.02574566700541392;0.030333885019305878;35433613312;64163117378;1073881088;29610352866;95;194;140;322;-7.8092440705719985;0.09375;0.046875;random_370
10;0.2500791569798219;0.2354027773027801;0.014862273932091507;0.2486842722487812;0.05416282486031248;0.14072914265149306;0.02574566700541392;0.030333885019305878;35433613312;64163117378;1073881088;29610352866;95;194;140;322;-7.8092440705719985;0.09375;;random_370
0;0.042884698421438744;0.2703213968801804;0.11168085799155532;0.2547081968245952;0.11613773982211008;0.08516304307519967;0.029797930197738843;0.08930613678718166;1073881088;29610352866;2415919104;35433613312;92;468;42;149;;;;random_371
1;0.2366789100818342;0.1819432033667347;0.02595492144120827;0.25233527557337193;0.12282527776671816;0.1402530047885955;0.006348029328823759;0.033661377652713445;1073881088;29610352866;2415919104;35433613312;131;441;49;130;-7.816464365658993;0.09375;0.046875;random_371
2;0.2500791569798219;0.2354027773027801;0.014862273932091507;0.2486842722487812;0.05416282486031248;0.14072914265149306;0.02574566700541392;0.030333885019305878;1073881088;29610352866;2415919104;35433613312;133;424;49;145;-7.839157763090436;0.09375;0.03125;random_371
3;0.2500791569798219;0.2354027773027801;0.014862273932091507;0.2486842722487812;0.05416282486031248;0.14072914265149306;0.02574566700541392;0.030333885019305878;1073881088;29610352866;2415919104;35433613312;133;424;49;145;-7.842137736181023;0.09375;;random_371
0;0.107550852563526;0.18648473132993218;0.10322473577861795;0.22159749526983336;0.1235537606995655;0.005690433032061168;0.09475085709650868;0.1571471342299551;2415919136;61746587650;26915008834;1610752128;33;284;254;180;;;;random_372
1;0.18211627082196974;0.28528973269395236;0.01837014813031534;0.28894014188978084;0.08422534163433823;0.04609811038728263;0.02060965781496721;0.0743505966273935;2415919136;61744482434;26915008834;1610752128;55;261;269;166;-7.778692132159053;0.078125;0.03125;random_372
2;0.3213706583755633;0.11903814318268968;0.017556143254973008;0.27872367736218245;0.15140872368796396;0.0725830103446137;0.006198745360259357;0.03312089843175478;2415919136;61744482434;26915008834;1610752128;70;256;263;162;-7.831165804812528;0.078125;0.046875;random_372
3;0.22350086628715765;0.0027692807665022075;0.05262966994137647;0.43884178522662964;0.04310337257013177;0.00745609202988119;0.05762348469859703;0.17407544847972403;2415919136;61208149506;26847879232;1610752128;58;241;233;219;-7.806397311675984;0.078125;0.03125;random_372
4;0.22350086628715765;0.0027692807665022075;0.05262966994137647;0.43884178522662964;0.04310337257013177;0.00745609202988119;0.05762348469859703;0.17407544847972403;2415919136;61208149506;26847879232;1610752128;58;241;233;219;-7.855805569360026;0.078125;0.046875;random_372
5;0.22350086628715765;0.0027692807665022075;0.05262966994137647;0.43884178522662964;0.04310337257013177;0.00745609202988119;0.05762348469859703;0.17407544847972403;2415919136;61208149506;26847879232;1610752128;58;241;233;219;-7.855805569360026;0.078125;;random_372
0;0.0698379289468001;0.20824843586362674;0.15014268401380412;0.007671946359135871;0.23082003618634842;0.16703685145006256;0.024589760236721814;0.1416523569435004;12348170466;44090656770;29062463522;1073872896;222;177;243;109;;;;random_373
1;0.23100146817560832;0.28560526106641454;0.048180961704098677;0.07155834578377031;0.1489056167349243;0.024893341860084312;0.01694696935742803;0.1729080353176716;12348170466;61207611458;29062463522;1073872896;237;216;186;112;-7.772003305302356;0.09375;0.03125;random_373
2;0.38589812353111147;0.33822650530596715;0.025394866539336865;0.0870196693724164;0.07977728595257258;0.011696213496250043;0.03381265441055873;0.03817468139178661;12348170466;64271383026;29062463522;1073872896;210;258;165;118;-7.822895614808576;0.078125;0.046875;random_373
3;0.3009794954409362;0.2884026606562115;0.07313247298706087;0.0990417587347784;0.0334714322942545;0.11210036441397392;0.014095818097504613;0.0787759973752799;12348170466;64271383026;29062463522;1073872896;186;251;180;134;-7.797117579464594;0.078125;0.046875;random_373
4;0.23100146817560832;0.28560526106641454;0.048180961704098677;0.07155834578377031;0.1489056167349243;0.024893341860084312;0.01694696935742803;0.1729080353176716;12348170466;64205240658;29062463522;1073872896;192;272;177;110;-7.788162382169033;0.09375;0.046875;random_373
5;0.30780129533058376;0.10485881119307373;0.0441901510234681;0.05581759420750643;0.15861521497575098;0.029034267301752827;0.003909561729418514;0.2957731042384457;12348170466;64205240658;29062463522;1073872896;177;255;203;116;-7.8046111027425695;0.078125;0.046875;random_373
6;0.28285602862283515;0.2537776207989907;0.0451233842292053;0.02450298610495382;0.05022252087045374;0.006392669873997028;0.004814088301972496;0.3323107011975916;12348170466;64205240658;29062463522;1073872896;177;282;184;108;-7.834945882753466;0.09375;0.046875;random_373
7;0.204010366811844;0.2987667435432591;0.03065162719019198;0.08078032796635412;0.016787901371500866;0.042166449379253054;0.01703437799657975;0.3098022057410172;12348170466;64205240658;29062463522;1073872896;182;291;167;111;-7.814151721579228;0.078125;0.046875;random_373
8;0.204010366811844;0.2987667435432591;0.03065162719019198;0.08078032796635412;0.016787901371500866;0.042166449379253054;0.01703437799657975;0.3098022057410172;12348170466;64205240658;29062463522;1073872896;182;291;167;111;-7.815797560224396;0.078125;;random_373
0;0.06017511698830558;0.18425426836431638;0.0596795807466345;0.1972416765504012;0.11439058942251944;0.06778271953936464;0.17040159956604614;0.14607444882241213;34359740416;29610352866;2415919104;1610752128;95;441;29;186;;;;random_374
1;0.40072647367377445;0.00310362567010429;0.0033302005369709063;0.3927380356007213;0.046225443549343416;0.03708592971439797;0.06602574663090753;0.05076454462378014;35433613312;29610352866;2415919136;18794832000;103;395;47;206;-7.800595934899692;0.078125;0.0625;random_374
2;0.22350086628715765;0.0027692807665022075;0.05262966994137647;0.43884178522662964;0.04310337257013177;0.00745609202988119;0.05762348469859703;0.17407544847972403;1073872896;29610352866;2415919136;18794807424;104;402;40;205;-7.880320226196677;0.078125;0.046875;random_374
3;0.22350086628715765;0.0027692807665022075;0.05262966994137647;0.43884178522662964;0.04310337257013177;0.00745609202988119;0.05762348469859703;0.17407544847972403;1073872896;29610352866;2415919136;18794807424;104;402;40;205;-7.8806399958518725;0.09375;0.046875;random_374
4;0.22350086628715765;0.0027692807665022075;0.05262966994137647;0.43884178522662964;0.04310337257013177;0.00745609202988119;0.05762348469859703;0.17407544847972403;1073872896;29610352866;2415919136;18794807424;104;402;40;205;-7.8806399958518725;0.078125;;random_374
0;0.09111631591200187;0.13858381077965704;0.17137235982225837;0.18743439274814053;0.1796986913326453;0.036554839212150435;0.18233488528286954;0.012904704910277006;1610752128;63355365730;21206532512;10276184194;123;322;146;160;;;;random_375
1;0.2053915564828493;0.11863678979949728;0.05127573581718119;0.2502002985675514;0.2864209047479846;0.010185690057680255;0.020426441167318572;0.05746258335993754;1073881088;63355365730;20405682208;12348162210;79;296;193;183;-7.766570150069776;0.09375;0.046875;random_375
2;0.22350086628715765;0.0027692807665022075;0.05262966994137647;0.43884178522662964;0.04310337257013177;0.00745609202988119;0.05762348469859703;0.17407544847972403;1073881088;29058605408;20405682208;12348162210;91;194;217;249;-7.817523451071596;0.078125;0.046875;random_375
3;0.22350086628715765;0.0027692807665022075;0.05262966994137647;0.43884178522662964;0.04310337257013177;0.00745609202988119;0.05762348469859703;0.17407544847972403;1073881088;29058605408;20405682208;12348162210;91;194;216;250;-7.874423110070733;0.078125;0.046875;random_375
4;0.22350086628715765;0.0027692807665022075;0.05262966994137647;0.43884178522662964;0.04310337257013177;0.00745609202988119;0.05762348469859703;0.17407544847972403;1073881088;29058605408;20405682208;12348162210;91;194;216;250;-7.874192036506305;0.078125;;random_375
0;0.07514211007676017;0.23384057948130996;0.04305444886011291;0.22649076803392001;0.11560729923607897;0.1612175427790025;0.11830478259511779;0.026342468937697802;1610752128;63355365730;3489792000;10276184194;151;340;94;166;;;;random_376
1;0.2366789100818342;0.1819432033667347;0.02595492144120827;0.25233527557337193;0.12282527776671816;0.1402530047885955;0.006348029328823759;0.033661377652713445;1073881088;63355365730;2415919104;10200686722;154;332;68;197;-7.803599787115419;0.078125;0.03125;random_376
2;0.2366789100818342;0.1819432033667347;0.02595492144120827;0.25233527557337193;0.12282527776671816;0.1402530047885955;0.006348029328823759;0.033661377652713445;1073881088;63355365730;2415919104;10200686722;154;332;69;196;-7.820674800783537;0.078125;0.03125;random_376
3;0.2366789100818342;0.1819432033667347;0.02595492144120827;0.25233527557337193;0.12282527776671816;0.1402530047885955;0.006348029328823759;0.033661377652713445;1073881088;63355365730;2415919104;10200686722;154;332;69;196;-7.820649329478469;0.078125;;random_376
0;0.09909753040478116;0.19069127535317185;0.12106871540772669;0.059374733534842516;0.18921703655851577;0.07702801036414537;0.1380351006080445;0.12548759776877214;2684354720;46802282550;29327761760;18257936384;101;269;192;189;;;;random_377
1;0.23840694713252733;0.3491016298714478;0.0009839884274234878;0.17168651514270453;0.050325815384499394;0.08208904176366458;0.018939226437681856;0.08846683584005105;2684354720;63352015138;29327761760;18257944576;96;277;204;174;-7.7386720496986605;0.09375;0.046875;random_377
2;0.2500791569798219;0.2354027773027801;0.014862273932091507;0.2486842722487812;0.05416282486031248;0.14072914265149306;0.02574566700541392;0.030333885019305878;2684354720;61744482434;29532451296;1073881088;94;251;254;152;-7.8204799412844945;0.09375;0.046875;random_377
3;0.2366789100818342;0.1819432033667347;0.02595492144120827;0.25233527557337193;0.12282527776671816;0.1402530047885955;0.006348029328823759;0.033661377652713445;2684354720;61744482434;29532451296;1073881088;100;255;244;152;-7.840935534971563;0.09375;0.046875;random_377
4;0.2366789100818342;0.1819432033667347;0.02595492144120827;0.25233527557337193;0.12282527776671816;0.1402530047885955;0.006348029328823759;0.033661377652713445;2684354720;61744482434;29532451296;1073881088;100;255;244;152;-7.836918365132728;0.078125;;random_377
0;0.19060031885734868;0.18293795852704867;0.02960363017228114;0.017138806928906836;0.16194388610063465;0.18100587831185633;0.0986041100165228;0.13816541108540087;536871040;29058605408;26847879232;29805125826;73;195;284;199;;;;random_378
1;0.1630698429893746;0.00407268318921882;0.09797735637200568;0.2025790815233156;0.07132255533094715;0.3329994162083449;0.0012882034078602433;0.12669086097893295;18794807424;3296862240;1073872896;63624054786;203;188;105;255;-7.815557207063133;0.078125;0.046875;random_378
2;0.1630698429893746;0.00407268318921882;0.09797735637200568;0.2025790815233156;0.07132255533094715;0.3329994162083449;0.0012882034078602433;0.12669086097893295;18794807424;3296862240;1073872896;63624054786;203;188;105;255;-7.855957630757206;0.078125;0.0625;random_378
3;0.1630698429893746;0.00407268318921882;0.09797735637200568;0.2025790815233156;0.07132255533094715;0.3329994162083449;0.0012882034078602433;0.12669086097893295;18794807424;3296862240;1073872896;63624054786;203;188;105;255;-7.855957630757206;0.078125;;random_378
0;0.03065009260730354;0.09653519376849264;0.06560405540658325;0.2640218029526288;0.08675691709394577;0.02628371281180721;0.13272545445710449;0.29742277090213426;34359740416;1610743936;17184063488;29330776354;74;263;53;361;;;;random_379
1;0.22350086628715765;0.0027692807665022075;0.05262966994137647;0.43884178522662964;0.04310337257013177;0.00745609202988119;0.05762348469859703;0.17407544847972403;34359740416;1610752128;18257936384;63355365730;49;142;165;395;-7.720202606763057;0.078125;0.03125;random_379
2;0.22350086628715765;0.0027692807665022075;0.05262966994137647;0.43884178522662964;0.04310337257013177;0.00745609202988119;0.05762348469859703;0.17407544847972403;34359740416;1610752128;18257936384;63355365730;49;142;165;395;-7.838008093994243;0.078125;0.046875;random_379
3;0.22350086628715765;0.0027692807665022075;0.05262966994137647;0.43884178522662964;0.04310337257013177;0.00745609202988119;0.05762348469859703;0.17407544847972403;34359740416;1610752128;18257936384;63355365730;49;142;165;395;-7.838008093994243;0.09375;;random_379
0;0.16421416593437;0.09364508953181022;0.05342373994964396;0.0215437453558263;0.29258552840288743;0.004607958916197561;0.310725643139567;0.05925412876969756;9126805634;2415919136;29534331042;34359740416;61;34;589;67;;;;random_38
1;0.3462756393079222;0.008205280802740194;0.004277236468970023;0.1072427835096712;0.20480471150285293;0.033308968913574766;0.2223050048994628;0.0735803745948058;9126805634;2415919136;29534331042;34359740416;71;46;588;46;-7.760851992546786;0.078125;0.046875;random_38
2;0.3462756393079222;0.008205280802740194;0.004277236468970023;0.1072427835096712;0.20480471150285293;0.033308968913574766;0.2223050048994628;0.0735803745948058;9126805634;2415919136;29534331042;34359740416;71;46;588;46;-7.767048242750528;0.078125;;random_38
0;0.15356381860769322;0.08788817584133372;0.22149201192175483;0.07341685834989911;0.06923897209114306;0.14880266576722362;0.12708293787855318;0.11851455954239921;536871040;44090656770;29611143330;18257944576;67;166;342;176;;;;random_380
1;0.33739811107289414;0.0020721802584726876;0.004969685842875687;0.1816428362138251;0.03225312463576416;0.3312642979257981;0.0020739130652251544;0.10832585098514506;1610752128;44090656770;29610352866;18257936384;110;178;331;132;-7.77658557619868;0.09375;0.046875;random_380
2;0.2380546354771868;0.11173900989189237;0.026105787627590093;0.2538020055267487;0.04185444016434565;0.24887557479368702;0.006384928033296779;0.07318361848525257;1610752128;44090656770;29610352866;1073872896;113;174;376;88;-7.819636165858959;0.09375;0.046875;random_380
3;0.2380546354771868;0.11173900989189237;0.026105787627590093;0.2538020055267487;0.04185444016434565;0.24887557479368702;0.006384928033296779;0.07318361848525257;1610752128;44090656770;29610352866;1073872896;113;172;378;88;-7.829464519816589;0.09375;0.046875;random_380
4;0.2380546354771868;0.11173900989189237;0.026105787627590093;0.2538020055267487;0.04185444016434565;0.24887557479368702;0.006384928033296779;0.07318361848525257;1610752128;44090656770;29610352866;1073872896;113;172;378;88;-7.829656883650524;0.078125;;random_380
0;0.037434421495947154;0.12126368512541515;0.06224081137792149;0.0942386539063015;0.17627291607172568;0.22512294864786886;0.18595498489203988;0.0974715784827803;2684354720;46802282550;29602427378;18257936384;73;221;267;190;;;;random_381
1;0.24485844970748813;0.13105875615349544;0.0020713290893715447;0.21372133408255678;0.09500990622519481;0.06744621744617461;0.23835888495436638;0.007475122341352243;2684354720;46802282550;29632917990;18257936384;51;213;294;193;-7.724887061621195;0.09375;0.046875;random_381
2;0.22350086628715765;0.0027692807665022075;0.05262966994137647;0.43884178522662964;0.04310337257013177;0.00745609202988119;0.05762348469859703;0.17407544847972403;2684354720;46506575906;29058605408;18257936384;106;204;208;233;-7.788148075695277;0.09375;0.046875;random_381
3;0.22350086628715765;0.0027692807665022075;0.05262966994137647;0.43884178522662964;0.04310337257013177;0.00745609202988119;0.05762348469859703;0.17407544847972403;2684354720;46506575906;29058605408;18257936384;106;204;208;233;-7.898021290110449;0.078125;0.046875;random_381
4;0.22350086628715765;0.0027692807665022075;0.05262966994137647;0.43884178522662964;0.04310337257013177;0.00745609202988119;0.05762348469859703;0.17407544847972403;2684354720;46506575906;29058605408;18257936384;106;204;208;233;-7.898021290110449;0.078125;;random_381
0;0.1432240572086896;0.18028747264977318;0.10003896147039473;0.08700391172988793;0.032662750649986805;0.17781512053517345;0.2025090916769683;0.07645863407912594;536871040;2147483680;9730916418;18796912912;45;142;235;329;;;;random_382
1;0.1630698429893746;0.00407268318921882;0.09797735637200568;0.2025790815233156;0.07132255533094715;0.3329994162083449;0.0012882034078602433;0.12669086097893295;1073872896;3296862240;9730924610;18794807424;85;234;227;205;-7.743544062166305;0.078125;0.0625;random_382
2;0.1630698429893746;0.00407268318921882;0.09797735637200568;0.2025790815233156;0.07132255533094715;0.3329994162083449;0.0012882034078602433;0.12669086097893295;1073872896;3296862240;9730924610;18794807424;85;234;227;205;-7.8548924813921674;0.078125;0.046875;random_382
3;0.1630698429893746;0.00407268318921882;0.09797735637200568;0.2025790815233156;0.07132255533094715;0.3329994162083449;0.0012882034078602433;0.12669086097893295;1073872896;3296862240;9730924610;18794807424;85;234;227;205;-7.8548924813921674;0.078125;;random_382
0;0.17869686249704528;0.13917304175041906;0.17882806842952156;0.09381489631606985;0.1705018846259697;0.09316984575114762;0.020243288211709932;0.12557211241811692;2684354720;46506575906;27380421058;18257944576;97;228;228;198;;;;random_383
1;0.37025333210684236;0.022956605155466023;0.07191222226505606;0.4037747516473602;0.08737804219003784;0.0029004357188159953;0.03653897053246483;0.004285640383956738;3760324640;46802282550;29532451296;18257944576;146;205;197;203;-7.770722473540993;0.078125;0.046875;random_383
2;0.22350086628715765;0.0027692807665022075;0.05262966994137647;0.43884178522662964;0.04310337257013177;0.00745609202988119;0.05762348469859703;0.17407544847972403;4026540160;46506575906;29532451296;18257936384;148;203;205;195;-7.894246509257456;0.078125;0.03125;random_383
3;0.22350086628715765;0.0027692807665022075;0.05262966994137647;0.43884178522662964;0.04310337257013177;0.00745609202988119;0.05762348469859703;0.17407544847972403;4026540160;46506575906;29532451296;18257936384;149;203;205;194;-7.898817766482946;0.078125;0.046875;random_383
4;0.22350086628715765;0.0027692807665022075;0.05262966994137647;0.43884178522662964;0.04310337257013177;0.00745609202988119;0.05762348469859703;0.17407544847972403;4026540160;46506575906;29532451296;18257936384;149;203;205;194;-7.898894252448998;0.078125;;random_383
0;0.12313817708757868;0.06853884978753777;0.24179234867345123;0.10376596371176582;0.010604475918996194;0.10357147966978193;0.115056259629803;0.23353244552108554;34359740416;63971487074;18257936384;1610752128;49;355;173;174;;;;random_384
1;0.3451814492359416;0.10758085226197704;0.04049700245071304;0.1870806626203993;0.0072962676582273315;0.005737246263242352;0.05633147253511224;0.2502950469743872;34359740416;64163117378;18257936384;1610752128;55;365;171;160;-7.725870783054476;0.078125;0.046875;random_384
2;0.24265488072094357;0.04774158604080464;0.12974322700013724;0.165487103809149;0.047542452493914734;0.0021567508552906506;0.0256253964842772;0.33904860259548303;34359740416;63971487074;1073872896;1610752128;63;385;132;171;-7.784944619127447;0.078125;0.046875;random_384
3;0.28285602862283515;0.2537776207989907;0.0451233842292053;0.02450298610495382;0.05022252087045374;0.006392669873997028;0.004814088301972496;0.3323107011975916;35500730368;29609828386;1073872896;1610752128;166;285;133;167;-7.821573631080125;0.078125;0.0625;random_384
4;0.204010366811844;0.2987667435432591;0.03065162719019198;0.08078032796635412;0.016787901371500866;0.042166449379253054;0.01703437799657975;0.3098022057410172;35500730368;29609828386;1073872896;1610752128;168;285;126;172;-7.8238903682030445;0.078125;0.046875;random_384
5;0.204010366811844;0.2987667435432591;0.03065162719019198;0.08078032796635412;0.016787901371500866;0.042166449379253054;0.01703437799657975;0.3098022057410172;35500730368;29609828386;1073872896;1610752128;168;285;126;172;-7.82580106574471;0.09375;;random_384
0;0.24657964965306123;0.06169760600001721;0.2588737231806609;0.07649536234275829;0.10550021772690599;0.02370153336125892;0.01707961348577595;0.21007229424956148;1610752128;1073872896;29610352866;11811291170;145;75;369;162;;;;random_385
1;0.2337700385736786;0.0030813621737787885;0.24985205292281729;0.04691282902530974;0.1648275416836902;0.10245125319663659;0.0009746452323179247;0.1981302771917709;1610752128;1073872896;29610352866;11811291170;144;87;359;161;-7.809219268576108;0.078125;0.03125;random_385
2;0.2337700385736786;0.0030813621737787885;0.24985205292281729;0.04691282902530974;0.1648275416836902;0.10245125319663659;0.0009746452323179247;0.1981302771917709;1610752128;1073872896;29610352866;11811291170;144;87;359;161;-7.805964650750526;0.078125;;random_385
0;0.15990963599444924;0.08538355654469308;0.14618511023411898;0.13746650672891597;0.11511296799299071;0.16941543587363378;0.1389276190314129;0.04759916759978526;9126805634;2147483680;29610352866;1073872896;104;58;431;158;;;;random_386
1;0.40072647367377445;0.00310362567010429;0.0033302005369709063;0.3927380356007213;0.046225443549343416;0.03708592971439797;0.06602574663090753;0.05076454462378014;61744482434;2147483680;29530141040;1073872896;262;61;278;150;-7.812544686366684;0.09375;0.046875;random_386
2;0.22350086628715765;0.0027692807665022075;0.05262966994137647;0.43884178522662964;0.04310337257013177;0.00745609202988119;0.05762348469859703;0.17407544847972403;61744482434;2415919136;29530141040;1073872896;286;50;269;146;-7.839532910147422;0.09375;0.03125;random_386
3;0.22350086628715765;0.0027692807665022075;0.05262966994137647;0.43884178522662964;0.04310337257013177;0.00745609202988119;0.05762348469859703;0.17407544847972403;61744482434;2415919136;29530141040;1073872896;286;50;269;146;-7.837794642550649;0.09375;0.03125;random_386
4;0.22350086628715765;0.0027692807665022075;0.05262966994137647;0.43884178522662964;0.04310337257013177;0.00745609202988119;0.05762348469859703;0.17407544847972403;61744482434;2415919136;29530141040;1073872896;286;50;269;146;-7.837794642550649;0.078125;;random_386
0;0.1871504991090905;0.16429611180864495;0.09476438651188412;0.01821600174161164;0.05084508061667491;0.18910110944678832;0.05893955136888082;0.2366872593964248;2415919104;29609828386;46707902626;1073881088;62;297;253;139;;;;random_387
1;0.16953397632495268;0.052304576046468536;0.0031229199266206114;0.04538552789068144;0.35044137913849477;0.14015880505796952;0.0257357142570354;0.2133171013577771;2415919104;29609828386;46707902626;1073872896;63;303;241;144;-7.778358748373108;0.078125;0.046875;random_387
2;0.16953397632495268;0.052304576046468536;0.0031229199266206114;0.04538552789068144;0.35044137913849477;0.14015880505796952;0.0257357142570354;0.2133171013577771;2415919104;29609828386;46707902626;1073872896;63;303;241;144;-7.787483874269726;0.09375;0.046875;random_387
3;0.16953397632495268;0.052304576046468536;0.0031229199266206114;0.04538552789068144;0.35044137913849477;0.14015880505796952;0.0257357142570354;0.2133171013577771;2415919104;29609828386;46707902626;1073872896;63;303;241;144;-7.787483874269726;0.09375;;random_387
0;0.15542176017222478;0.10687611743352059;0.1277518582104577;0.13680768944492055;0.21699954330878868;0.03622266680581039;0.061004263147435484;0.15891610147684185;2415919136;68189404707;26915008834;1610752128;52;209;283;207;;;;random_388
1;0.23739661740750437;0.0076935347744493095;0.006306264324612206;0.10914825366165619;0.26782082101293536;0.08743234298007638;0.05841753655647972;0.2257846292822864;2415919136;68189404707;26915008834;1610752128;70;192;260;229;-7.7579248665141005;0.078125;0.03125;random_388
2;0.299162776378207;0.0023435370518073407;0.05061484071292489;0.1970743608872093;0.1932657499957611;0.009595591530040902;0.031612117135623855;0.21633102630842568;2415919136;68189404707;26915008834;1610752128;53;202;276;220;-7.770634594562249;0.078125;0.046875;random_388
3;0.22350086628715765;0.0027692807665022075;0.05262966994137647;0.43884178522662964;0.04310337257013177;0.00745609202988119;0.05762348469859703;0.17407544847972403;2415919136;63624054786;26847879232;1610752128;55;260;215;221;-7.762894621664532;0.09375;0.046875;random_388
4;0.22350086628715765;0.0027692807665022075;0.05262966994137647;0.43884178522662964;0.04310337257013177;0.00745609202988119;0.05762348469859703;0.17407544847972403;2415919136;63624054786;26847879232;1610752128;55;260;215;221;-7.853997917883671;0.078125;0.03125;random_388
5;0.22350086628715765;0.0027692807665022075;0.05262966994137647;0.43884178522662964;0.04310337257013177;0.00745609202988119;0.05762348469859703;0.17407544847972403;2415919136;63624054786;26847879232;1610752128;55;260;215;221;-7.853997917883671;0.078125;;random_388
0;0.07094669213858819;0.2577177157825721;0.10250004254059164;0.05348980702749991;0.014085566030108751;0.17616882044495405;0.24410711981490057;0.08098423622078486;536871040;61744482434;26847879232;12348170466;40;218;243;250;;;;random_389
1;0.2940985242496007;0.16691998144413625;0.021869178412160992;0.06509988062962803;0.0625237540796771;0.27062616109209964;0.009538048259700704;0.1093244718329965;1610752128;61744482434;26847748162;29565784290;140;182;160;269;-7.7568835230250235;0.078125;0.03125;random_389
2;0.2380546354771868;0.11173900989189237;0.026105787627590093;0.2538020055267487;0.04185444016434565;0.24887557479368702;0.006384928033296779;0.07318361848525257;1073881088;61744482434;26847748162;29610352866;146;175;141;289;-7.8167378767676;0.09375;0.046875;random_389
3;0.2380546354771868;0.11173900989189237;0.026105787627590093;0.2538020055267487;0.04185444016434565;0.24887557479368702;0.006384928033296779;0.07318361848525257;1073881088;61744482434;26915008834;29610352866;149;178;133;291;-7.825930687186689;0.09375;0.046875;random_389
4;0.2380546354771868;0.11173900989189237;0.026105787627590093;0.2538020055267487;0.04185444016434565;0.24887557479368702;0.006384928033296779;0.07318361848525257;1073881088;61744482434;26915008834;29610352866;149;179;133;290;-7.827280996609977;0.09375;0.03125;random_389
5;0.2380546354771868;0.11173900989189237;0.026105787627590093;0.2538020055267487;0.04185444016434565;0.24887557479368702;0.006384928033296779;0.07318361848525257;1073881088;61744482434;26915008834;29610352866;149;179;133;290;-7.827173890388603;0.078125;;random_389
0;0.021774679143913036;0.02453503803472615;0.1840196445878666;0.06718627195350521;0.11515181263419969;0.15261831935385237;0.23563550007127873;0.19907873422065833;34359740416;29609828386;2415919104;1610752128;27;436;55;233;;;;random_39
1;0.29513442005183466;0.02707243946231567;0.07605640429220996;0.1054815297343189;0.027612328356812533;0.3223962065984231;0.008452055351736893;0.13779461615234825;1073872896;29610352866;2415919104;1610752128;141;370;97;143;-7.742984304669993;0.078125;0.03125;random_39
2;0.1630698429893746;0.00407268318921882;0.09797735637200568;0.2025790815233156;0.07132255533094715;0.3329994162083449;0.0012882034078602433;0.12669086097893295;1073872896;29610352866;3489800192;1610752128;127;397;101;126;-7.8257872362427925;0.078125;0.046875;random_39
3;0.1630698429893746;0.00407268318921882;0.09797735637200568;0.2025790815233156;0.07132255533094715;0.3329994162083449;0.0012882034078602433;0.12669086097893295;1073872896;29610352866;3489800192;1610752128;127;399;100;125;-7.837158738835387;0.078125;0.046875;random_39
4;0.1630698429893746;0.00407268318921882;0.09797735637200568;0.2025790815233156;0.07132255533094715;0.3329994162083449;0.0012882034078602433;0.12669086097893295;1073872896;29610352866;3489800192;1610752128;127;399;100;125;-7.836398386633666;0.09375;;random_39
0;0.23697739304121784;0.19570372135450817;0.01583242590402443;0.1478967137149277;0.14655573602769956;0.052267681081512654;0.08640440645889924;0.11836192241721052;536871040;2415919136;18796904576;9663819778;54;63;311;323;;;;random_390
1;0.22350086628715765;0.0027692807665022075;0.05262966994137647;0.43884178522662964;0.04310337257013177;0.00745609202988119;0.05762348469859703;0.17407544847972403;536871040;2415919136;18796904576;9663819778;54;55;292;350;-7.779524915041307;0.078125;0.046875;random_390
2;0.22350086628715765;0.0027692807665022075;0.05262966994137647;0.43884178522662964;0.04310337257013177;0.00745609202988119;0.05762348469859703;0.17407544847972403;536871040;2415919136;18796904576;9663819778;54;55;292;350;-7.804357937890125;0.078125;;random_390
0;0.01486401733404401;0.046305741120473635;0.05070454566899879;0.11724671964839087;0.23105735523326848;0.2570106481667878;0.0503473531147846;0.2324636197132519;34359740416;1610752128;18257936384;29062463522;49;191;148;363;;;;random_391
1;0.2235164133347643;0.044984565607968305;0.048652968654094186;0.19092340394814344;0.018184106688373433;0.2577698068560201;0.009798790277745441;0.20616994463289068;34359740416;1610752128;1073872896;29062463522;55;196;94;406;-7.755893453139016;0.078125;0.046875;random_391
2;0.32429386405129795;0.004157040430867142;0.0014156520110912357;0.10095164322477827;0.02919755662595877;0.35921252053944347;0.04187065942688594;0.13890106368967722;34359740416;18794832000;1073872896;29062463522;39;260;105;347;-7.809207588369231;0.078125;0.046875;random_391
3;0.35536557504575755;0.038265523519394884;0.00450023963246392;0.001360380912786598;0.016291722576489084;0.3531279735521729;0.10437146840750454;0.12671711635343055;34359740416;18794832000;1073872896;29058605408;50;279;99;323;-7.818983645225154;0.078125;0.03125;random_391
4;0.35536557504575755;0.038265523519394884;0.00450023963246392;0.001360380912786598;0.016291722576489084;0.3531279735521729;0.10437146840750454;0.12671711635343055;34359740416;18794832000;1073872896;29058605408;50;279;99;323;-7.827540941011663;0.078125;0.03125;random_391
5;0.35536557504575755;0.038265523519394884;0.00450023963246392;0.001360380912786598;0.016291722576489084;0.3531279735521729;0.10437146840750454;0.12671711635343055;34359740416;18794832000;1073872896;29058605408;50;279;99;323;-7.827540941011663;0.09375;;random_391
0;0.17233932872449825;0.22886266307227604;0.248931497573573;0.031980228572264416;0.02072919739597828;0.205491139442096;0.04166990374415711;0.04999604147515684;1073881088;3296862240;27384742082;34359740416;113;202;327;109;;;;random_392
1;0.17637218798739196;0.18553697835909752;0.14079784393797568;0.004877468822066889;0.06934666965682414;0.3546769255542297;0.011364096469801889;0.0570278292126123;1073881088;11811291170;27384742082;34359740416;115;258;273;105;-7.823271202490261;0.078125;0.046875;random_392
2;0.14480876975819654;0.27717878274482677;0.06999675335462792;0.08090966027334086;0.06549481556128058;0.2780017599870309;0.014266860872314319;0.06934259744838199;1073881088;11811291170;27384742082;35433613312;86;252;263;150;-7.81695161845576;0.078125;0.046875;random_392
3;0.23305217935049427;0.24520217241991435;0.013850355910538516;0.23175226723291628;0.10393040132183767;0.15078164055193224;0.014373299585556198;0.007057683626810569;1073881088;11811291170;27384820166;35433613312;107;208;288;148;-7.8142588764119365;0.078125;0.046875;random_392
4;0.2500791569798219;0.2354027773027801;0.014862273932091507;0.2486842722487812;0.05416282486031248;0.14072914265149306;0.02574566700541392;0.030333885019305878;1073881088;11811291170;27384742082;35433613312;107;212;293;139;-7.813110521588457;0.078125;0.046875;random_392
5;0.2366789100818342;0.1819432033667347;0.02595492144120827;0.25233527557337193;0.12282527776671816;0.1402530047885955;0.006348029328823759;0.033661377652713445;1073881088;11811291170;27384742082;35433613312;107;220;302;122;-7.80969711522064;0.078125;0.046875;random_392
6;0.2366789100818342;0.1819432033667347;0.02595492144120827;0.25233527557337193;0.12282527776671816;0.1402530047885955;0.006348029328823759;0.033661377652713445;1073881088;11811291170;27384742082;35433613312;107;220;302;122;-7.809178150271672;0.078125;;random_392
0;0.1578498957896773;0.16803795329941196;0.05699388356122012;0.15071511658034012;0.1537017599970788;0.10834119316326483;0.10130766814873249;0.10305252946027436;2684354720;44090656770;29610352866;1073872896;76;190;366;119;;;;random_393
1;0.40072647367377445;0.00310362567010429;0.0033302005369709063;0.3927380356007213;0.046225443549343416;0.03708592971439797;0.06602574663090753;0.05076454462378014;2684354720;61271845122;29610352866;1073872896;83;193;303;172;-7.811533534741261;0.078125;0.03125;random_393
2;0.22350086628715765;0.0027692807665022075;0.05262966994137647;0.43884178522662964;0.04310337257013177;0.00745609202988119;0.05762348469859703;0.17407544847972403;2684354720;61208149506;27395236032;1073872896;105;236;260;150;-7.845570889699832;0.078125;0.046875;random_393
3;0.22350086628715765;0.0027692807665022075;0.05262966994137647;0.43884178522662964;0.04310337257013177;0.00745609202988119;0.05762348469859703;0.17407544847972403;2684354720;61208149506;27395236032;1073872896;105;236;260;150;-7.86841256604295;0.078125;0.046875;random_393
4;0.22350086628715765;0.0027692807665022075;0.05262966994137647;0.43884178522662964;0.04310337257013177;0.00745609202988119;0.05762348469859703;0.17407544847972403;2684354720;61208149506;27395236032;1073872896;105;236;260;150;-7.86841256604295;0.078125;;random_393
0;0.07445840385554375;0.15294226878412467;0.06019664475630513;0.043898743581594415;0.10205355176666472;0.1744214061549011;0.15357508868423375;0.2384538924166323;536871040;29534331042;2415919104;35433613312;88;402;62;199;;;;random_394
1;0.21808751849576977;0.03937017532771293;0.0021387843666416384;0.009903670486811315;0.12043248865181372;0.23795389968999098;0.11322645403739497;0.25888700894386457;1610752128;29611143330;2415919104;1073872896;159;354;81;157;-7.762949531386245;0.078125;0.046875;random_394
2;0.35536557504575755;0.038265523519394884;0.00450023963246392;0.001360380912786598;0.016291722576489084;0.3531279735521729;0.10437146840750454;0.12671711635343055;18790621568;29611143330;2415919104;1073872896;275;261;103;112;-7.831706027507901;0.078125;0.046875;random_394
3;0.173774107802524;0.005944439597428946;0.1460460754256834;0.05636071752935284;0.15193135180814402;0.2964315205646726;0.0005845289065144723;0.16892725836567982;18790621568;29610352866;3489800192;1073872896;195;324;107;125;-7.84108623312798;0.078125;0.03125;random_394
4;0.173774107802524;0.005944439597428946;0.1460460754256834;0.05636071752935284;0.15193135180814402;0.2964315205646726;0.0005845289065144723;0.16892725836567982;18790621568;29610352866;3489800192;1073872896;195;324;107;125;-7.8306142550672515;0.09375;0.046875;random_394
5;0.173774107802524;0.005944439597428946;0.1460460754256834;0.05636071752935284;0.15193135180814402;0.2964315205646726;0.0005845289065144723;0.16892725836567982;18790621568;29610352866;3489800192;1073872896;195;324;107;125;-7.8306142550672515;0.078125;;random_394
0;0.18141883188643654;0.03965781639919734;0.045243642172838584;0.026117994349006315;0.053650249805619186;0.167806577400571;0.2352534030698171;0.25085148491651393;536870928;42949675010;20405682208;18794832000;47;86;309;309;;;;random_395
1;0.28285602862283515;0.2537776207989907;0.0451233842292053;0.02450298610495382;0.05022252087045374;0.006392669873997028;0.004814088301972496;0.3323107011975916;29800661042;44090656770;20673732608;27384742082;137;196;195;223;-7.722115966621823;0.09375;0.046875;random_395
2;0.204010366811844;0.2987667435432591;0.03065162719019198;0.08078032796635412;0.016787901371500866;0.042166449379253054;0.01703437799657975;0.3098022057410172;29800661042;44090656770;3489792032;27384742082;145;215;149;242;-7.79261154383965;0.09375;0.046875;random_395
3;0.11087684162754623;0.27886963336158577;0.08188371305838223;0.086645741524473;0.12310991386830243;0.012388078847863998;0.0028737857519388807;0.30335229195990754;29800661042;44090656770;3489792032;27384742082;130;198;139;284;-7.768807040833682;0.078125;0.03125;random_395
4;0.11087684162754623;0.27886963336158577;0.08188371305838223;0.086645741524473;0.12310991386830243;0.012388078847863998;0.0028737857519388807;0.30335229195990754;29800661042;44090656770;3489792032;27384742082;130;198;139;284;-7.764338631861154;0.09375;;random_395
0;0.11432238695804506;0.15962884890332443;0.23124870040318762;0.08918183246819834;0.17022707930534436;0.04974836225149878;0.13618313145907227;0.04945965825132917;9126805634;2147483680;29534331042;34359740416;97;43;514;97;;;;random_396
1;0.41524500447691204;0.07956702759505042;0.10983323217211001;0.0985595076022085;0.10372295460344556;0.14424666486244697;0.013352533372602936;0.0354730753152238;10200686722;2147483680;29610352866;35433613312;163;49;392;147;-7.7677780572257635;0.078125;0.0625;random_396
2;0.22103738533750877;0.09897927894087459;0.1405391727087729;0.2020718870880258;0.05455944957114942;0.2717547839492319;0.003921606738696804;0.007136435665739789;10200686722;2147483680;29610352866;1073881088;182;66;355;148;-7.791305420417718;0.078125;0.03125;random_396
3;0.34884434049438995;0.00273272513097807;0.06775407423558436;0.38042746609519695;0.011189118644623321;0.09961849730817919;0.034426194101241654;0.05500758398980671;10200686722;2147483680;29610352866;1073881088;170;72;349;160;-7.8293281531686825;0.078125;0.046875;random_396
4;0.26400356727738417;0.13972626508717423;0.03191848428753177;0.3958529056178151;0.08658313179424464;0.012663840306161888;0.06594451750872049;0.003307288120967658;29609828386;2147483680;29530141040;1073881088;298;44;202;207;-7.8350453788993635;0.078125;0.0625;random_396
5;0.37340059868882525;0.034454710893647704;0.021988553198505963;0.4433429767374552;0.03507017768372346;0.0141831083682436;0.0738558143111319;0.0037040601184669896;29609828386;2147483680;29530141040;1073881088;290;45;208;208;-7.887292495910768;0.078125;0.046875;random_396
6;0.37340059868882525;0.034454710893647704;0.021988553198505963;0.4433429767374552;0.03507017768372346;0.0141831083682436;0.0738558143111319;0.0037040601184669896;29609828386;2147483680;29530141040;1073881088;290;45;208;208;-7.88743261910095;0.09375;;random_396
0;0.15826720419923723;0.13581306020755005;0.14828654620887832;0.08341144334366123;0.046561355276971;0.09434751489058094;0.08199718655448696;0.25131568931863424;536871040;29610352866;2415919104;1073872896;94;468;48;141;;;;random_397
1;0.2686737758061065;0.023692319379061376;0.13070853923835474;0.014896134434708923;0.06033971326870415;0.14025205327466161;0.044268953594889374;0.3171685110035132;1610752128;29609828386;2415919104;1073872896;175;372;66;138;-7.792556079414961;0.078125;0.046875;random_397
2;0.28285602862283515;0.2537776207989907;0.0451233842292053;0.02450298610495382;0.05022252087045374;0.006392669873997028;0.004814088301972496;0.3323107011975916;1610752128;29609828386;2415919136;1073872896;185;353;68;145;-7.805912881209344;0.078125;0.03125;random_397
3;0.2141875990279326;0.14140163163174538;0.04634367787947426;0.10831711571244376;0.05335031274434084;0.00656554995798805;0.03182409513900542;0.3980100179070696;1610752128;64163117378;2415919136;1073872896;183;372;49;147;-7.8095263149466545;0.09375;0.03125;random_397
4;0.28285602862283515;0.2537776207989907;0.0451233842292053;0.02450298610495382;0.05022252087045374;0.006392669873997028;0.004814088301972496;0.3323107011975916;1610752128;64163117378;2415919136;1073872896;188;358;65;140;-7.83845647426124;0.078125;0.046875;random_397
5;0.3076469953297204;0.09220441931162156;0.012594904878318753;0.09049487347217217;0.17444898553748314;0.048363992212911135;0.0031122340942089;0.27113359516356395;1610752128;64163117378;2147483680;1073872896;178;375;65;133;-7.830757497264006;0.078125;0.046875;random_397
6;0.28285602862283515;0.2537776207989907;0.0451233842292053;0.02450298610495382;0.05022252087045374;0.006392669873997028;0.004814088301972496;0.3323107011975916;1610752128;64163117378;2147483680;1073872896;188;356;67;140;-7.838093287538329;0.078125;0.046875;random_397
7;0.2513448966457677;0.08915769942608719;0.016629634072666266;0.1181371434798492;0.2008391403663697;0.12327716479800704;0.007096098510675712;0.19351822270057709;1610752128;64163117378;2147483680;1073872896;163;382;84;122;-7.8068428908245515;0.09375;0.03125;random_397
8;0.2513448966457677;0.08915769942608719;0.016629634072666266;0.1181371434798492;0.2008391403663697;0.12327716479800704;0.007096098510675712;0.19351822270057709;1610752128;64163117378;2147483680;1073872896;163;382;84;122;-7.807805306963473;0.078125;;random_397
0;0.27059698614557887;0.2205925178238771;0.03447072492342461;0.2137155905576759;0.02990522434971276;0.006858765988705489;0.13307498360594322;0.09078520660508198;536871040;2415919136;18796912912;9663819778;42;47;317;345;;;;random_398
1;0.22350086628715765;0.0027692807665022075;0.05262966994137647;0.43884178522662964;0.04310337257013177;0.00745609202988119;0.05762348469859703;0.17407544847972403;35970493568;2415919136;18257936384;29610352866;145;38;161;407;-7.795277402397683;0.09375;0.046875;random_398
2;0.22350086628715765;0.0027692807665022075;0.05262966994137647;0.43884178522662964;0.04310337257013177;0.00745609202988119;0.05762348469859703;0.17407544847972403;35970493568;2415919136;18257936384;29610352866;147;38;159;407;-7.86936488765749;0.078125;0.03125;random_398
3;0.22350086628715765;0.0027692807665022075;0.05262966994137647;0.43884178522662964;0.04310337257013177;0.00745609202988119;0.05762348469859703;0.17407544847972403;35970493568;2415919136;18257936384;29610352866;147;38;159;407;-7.86885792675085;0.078125;;random_398
0;0.10296775912036209;0.16080149474399752;0.12464784192754715;0.13287435713767085;0.164654358866577;0.10979768309326128;0.10003849719569664;0.10421800791488756;2415919104;46707902626;26915008834;1610752128;60;299;249;143;;;;random_399
1;0.2380546354771868;0.11173900989189237;0.026105787627590093;0.2538020055267487;0.04185444016434565;0.24887557479368702;0.006384928033296779;0.07318361848525257;2415919104;46707902626;26847748162;1610752128;73;301;228;149;-7.783189001711578;0.078125;0.03125;random_399
2;0.2380546354771868;0.11173900989189237;0.026105787627590093;0.2538020055267487;0.04185444016434565;0.24887557479368702;0.006384928033296779;0.07318361848525257;2415919104;46707902626;26847748162;1610752128;73;301;228;149;-7.822032161886425;0.078125;0.046875;random_399
3;0.2380546354771868;0.11173900989189237;0.026105787627590093;0.2538020055267487;0.04185444016434565;0.24887557479368702;0.006384928033296779;0.07318361848525257;2415919104;46707902626;26847748162;1610752128;73;301;228;149;-7.822032161886425;0.078125;;random_399
0;0.10101637807461894;0.12588204947772444;0.004161079036383153;0.13677793586545703;0.13555112991791451;0.136622585743949;0.2089969160894318;0.15099192579452111;2684354720;46802282550;29610352866;1073872896;71;222;306;152;;;;random_4
1;0.22350086628715765;0.0027692807665022075;0.05262966994137647;0.43884178522662964;0.04310337257013177;0.00745609202988119;0.05762348469859703;0.17407544847972403;2684354720;46506575906;27395236032;1073872896;107;212;278;154;-7.769169436405488;0.09375;0.03125;random_4
2;0.22350086628715765;0.0027692807665022075;0.05262966994137647;0.43884178522662964;0.04310337257013177;0.00745609202988119;0.05762348469859703;0.17407544847972403;2684354720;46506575906;27395236032;1073872896;107;212;278;154;-7.8745988348027565;0.078125;0.03125;random_4
3;0.22350086628715765;0.0027692807665022075;0.05262966994137647;0.43884178522662964;0.04310337257013177;0.00745609202988119;0.05762348469859703;0.17407544847972403;2684354720;46506575906;27395236032;1073872896;107;212;278;154;-7.8745988348027565;0.078125;;random_4
0;0.0946543129482687;0.04603821429543798;0.01938911282509777;0.10560364276015272;0.09177969734809416;0.15971592692292252;0.2392484242776529;0.24357066862237323;34359740416;29609828386;19599982592;1610752128;41;372;84;254;;;;random_40
1;0.2202661165154616;0.03063273414087388;0.0011318744300935696;0.10738063715537516;0.18742419100673524;0.199213055326444;0.05172204374353616;0.2022293476814803;1073872896;29609828386;19599982592;1610752128;145;353;106;147;-7.735317304189492;0.078125;0.046875;random_40
2;0.1630698429893746;0.00407268318921882;0.09797735637200568;0.2025790815233156;0.07132255533094715;0.3329994162083449;0.0012882034078602433;0.12669086097893295;1073872896;29534331042;3489800192;1610752128;130;386;105;130;-7.801427288501123;0.078125;0.03125;random_40
3;0.1630698429893746;0.00407268318921882;0.09797735637200568;0.2025790815233156;0.07132255533094715;0.3329994162083449;0.0012882034078602433;0.12669086097893295;1073872896;29534331042;3489800192;1610752128;130;388;105;128;-7.841710010441151;0.09375;0.046875;random_40
4;0.1630698429893746;0.00407268318921882;0.09797735637200568;0.2025790815233156;0.07132255533094715;0.3329994162083449;0.0012882034078602433;0.12669086097893295;1073872896;29534331042;3489800192;1610752128;130;388;105;128;-7.841169499971866;0.09375;;random_40
0;0.2203253964627829;0.09876132438581413;0.20239282200081055;0.16598278504820388;0.07750570600987303;0.003483352121205913;0.05341929341562056;0.1781293205556891;2415919136;46506575906;26847748162;1610752128;36;186;327;202;;;;random_400
1;0.3139298457899254;0.13312793851288673;0.07620002389859831;0.3771594499170035;0.06134704904155639;0.012065812770161064;0.023018772800681403;0.003151107269187277;2147483680;64161454086;27395236032;1610752128;57;285;215;194;-7.790122639392639;0.09375;0.0625;random_400
2;0.22350086628715765;0.0027692807665022075;0.05262966994137647;0.43884178522662964;0.04310337257013177;0.00745609202988119;0.05762348469859703;0.17407544847972403;2415919136;61208149506;64229881568;1610752128;59;253;226;213;-7.846399698826197;0.09375;0.046875;random_400
3;0.22350086628715765;0.0027692807665022075;0.05262966994137647;0.43884178522662964;0.04310337257013177;0.00745609202988119;0.05762348469859703;0.17407544847972403;2415919136;61208149506;64229881568;1610752128;59;253;226;213;-7.8618928702744135;0.09375;0.03125;random_400
4;0.22350086628715765;0.0027692807665022075;0.05262966994137647;0.43884178522662964;0.04310337257013177;0.00745609202988119;0.05762348469859703;0.17407544847972403;2415919136;61208149506;64229881568;1610752128;59;253;226;213;-7.8618928702744135;0.09375;;random_400
0;0.16713829919082476;0.07917208606600303;0.1252195787717075;0.19062468068502855;0.036641912095343926;0.12463633202726457;0.12012252322175888;0.1564445879420688;536871040;44090656770;29610352866;18257944576;58;171;355;167;;;;random_401
1;0.22350086628715765;0.0027692807665022075;0.05262966994137647;0.43884178522662964;0.04310337257013177;0.00745609202988119;0.05762348469859703;0.17407544847972403;1610752128;44090656770;29610352866;1073872896;151;157;304;139;-7.779889594854375;0.078125;0.046875;random_401
2;0.22350086628715765;0.0027692807665022075;0.05262966994137647;0.43884178522662964;0.04310337257013177;0.00745609202988119;0.05762348469859703;0.17407544847972403;1610752128;44090656770;29610352866;1073872896;151;157;305;138;-7.876445880685877;0.078125;0.046875;random_401
3;0.22350086628715765;0.0027692807665022075;0.05262966994137647;0.43884178522662964;0.04310337257013177;0.00745609202988119;0.05762348469859703;0.17407544847972403;1610752128;44090656770;29610352866;1073872896;151;157;305;138;-7.8761050239141195;0.09375;;random_401
0;0.15581073522091934;0.10978015586176373;0.22770448828482578;0.020070380498250835;0.01060956197179344;0.12546311615910857;0.2676967392941207;0.0828648227092175;536871040;2147483680;9663807490;29534331042;62;51;193;445;;;;random_402
1;0.30445685417468094;0.07788759542308717;0.24879194643959907;0.03712909593245266;0.05537589375838605;0.19140809083196877;0.07983560308920479;0.005114920350620516;536871040;2147483680;9663807490;29610352866;62;69;181;439;-7.756216532022059;0.078125;0.0625;random_402
2;0.4119807570143515;4.829496155221253e-05;0.15409063363725392;0.24826915988256826;0.05781067310387891;0.06990611589670567;0.041094391249730515;0.01679997425395898;1610752128;2415919136;9663807490;29610352866;205;52;127;367;-7.793144451627701;0.09375;0.03125;random_402
3;0.21441745143005972;0.1441016272306112;0.044044851136924176;0.40824856950054417;0.1047067635431164;0.013060393434033321;0.06800949180181319;0.0034108519228977572;1610752128;2147483680;10200686722;29542588512;265;55;192;239;-7.825884557276725;0.078125;0.03125;random_402
4;0.22350086628715765;0.0027692807665022075;0.05262966994137647;0.43884178522662964;0.04310337257013177;0.00745609202988119;0.05762348469859703;0.17407544847972403;1610752128;2415919136;9663815682;64229881568;238;59;185;269;-7.895479293229967;0.09375;0.046875;random_402
5;0.22350086628715765;0.0027692807665022075;0.05262966994137647;0.43884178522662964;0.04310337257013177;0.00745609202988119;0.05762348469859703;0.17407544847972403;1610752128;2415919136;9663815682;64229881568;238;59;185;269;-7.888513615661164;0.078125;0.046875;random_402
6;0.22350086628715765;0.0027692807665022075;0.05262966994137647;0.43884178522662964;0.04310337257013177;0.00745609202988119;0.05762348469859703;0.17407544847972403;1610752128;2415919136;9663815682;64229881568;238;59;185;269;-7.888513615661164;0.078125;;random_402
0;0.052838800329290905;0.2846358901237666;0.051585803468435075;0.11494516799647102;0.22355322357171692;0.08001256814892493;0.07048355233347124;0.12194499402792328;536871040;29610352866;9730924610;1073872896;75;420;145;111;;;;random_403
1;0.22350086628715765;0.0027692807665022075;0.05262966994137647;0.43884178522662964;0.04310337257013177;0.00745609202988119;0.05762348469859703;0.17407544847972403;1610752128;29610352866;9730924610;1073872896;158;304;150;139;-7.778852060245267;0.078125;0.046875;random_403
2;0.22350086628715765;0.0027692807665022075;0.05262966994137647;0.43884178522662964;0.04310337257013177;0.00745609202988119;0.05762348469859703;0.17407544847972403;1610752128;29610352866;9730924610;1073872896;158;306;149;138;-7.833142645466005;0.09375;0.03125;random_403
3;0.22350086628715765;0.0027692807665022075;0.05262966994137647;0.43884178522662964;0.04310337257013177;0.00745609202988119;0.05762348469859703;0.17407544847972403;1610752128;29610352866;9730924610;1073872896;158;306;149;138;-7.832638629038185;0.078125;;random_403
0;0.163656040248905;0.18935050887127455;0.00650424188654438;0.03431819893099561;0.19924803375879874;0.12321337411885097;0.11461220965087934;0.16909739253375136;536871040;61207611458;29534331042;11878268962;69;249;287;146;;;;random_404
1;0.23100146817560832;0.28560526106641454;0.048180961704098677;0.07155834578377031;0.1489056167349243;0.024893341860084312;0.01694696935742803;0.1729080353176716;1610752128;61207611458;29610352866;11811291170;129;247;245;130;-7.741767578646034;0.09375;0.046875;random_404
2;0.3401271709626589;0.2973480132545519;0.000655657923521734;0.13831523557484376;0.21877195122103663;0.0005242223128739071;0.0008825991258984506;0.003375149624614897;1610752128;64271383026;29610352866;11811291170;176;253;208;114;-7.796304281145396;0.078125;0.03125;random_404
3;0.3213706583755633;0.11903814318268968;0.017556143254973008;0.27872367736218245;0.15140872368796396;0.0725830103446137;0.006198745360259357;0.03312089843175478;1610752128;64271383026;29610352866;11811291170;195;212;222;122;-7.8052364602936235;0.078125;0.046875;random_404
4;0.3213706583755633;0.11903814318268968;0.017556143254973008;0.27872367736218245;0.15140872368796396;0.0725830103446137;0.006198745360259357;0.03312089843175478;1610752128;64271383026;29610352866;11811291170;195;212;222;122;-7.80688971553872;0.078125;;random_404
0;0.009547996955158016;0.0033207021694357354;0.2321987039405191;0.19885707759383586;0.1793717295523545;0.037368206079747675;0.11438500656179262;0.22495057714715647;536871040;29610352866;2415919104;1073872896;91;516;22;122;;;;random_405
1;0.24265488072094357;0.04774158604080464;0.12974322700013724;0.165487103809149;0.047542452493914734;0.0021567508552906506;0.0256253964842772;0.33904860259548303;1610752128;29610352866;2415919136;1073872896;140;431;43;137;-7.788196978584847;0.078125;0.046875;random_405
2;0.24265488072094357;0.04774158604080464;0.12974322700013724;0.165487103809149;0.047542452493914734;0.0021567508552906506;0.0256253964842772;0.33904860259548303;1610752128;29610352866;2415919136;1073872896;140;431;43;137;-7.80072073815007;0.078125;0.046875;random_405
3;0.24265488072094357;0.04774158604080464;0.12974322700013724;0.165487103809149;0.047542452493914734;0.0021567508552906506;0.0256253964842772;0.33904860259548303;1610752128;29610352866;2415919136;1073872896;140;431;43;137;-7.80072073815007;0.078125;;random_405
0;0.21007569949924404;0.00208075547180433;0.16932329432778964;0.0014036029532872817;0.22148453676279742;0.09382467284483623;0.21905818620414283;0.08274925193609826;9126805634;2147483680;29534331042;34359740416;78;45;578;50;;;;random_406
1;0.3257764062816763;0.015846737598229965;0.02538661126273391;0.05210030543905993;0.33769325553797436;0.08413220527698048;0.10378784056021695;0.055276638043127976;9126805634;2147483680;29534331042;34359740416;82;50;556;63;-7.753089188287982;0.09375;0.046875;random_406
2;0.3654385366671609;0.13866785552606806;0.0018778672905659368;0.16532125704780357;0.137943764862944;0.06497480183749599;0.08000235854611207;0.045773558221849565;9126805634;2147483680;29610352866;35433613312;75;46;455;175;-7.760186093302482;0.09375;0.046875;random_406
3;0.40072647367377445;0.00310362567010429;0.0033302005369709063;0.3927380356007213;0.046225443549343416;0.03708592971439797;0.06602574663090753;0.05076454462378014;61744482434;2147483680;29530141040;1073872896;262;61;278;150;-7.812230890490734;0.09375;0.046875;random_406
4;0.22350086628715765;0.0027692807665022075;0.05262966994137647;0.43884178522662964;0.04310337257013177;0.00745609202988119;0.05762348469859703;0.17407544847972403;61744482434;2415919136;29530141040;1073872896;287;50;268;146;-7.839532910147422;0.078125;0.03125;random_406
5;0.22350086628715765;0.0027692807665022075;0.05262966994137647;0.43884178522662964;0.04310337257013177;0.00745609202988119;0.05762348469859703;0.17407544847972403;61744482434;2415919136;29530141040;1073872896;286;50;269;146;-7.837948283050312;0.078125;0.046875;random_406
6;0.22350086628715765;0.0027692807665022075;0.05262966994137647;0.43884178522662964;0.04310337257013177;0.00745609202988119;0.05762348469859703;0.17407544847972403;61744482434;2415919136;29530141040;1073872896;286;50;269;146;-7.838131859364216;0.078125;;random_406
0;0.05921232129322749;0.06387855813398725;0.14756848283368915;0.04032607270622217;0.17450572827439295;0.11927249647704738;0.19588394565817643;0.19935239462325718;34359740416;29609828386;2415919104;1610752128;45;423;45;238;;;;random_407
1;0.2522682265249149;0.018821284414562007;0.05054721571837696;0.06565992618690564;0.2200139816598343;0.1576803292605824;0.049365568850586856;0.18564346738423707;1073872896;29609828386;2415919104;1610752128;144;393;65;149;-7.738332375566273;0.078125;0.03125;random_407
2;0.19231259739623724;0.049601640102730424;0.031164011217917686;0.0673703529948998;0.20801433423983703;0.24869547574379194;0.028723165892810088;0.17411842241177575;1073872896;29610352866;2415919104;1610752128;146;365;94;146;-7.79894586396375;0.078125;0.046875;random_407
3;0.1630698429893746;0.00407268318921882;0.09797735637200568;0.2025790815233156;0.07132255533094715;0.3329994162083449;0.0012882034078602433;0.12669086097893295;1073872896;29610352866;3489800192;1610752128;127;399;100;125;-7.821465133684979;0.078125;0.046875;random_407
4;0.1630698429893746;0.00407268318921882;0.09797735637200568;0.2025790815233156;0.07132255533094715;0.3329994162083449;0.0012882034078602433;0.12669086097893295;1073872896;29610352866;3489800192;1610752128;127;397;101;126;-7.836398386633666;0.078125;0.046875;random_407
5;0.1630698429893746;0.00407268318921882;0.09797735637200568;0.2025790815233156;0.07132255533094715;0.3329994162083449;0.0012882034078602433;0.12669086097893295;1073872896;29610352866;3489800192;1610752128;127;397;101;126;-7.837158738835387;0.078125;;random_407
0;0.0498969220948123;0.25753357416787875;0.0125397026327834;0.007507825069745798;0.2543224338858578;0.2593158875872216;0.039675592661777614;0.11920806189992264;12348170466;63665547266;8589934594;1073872896;292;247;49;163;;;;random_408
1;0.09882103340940382;0.21445401672902364;0.02340147772225294;0.14171662395730703;0.0038797906261479036;0.32099770032314645;0.017852076237080586;0.17887728099563768;29565784290;63624054786;9663815682;1073881088;323;203;93;132;-7.783532682000276;0.078125;0.046875;random_408
2;0.2380546354771868;0.11173900989189237;0.026105787627590093;0.2538020055267487;0.04185444016434565;0.24887557479368702;0.006384928033296779;0.07318361848525257;29565784290;55100581888;9663815682;1073881088;326;162;119;144;-7.818576561299706;0.078125;0.046875;random_408
3;0.2380546354771868;0.11173900989189237;0.026105787627590093;0.2538020055267487;0.04185444016434565;0.24887557479368702;0.006384928033296779;0.07318361848525257;29565784290;55100581888;9663815682;1073881088;326;162;119;144;-7.835940620998118;0.078125;0.046875;random_408
4;0.2380546354771868;0.11173900989189237;0.026105787627590093;0.2538020055267487;0.04185444016434565;0.24887557479368702;0.006384928033296779;0.07318361848525257;29565784290;55100581888;9663815682;1073881088;326;162;119;144;-7.835940620998118;0.078125;;random_408
0;0.09211856359043864;0.16039075133264927;0.11706883067513761;0.14441008993469692;0.0904414093962019;0.12089018853631446;0.13710965064050948;0.1375705158940517;2684354720;46506575906;29602427378;18257936384;78;210;293;170;;;;random_409
1;0.22350086628715765;0.0027692807665022075;0.05262966994137647;0.43884178522662964;0.04310337257013177;0.00745609202988119;0.05762348469859703;0.17407544847972403;2952790176;46506575906;64229881568;18257936384;91;208;229;223;-7.764440676031852;0.09375;0.046875;random_409
2;0.22350086628715765;0.0027692807665022075;0.05262966994137647;0.43884178522662964;0.04310337257013177;0.00745609202988119;0.05762348469859703;0.17407544847972403;2952790176;46506575906;64229881568;18257936384;91;208;229;223;-7.886525219607982;0.09375;0.03125;random_409
3;0.22350086628715765;0.0027692807665022075;0.05262966994137647;0.43884178522662964;0.04310337257013177;0.00745609202988119;0.05762348469859703;0.17407544847972403;2952790176;46506575906;64229881568;18257936384;91;208;229;223;-7.886525219607982;0.078125;;random_409
0;0.0719026973408699;0.09635258202776098;0.04594136485738417;0.19998158850595144;0.01441713693274817;0.17676419865318826;0.19748351846816453;0.1971569132139326;536871040;29610352866;1073872896;35970484240;52;469;123;107;;;;random_41
1;0.24265488072094357;0.04774158604080464;0.12974322700013724;0.165487103809149;0.047542452493914734;0.0021567508552906506;0.0256253964842772;0.33904860259548303;1610752128;29610352866;1073872896;35970484240;113;400;142;96;-7.744936470653811;0.09375;0.046875;random_41
2;0.2141875990279326;0.14140163163174538;0.04634367787947426;0.10831711571244376;0.05335031274434084;0.00656554995798805;0.03182409513900542;0.3980100179070696;1610752128;29609828386;1073872896;64160942162;153;228;157;213;-7.786210108115313;0.09375;0.046875;random_41
3;0.289043844555905;0.04380639852119489;0.0646811295596687;0.15521353841383523;0.0133797138455192;0.015255197615012128;0.03296691581926518;0.38565326166959957;1610752128;29609828386;1073872896;64160942162;151;226;155;219;-7.805002848289118;0.078125;0.0625;random_41
4;0.28285602862283515;0.2537776207989907;0.0451233842292053;0.02450298610495382;0.05022252087045374;0.006392669873997028;0.004814088301972496;0.3323107011975916;1610752128;29609828386;1073872896;63355365730;161;194;128;268;-7.796736223061239;0.078125;0.046875;random_41
5;0.289043844555905;0.04380639852119489;0.0646811295596687;0.15521353841383523;0.0133797138455192;0.015255197615012128;0.03296691581926518;0.38565326166959957;1610752128;29609828386;1073872896;63355365730;176;198;107;270;-7.8064253346602355;0.078125;0.046875;random_41
6;0.28285602862283515;0.2537776207989907;0.0451233842292053;0.02450298610495382;0.05022252087045374;0.006392669873997028;0.004814088301972496;0.3323107011975916;1610752128;29609828386;1073872896;63355365730;161;195;129;266;-7.823444538057854;0.078125;0.03125;random_41
7;0.289043844555905;0.04380639852119489;0.0646811295596687;0.15521353841383523;0.0133797138455192;0.015255197615012128;0.03296691581926518;0.38565326166959957;1610752128;29609828386;1073872896;63355365730;176;198;107;270;-7.806018469893891;0.078125;0.046875;random_41
8;0.28285602862283515;0.2537776207989907;0.0451233842292053;0.02450298610495382;0.05022252087045374;0.006392669873997028;0.004814088301972496;0.3323107011975916;1610752128;29609828386;1073872896;63355365730;161;195;129;266;-7.823444538057854;0.078125;;random_41
0;0.0006236894047610399;0.03585605169923234;0.13051425265626193;0.021963178202538045;0.137451339573156;0.13981181437715087;0.3302630113473019;0.20351666273959781;34359740416;29609828386;2415919104;10200686786;24;412;49;266;;;;random_410
1;0.24133863354290885;0.0034479921744328826;0.10899294801921862;0.00953337496740819;0.14839113593438724;0.2304924863812504;0.00859613419616861;0.24920729478422524;1073872896;29609828386;2415919104;10200686786;147;347;77;180;-7.7294502883668;0.09375;0.046875;random_410
2;0.22747499295958876;0.0013303766502435292;0.0023813649833761973;0.08698381906997216;0.22410151643192908;0.1834010848788703;0.010957372015137546;0.26336947301088254;1073872896;29609828386;2415919104;27384742082;144;272;67;268;-7.813193182321403;0.09375;0.046875;random_410
3;0.173774107802524;0.005944439597428946;0.1460460754256834;0.05636071752935284;0.15193135180814402;0.2964315205646726;0.0005845289065144723;0.16892725836567982;1073872896;12348170466;3489800192;27384742082;136;221;110;284;-7.800264341257681;0.09375;0.046875;random_410
4;0.1630698429893746;0.00407268318921882;0.09797735637200568;0.2025790815233156;0.07132255533094715;0.3329994162083449;0.0012882034078602433;0.12669086097893295;1073872896;12348170466;3489800192;27384742082;123;225;106;297;-7.87933293696224;0.078125;0.03125;random_410
5;0.1630698429893746;0.00407268318921882;0.09797735637200568;0.2025790815233156;0.07132255533094715;0.3329994162083449;0.0012882034078602433;0.12669086097893295;1073872896;12348170466;3489800192;27384742082;123;225;106;297;-7.8948989364557445;0.078125;;random_410
0;0.16088222014259312;0.2020729594682368;0.1007016602878646;0.0004469081995988544;0.06498960841936316;0.18543699547267534;0.20540800818512236;0.08006163982454563;536871040;2147483680;25769804098;29800661154;65;74;102;510;;;;random_411
1;0.4377716843485588;0.01467189323198847;0.21423407073870132;0.006502305978083698;0.1713180794891835;0.017856367577222212;0.13405101562800964;0.0035945830082524024;536871040;2147483680;25769804098;29534331042;62;46;87;556;-7.741955023518588;0.078125;0.046875;random_411
2;0.4119807570143515;4.829496155221253e-05;0.15409063363725392;0.24826915988256826;0.05781067310387891;0.06990611589670567;0.041094391249730515;0.01679997425395898;1610752128;2415919136;26919842114;29534331042;185;54;198;314;-7.748947220960163;0.09375;0.0625;random_411
3;0.15409502554202337;0.05102884478541332;0.24140641865549697;0.25744868822748423;0.021380476448175794;0.2697153774454341;0.001705674876321739;0.0032194940196505453;1073881088;2415919136;27413324098;29534331042;98;93;261;299;-7.790731019396832;0.09375;0.046875;random_411
4;0.1630698429893746;0.00407268318921882;0.09797735637200568;0.2025790815233156;0.07132255533094715;0.3329994162083449;0.0012882034078602433;0.12669086097893295;1073872896;3489800192;27413324098;29534331042;136;102;250;263;-7.801367771828639;0.109375;0.046875;random_411
5;0.1630698429893746;0.00407268318921882;0.09797735637200568;0.2025790815233156;0.07132255533094715;0.3329994162083449;0.0012882034078602433;0.12669086097893295;1073872896;3489800192;27413324098;29534331042;136;102;250;263;-7.854789886666084;0.078125;0.03125;random_411
6;0.1630698429893746;0.00407268318921882;0.09797735637200568;0.2025790815233156;0.07132255533094715;0.3329994162083449;0.0012882034078602433;0.12669086097893295;1073872896;3489800192;27413324098;29534331042;136;102;250;263;-7.854789886666084;0.078125;;random_411
0;0.07305016964251343;0.22971861176009764;0.0872338741738032;0.16206816071806246;0.06965049798357816;0.024330604364493018;0.12454587419158854;0.2294022071658636;536871040;29610352866;2415919104;35433613312;70;446;29;206;;;;random_412
1;0.2308093585983686;0.12859103137220315;0.012810719944813947;0.2926995990654124;0.00829441579153979;0.08442058700028815;0.0014980813812954942;0.2408762068460784;1610752128;29610352866;2415919104;1073872896;138;453;54;106;-7.77373872569723;0.078125;0.046875;random_412
2;0.22350086628715765;0.0027692807665022075;0.05262966994137647;0.43884178522662964;0.04310337257013177;0.00745609202988119;0.05762348469859703;0.17407544847972403;1610752128;29610352866;2415919136;1073872896;155;432;46;118;-7.851009717340883;0.09375;0.046875;random_412
3;0.22350086628715765;0.0027692807665022075;0.05262966994137647;0.43884178522662964;0.04310337257013177;0.00745609202988119;0.05762348469859703;0.17407544847972403;1610752128;29610352866;2415919136;1073872896;155;431;46;119;-7.872377247269405;0.078125;0.0625;random_412
4;0.22350086628715765;0.0027692807665022075;0.05262966994137647;0.43884178522662964;0.04310337257013177;0.00745609202988119;0.05762348469859703;0.17407544847972403;1610752128;29610352866;2415919136;1073872896;155;431;46;119;-7.872818554810086;0.078125;;random_412
0;0.154639531100396;0.05219968314863019;0.17058460595211872;0.19206462924520462;0.0801794297823732;0.13978367748205364;0.1704655113861856;0.040082931903038105;43486546050;2147483680;29610352866;1073872896;118;52;421;160;;;;random_413
1;0.40072647367377445;0.00310362567010429;0.0033302005369709063;0.3927380356007213;0.046225443549343416;0.03708592971439797;0.06602574663090753;0.05076454462378014;61744482434;2147483680;29530141040;1073872896;262;61;278;150;-7.819370434035334;0.078125;0.046875;random_413
2;0.22350086628715765;0.0027692807665022075;0.05262966994137647;0.43884178522662964;0.04310337257013177;0.00745609202988119;0.05762348469859703;0.17407544847972403;61744482434;2415919136;29530141040;1073872896;286;50;269;146;-7.839532910147422;0.09375;0.046875;random_413
3;0.22350086628715765;0.0027692807665022075;0.05262966994137647;0.43884178522662964;0.04310337257013177;0.00745609202988119;0.05762348469859703;0.17407544847972403;61744482434;2415919136;29530141040;1073872896;286;50;269;146;-7.837794642550649;0.09375;0.046875;random_413
4;0.22350086628715765;0.0027692807665022075;0.05262966994137647;0.43884178522662964;0.04310337257013177;0.00745609202988119;0.05762348469859703;0.17407544847972403;61744482434;2415919136;29530141040;1073872896;286;50;269;146;-7.837794642550649;0.09375;;random_413
0;0.27685955849081356;0.1295854133744568;0.2813288935070234;0.0544396697834261;0.13892459276352728;0.04762796864570827;0.0029236129475777605;0.06831029048746687;1610752128;2147483680;64169314514;1073872896;138;58;451;104;;;;random_414
1;0.3213706583755633;0.11903814318268968;0.017556143254973008;0.27872367736218245;0.15140872368796396;0.0725830103446137;0.006198745360259357;0.03312089843175478;1610752128;2147483680;64271383026;1073872896;127;54;474;96;-7.791879727271982;0.078125;0.0625;random_414
2;0.37025333210684236;0.022956605155466023;0.07191222226505606;0.4037747516473602;0.08737804219003784;0.0029004357188159953;0.03653897053246483;0.004285640383956738;1610752128;2415919136;29610352866;1073872896;152;45;437;117;-7.87208380564214;0.078125;0.03125;random_414
3;0.22350086628715765;0.0027692807665022075;0.05262966994137647;0.43884178522662964;0.04310337257013177;0.00745609202988119;0.05762348469859703;0.17407544847972403;1610752128;2415919136;29610352866;1073872896;155;46;431;119;-7.865763416973088;0.078125;0.046875;random_414
4;0.22350086628715765;0.0027692807665022075;0.05262966994137647;0.43884178522662964;0.04310337257013177;0.00745609202988119;0.05762348469859703;0.17407544847972403;1610752128;2415919136;29610352866;1073872896;155;46;431;119;-7.872818554810086;0.09375;;random_414
0;0.08549663180020976;0.09142208237243686;0.18798508253282112;0.13479655727532858;0.0921241686432732;0.2095067671451459;0.13024742271344944;0.06842128751733524;2415919104;46707902626;29610352866;1073881088;71;210;339;131;;;;random_415
1;0.1630698429893746;0.00407268318921882;0.09797735637200568;0.2025790815233156;0.07132255533094715;0.3329994162083449;0.0012882034078602433;0.12669086097893295;3489800192;46707902626;29610352866;1073872896;98;197;303;153;-7.782122111909396;0.09375;0.046875;random_415
2;0.1630698429893746;0.00407268318921882;0.09797735637200568;0.2025790815233156;0.07132255533094715;0.3329994162083449;0.0012882034078602433;0.12669086097893295;3489800192;46707902626;29610352866;1073872896;99;197;302;153;-7.80740262551834;0.09375;0.046875;random_415
3;0.1630698429893746;0.00407268318921882;0.09797735637200568;0.2025790815233156;0.07132255533094715;0.3329994162083449;0.0012882034078602433;0.12669086097893295;3489800192;46707902626;29610352866;1073872896;99;197;302;153;-7.807680868871297;0.078125;;random_415
0;0.14442057555934884;0.10355582428157284;0.1840832380921629;0.18728863667798054;0.07674254472103338;0.1174772907414376;0.055522276302568466;0.13090961362389553;2415919104;44090656770;29610352866;1610752128;50;179;377;145;;;;random_416
1;0.2380546354771868;0.11173900989189237;0.026105787627590093;0.2538020055267487;0.04185444016434565;0.24887557479368702;0.006384928033296779;0.07318361848525257;2415919104;44090656770;29610352866;1073881088;70;179;358;144;-7.782947932313373;0.078125;0.046875;random_416
2;0.20642446111882667;0.03247375426306101;0.008323848523663028;0.2607266687233741;0.10171287090797551;0.31275183634833637;0.0006962130348169285;0.07689034707994648;2415919104;44090656770;29565784290;1073881088;84;159;336;172;-7.851099297758951;0.09375;0.046875;random_416
3;0.1536894198364882;0.002031259805225586;0.015509271266870073;0.24031944545001954;0.08378739188450274;0.3347126832399806;0.042266667114845044;0.12768386140206808;2415919104;44090656770;29565784290;1073881088;98;138;339;176;-7.847482670748459;0.078125;0.046875;random_416
4;0.1630698429893746;0.00407268318921882;0.09797735637200568;0.2025790815233156;0.07132255533094715;0.3329994162083449;0.0012882034078602433;0.12669086097893295;3489800192;44090656770;29610352866;1073872896;102;140;372;137;-7.846846156902229;0.078125;0.046875;random_416
5;0.1630698429893746;0.00407268318921882;0.09797735637200568;0.2025790815233156;0.07132255533094715;0.3329994162083449;0.0012882034078602433;0.12669086097893295;3489800192;44090656770;29610352866;1073872896;102;140;372;137;-7.845462033926394;0.09375;0.046875;random_416
6;0.1630698429893746;0.00407268318921882;0.09797735637200568;0.2025790815233156;0.07132255533094715;0.3329994162083449;0.0012882034078602433;0.12669086097893295;3489800192;44090656770;29610352866;1073872896;102;140;372;137;-7.845462033926394;0.078125;;random_416
0;0.23334467807877268;0.19577839912882664;0.08615917967963209;0.022428140938664774;0.22730970690023203;0.09160861897782235;0.06898682889478569;0.07438444740126378;536871040;2147483680;20961435680;29800542402;54;49;301;347;;;;random_417
1;0.22352177554152336;0.013933884125510719;0.06253197493453261;0.21163666058181785;0.26261692524996455;0.19475658839223114;0.02758841884629807;0.0034137723281217284;1073881088;2147483680;18257944576;64271383026;101;83;135;432;-7.752908305288875;0.09375;0.0625;random_417
2;0.22352177554152336;0.013933884125510719;0.06253197493453261;0.21163666058181785;0.26261692524996455;0.19475658839223114;0.02758841884629807;0.0034137723281217284;1073881088;2147483680;18257944576;64271383026;101;83;135;432;-7.840623234714771;0.09375;0.078125;random_417
3;0.22352177554152336;0.013933884125510719;0.06253197493453261;0.21163666058181785;0.26261692524996455;0.19475658839223114;0.02758841884629807;0.0034137723281217284;1073881088;2147483680;18257944576;64271383026;101;83;135;432;-7.840623234714771;0.078125;;random_417
0;0.1297561752368362;0.25339555246336737;0.26130686457723995;0.07842914656277905;0.09308646686036821;0.13555193774671712;0.002168402918690954;0.04630545363400105;1610752128;2147483680;61744482434;1073881088;111;131;412;97;;;;random_418
1;0.17637218798739196;0.18553697835909752;0.14079784393797568;0.004877468822066889;0.06934666965682414;0.3546769255542297;0.011364096469801889;0.0570278292126123;1610752128;11811291170;61744482434;1073872896;116;254;286;95;-7.80662861118997;0.078125;0.046875;random_418
2;0.2652928102179358;0.15373269069199993;0.04602216215185193;0.05001752882531023;0.025126077006584698;0.33905860638957874;0.0012182451395121444;0.11953187957722651;1610752128;11819556962;61744482434;1073872896;119;262;260;110;-7.840401825492798;0.09375;0.046875;random_418
3;0.2380546354771868;0.11173900989189237;0.026105787627590093;0.2538020055267487;0.04185444016434565;0.24887557479368702;0.006384928033296779;0.07318361848525257;1610752128;29610352866;61274851586;1073872896;112;367;182;90;-7.8154471343129;0.09375;0.046875;random_418
4;0.2380546354771868;0.11173900989189237;0.026105787627590093;0.2538020055267487;0.04185444016434565;0.24887557479368702;0.006384928033296779;0.07318361848525257;1610752128;29610352866;61274851586;1073872896;112;366;183;90;-7.830235653840245;0.078125;0.03125;random_418
5;0.2380546354771868;0.11173900989189237;0.026105787627590093;0.2538020055267487;0.04185444016434565;0.24887557479368702;0.006384928033296779;0.07318361848525257;1610752128;29610352866;61274851586;1073872896;112;366;183;90;-7.830156327969075;0.09375;;random_418
0;0.30206320659084956;0.009498655425297431;0.032584717602051484;0.13574142658179575;0.23603662042965437;0.08676613191589329;0.09873410262029167;0.09857513883416641;34896611456;2415919136;1073872896;29610352866;74;44;156;477;;;;random_419
1;0.22350086628715765;0.0027692807665022075;0.05262966994137647;0.43884178522662964;0.04310337257013177;0.00745609202988119;0.05762348469859703;0.17407544847972403;1610752128;2415919136;1073872896;29610352866;155;46;119;431;-7.788025986857428;0.09375;0.046875;random_419
2;0.22350086628715765;0.0027692807665022075;0.05262966994137647;0.43884178522662964;0.04310337257013177;0.00745609202988119;0.05762348469859703;0.17407544847972403;1610752128;2415919136;1073872896;29610352866;155;46;118;432;-7.872818554810086;0.078125;0.03125;random_419
3;0.22350086628715765;0.0027692807665022075;0.05262966994137647;0.43884178522662964;0.04310337257013177;0.00745609202988119;0.05762348469859703;0.17407544847972403;1610752128;2415919136;1073872896;29610352866;155;46;118;432;-7.872377247269405;0.09375;;random_419
0;0.10109870545652663;0.14567747575462847;0.2289915011633255;0.10632051697161594;0.14452381199171915;0.07679336869446285;0.17920890829838787;0.01738571166933371;9126805634;2147483680;29534331042;34359740416;83;47;537;84;;;;random_42
1;0.32138591046683523;0.18610815323142518;0.0356768619230968;0.12975578136077404;0.22966497209693681;0.033280070980138673;0.03172380134842379;0.03240444859236936;9126805634;2147483680;29610352866;35433613312;70;44;452;185;-7.757924919657337;0.078125;0.046875;random_42
2;0.40072647367377445;0.00310362567010429;0.0033302005369709063;0.3927380356007213;0.046225443549343416;0.03708592971439797;0.06602574663090753;0.05076454462378014;61744482434;2147483680;29530141040;1073872896;263;61;277;150;-7.786488120524482;0.078125;0.046875;random_42
3;0.22350086628715765;0.0027692807665022075;0.05262966994137647;0.43884178522662964;0.04310337257013177;0.00745609202988119;0.05762348469859703;0.17407544847972403;61744482434;2415919136;29530141040;1073872896;286;50;269;146;-7.839396573345442;0.078125;0.0625;random_42
4;0.22350086628715765;0.0027692807665022075;0.05262966994137647;0.43884178522662964;0.04310337257013177;0.00745609202988119;0.05762348469859703;0.17407544847972403;61744482434;2415919136;29530141040;1073872896;287;50;268;146;-7.837794642550649;0.078125;0.046875;random_42
5;0.22350086628715765;0.0027692807665022075;0.05262966994137647;0.43884178522662964;0.04310337257013177;0.00745609202988119;0.05762348469859703;0.17407544847972403;61744482434;2415919136;29530141040;1073872896;287;50;268;146;-7.837948283050312;0.078125;;random_42
0;0.160250897574345;0.04152219153600991;0.10328351869604885;0.18363455191814626;0.13378064593880765;0.06176985491148382;0.1405743939948223;0.17518394543033625;2415919104;68189404707;26915008834;1610752128;46;240;273;192;;;;random_420
1;0.22350086628715765;0.0027692807665022075;0.05262966994137647;0.43884178522662964;0.04310337257013177;0.00745609202988119;0.05762348469859703;0.17407544847972403;2415919136;63624054786;26847879232;1610752128;55;260;215;221;-7.764854479943736;0.078125;0.046875;random_420
2;0.22350086628715765;0.0027692807665022075;0.05262966994137647;0.43884178522662964;0.04310337257013177;0.00745609202988119;0.05762348469859703;0.17407544847972403;2415919136;63624054786;26847879232;1610752128;55;260;215;221;-7.853997917883671;0.09375;0.046875;random_420
3;0.22350086628715765;0.0027692807665022075;0.05262966994137647;0.43884178522662964;0.04310337257013177;0.00745609202988119;0.05762348469859703;0.17407544847972403;2415919136;63624054786;26847879232;1610752128;55;260;215;221;-7.853997917883671;0.09375;;random_420
0;0.11224377914495243;0.21274916686016643;0.022778301968086903;0.26902631671968136;0.028924029463862078;0.112059666627796;0.16301671435952197;0.07920202485593276;2684354720;46802282550;26915008834;18257936384;87;268;226;170;;;;random_421
1;0.22350086628715765;0.0027692807665022075;0.05262966994137647;0.43884178522662964;0.04310337257013177;0.00745609202988119;0.05762348469859703;0.17407544847972403;2684354720;46506575906;29058605408;18257936384;106;204;208;233;-7.798221971927167;0.09375;0.046875;random_421
2;0.22350086628715765;0.0027692807665022075;0.05262966994137647;0.43884178522662964;0.04310337257013177;0.00745609202988119;0.05762348469859703;0.17407544847972403;2684354720;46506575906;29058605408;18257936384;106;204;208;233;-7.898021290110449;0.078125;0.03125;random_421
3;0.22350086628715765;0.0027692807665022075;0.05262966994137647;0.43884178522662964;0.04310337257013177;0.00745609202988119;0.05762348469859703;0.17407544847972403;2684354720;46506575906;29058605408;18257936384;106;204;208;233;-7.898021290110449;0.078125;;random_421
0;0.1258723156728066;0.107485792103766;0.13903901408775882;0.06865616497598762;0.1058544273219764;0.15745647142812255;0.15716779199992784;0.13846802240965403;536871040;42949675010;29610352866;18257944576;65;100;384;202;;;;random_422
1;0.2652928102179358;0.15373269069199993;0.04602216215185193;0.05001752882531023;0.025126077006584698;0.33905860638957874;0.0012182451395121444;0.11953187957722651;1610752128;44090656770;29610352866;18257944576;131;170;308;142;-7.770751194026015;0.078125;0.046875;random_422
2;0.24583922759881016;0.08743795752925479;0.10132649713046628;0.051382160824446486;0.08725840913364279;0.3248062312263;0.004794632639486017;0.09715488391759348;1610752128;44090656770;29610352866;18257944576;154;159;313;125;-7.817063407430351;0.078125;0.046875;random_422
3;0.2380546354771868;0.11173900989189237;0.026105787627590093;0.2538020055267487;0.04185444016434565;0.24887557479368702;0.006384928033296779;0.07318361848525257;1610752128;44090656770;29610352866;1073872896;113;172;378;88;-7.7946811030807535;0.078125;0.03125;random_422
4;0.2380546354771868;0.11173900989189237;0.026105787627590093;0.2538020055267487;0.04185444016434565;0.24887557479368702;0.006384928033296779;0.07318361848525257;1610752128;44090656770;29610352866;1073872896;113;172;378;88;-7.829656883650524;0.09375;0.046875;random_422
5;0.2380546354771868;0.11173900989189237;0.026105787627590093;0.2538020055267487;0.04185444016434565;0.24887557479368702;0.006384928033296779;0.07318361848525257;1610752128;44090656770;29610352866;1073872896;113;172;378;88;-7.829656883650524;0.09375;;random_422
0;0.12192679682031068;0.15147284210955428;0.01954665797776842;0.10603873570691577;0.1935183548601373;0.13664724671968217;0.2118634453138482;0.05898592049178307;536871040;2147483680;25773998146;29805125826;46;94;86;525;;;;random_423
1;0.2922335917537173;0.009794192293161646;0.151569100731467;0.1749620121306112;0.029451923915210225;0.2425339634163405;0.09705565923056397;0.0023995565289282052;1610752128;2147483680;26847870978;64205240658;158;105;229;259;-7.74357349561237;0.09375;0.03125;random_423
2;0.2500753221895746;0.02631584140349527;0.01486204602943934;0.24868045884812284;0.12844901964676717;0.2581353234830028;0.04280500492180013;0.030676983477797903;1610752128;2147483680;26847870978;64205240658;169;106;218;258;-7.817275026386023;0.09375;0.046875;random_423
3;0.20642446111882667;0.03247375426306101;0.008323848523663028;0.2607266687233741;0.10171287090797551;0.31275183634833637;0.0006962130348169285;0.07689034707994648;1610752128;2147483680;26847870978;64205240658;163;128;217;243;-7.841812549260999;0.09375;0.03125;random_423
4;0.2380546354771868;0.11173900989189237;0.026105787627590093;0.2538020055267487;0.04185444016434565;0.24887557479368702;0.006384928033296779;0.07318361848525257;1610752128;2147483680;26847870978;64205240658;153;104;218;276;-7.8182899365180685;0.09375;0.046875;random_423
5;0.2380546354771868;0.11173900989189237;0.026105787627590093;0.2538020055267487;0.04185444016434565;0.24887557479368702;0.006384928033296779;0.07318361848525257;1610752128;2147483680;26847870978;64205240658;153;104;218;276;-7.814726822375005;0.09375;;random_423
0;0.024130448606619816;0.15701121861316858;0.022783410366671714;0.1959805193346533;0.06433222794578863;0.13499564646714884;0.20330763851197575;0.19745889015397336;34359740416;29610352866;2415919104;1610752128;80;452;46;173;;;;random_424
1;0.2380546354771868;0.11173900989189237;0.026105787627590093;0.2538020055267487;0.04185444016434565;0.24887557479368702;0.006384928033296779;0.07318361848525257;35433613312;29610352866;2415919104;1073881088;95;452;78;126;-7.760361564026039;0.078125;0.0625;random_424
2;0.20351755227612883;0.11702777632732324;0.07684897614325388;0.15060676575082368;0.06044924340346322;0.37948267454670465;0.011261351265992668;0.0008056602863097856;35433613312;29610352866;3489800192;1073881088;118;366;111;156;-7.83930818753549;0.078125;0.046875;random_424
3;0.2380546354771868;0.11173900989189237;0.026105787627590093;0.2538020055267487;0.04185444016434565;0.24887557479368702;0.006384928033296779;0.07318361848525257;35433613312;29610352866;3489800192;1073881088;94;439;92;126;-7.828170972157211;0.078125;0.03125;random_424
4;0.20351755227612883;0.11702777632732324;0.07684897614325388;0.15060676575082368;0.06044924340346322;0.37948267454670465;0.011261351265992668;0.0008056602863097856;35433613312;29610352866;3489800192;1073881088;118;366;111;156;-7.841780827439727;0.078125;0.046875;random_424
5;0.2380546354771868;0.11173900989189237;0.026105787627590093;0.2538020055267487;0.04185444016434565;0.24887557479368702;0.006384928033296779;0.07318361848525257;35433613312;29610352866;3489800192;1073881088;94;439;92;126;-7.828170972157211;0.078125;0.046875;random_424
6;0.20351755227612883;0.11702777632732324;0.07684897614325388;0.15060676575082368;0.06044924340346322;0.37948267454670465;0.011261351265992668;0.0008056602863097856;35433613312;29610352866;3489800192;1073881088;118;366;111;156;-7.841780827439727;0.078125;;random_424
0;0.11950584887182808;0.23513150385527362;0.11990537752500824;0.06717516627006156;0.07287121454149492;0.17918171303435182;0.10532152805776085;0.10090764784422084;1610752128;61744482434;26847879232;11811291170;151;209;189;202;;;;random_425
1;0.18848819507776915;0.2652749354687868;0.06013146683066644;0.08958090362990478;0.11219981107909377;0.22951315768622343;0.011284527364054334;0.04352700286350136;1610752128;61744482434;26847879232;11811291170;148;198;172;233;-7.786118510136596;0.078125;0.03125;random_425
2;0.08616957442380938;0.35052209354020225;0.06057081003550934;0.11175810245877076;0.11190843247574032;0.26089563747963035;0.00582041141216349;0.012354938174174242;1073881088;61744482434;27395236032;12348162210;101;193;205;252;-7.810111315896495;0.078125;0.046875;random_425
3;0.214041981363924;0.30123888008211397;0.056070386836056696;0.1017255966476014;0.0682301645622062;0.196450532689166;0.01281439718153725;0.04942806063739455;1073881088;61744482434;27395236032;12348162210;107;207;206;231;-7.813033918030679;0.078125;0.03125;random_425
4;0.214041981363924;0.30123888008211397;0.056070386836056696;0.1017255966476014;0.0682301645622062;0.196450532689166;0.01281439718153725;0.04942806063739455;1073881088;61744482434;27395236032;12348162210;107;207;206;231;-7.816125781190672;0.078125;;random_425
0;0.006613385917573282;0.09854845378012408;0.27774480185555084;0.2593835268020697;0.2409851097107479;0.007466196540811783;0.008712878392610016;0.1005456470005124;1073872896;29610352866;19595788544;12348170466;104;321;103;223;;;;random_426
1;0.2047861817359632;0.012946767606274195;0.2895783001050185;0.09067584722991887;0.06496438471867755;0.11358820696778808;0.008074152651357022;0.2153861589850025;1073872896;29610352866;19595788544;12348170466;128;322;96;205;-7.768559659900958;0.09375;0.046875;random_426
2;0.2337700385736786;0.0030813621737787885;0.24985205292281729;0.04691282902530974;0.1648275416836902;0.10245125319663659;0.0009746452323179247;0.1981302771917709;1073872896;29610352866;19595788544;12348162210;129;324;98;200;-7.777474474562991;0.078125;0.046875;random_426
3;0.2337700385736786;0.0030813621737787885;0.24985205292281729;0.04691282902530974;0.1648275416836902;0.10245125319663659;0.0009746452323179247;0.1981302771917709;1073872896;29610352866;19595788544;12348162210;129;324;98;200;-7.778278319530475;0.078125;0.046875;random_426
4;0.2337700385736786;0.0030813621737787885;0.24985205292281729;0.04691282902530974;0.1648275416836902;0.10245125319663659;0.0009746452323179247;0.1981302771917709;1073872896;29610352866;19595788544;12348162210;129;324;98;200;-7.778278319530475;0.09375;;random_426
0;0.09233300040957866;0.17704407533513156;0.0748525240277989;0.05614963741943602;0.11115165674769596;0.17800798114451985;0.14374593335425204;0.1667151915615871;2684354720;46802282550;28992155746;18257936384;113;267;177;194;;;;random_427
1;0.3188267260209409;0.3125167311315185;0.01233475156003031;0.05729383544931351;0.06127058421008044;0.16402134228503878;0.02036627212274369;0.05336975722033394;2684354720;64271383026;28992155746;18257944576;61;263;235;192;-7.742223145276671;0.078125;0.046875;random_427
2;0.3213706583755633;0.11903814318268968;0.017556143254973008;0.27872367736218245;0.15140872368796396;0.0725830103446137;0.006198745360259357;0.03312089843175478;2684354720;64271383026;29610352866;18257944576;83;224;249;195;-7.806966253499083;0.078125;0.046875;random_427
3;0.3213706583755633;0.11903814318268968;0.017556143254973008;0.27872367736218245;0.15140872368796396;0.0725830103446137;0.006198745360259357;0.03312089843175478;2684354720;64271383026;29610352866;18257944576;83;224;249;195;-7.8558552331967375;0.078125;0.03125;random_427
4;0.3213706583755633;0.11903814318268968;0.017556143254973008;0.27872367736218245;0.15140872368796396;0.0725830103446137;0.006198745360259357;0.03312089843175478;2684354720;64271383026;29610352866;18257944576;83;224;249;195;-7.8558552331967375;0.09375;;random_427
0;0.04873891434181547;0.03361595940797152;0.14554214678197042;0.186550693086469;0.25546477670725964;0.09938758383209058;0.09270594436750529;0.137993981474918;536871040;29610352866;2415919104;1073872896;74;511;46;120;;;;random_428
1;0.22350086628715765;0.0027692807665022075;0.05262966994137647;0.43884178522662964;0.04310337257013177;0.00745609202988119;0.05762348469859703;0.17407544847972403;1610752128;29610352866;2415919136;1073872896;155;431;46;119;-7.782999187869782;0.078125;0.046875;random_428
2;0.22350086628715765;0.0027692807665022075;0.05262966994137647;0.43884178522662964;0.04310337257013177;0.00745609202988119;0.05762348469859703;0.17407544847972403;1610752128;29610352866;2415919136;1073872896;155;432;46;118;-7.872818554810086;0.078125;0.046875;random_428
3;0.22350086628715765;0.0027692807665022075;0.05262966994137647;0.43884178522662964;0.04310337257013177;0.00745609202988119;0.05762348469859703;0.17407544847972403;1610752128;29610352866;2415919136;1073872896;155;432;46;118;-7.872377247269405;0.078125;;random_428
0;0.1525792700692366;0.1260895186640336;0.16106495131044332;0.08472034091155786;0.19206628516098842;0.040760309822757725;0.07037206910451609;0.17234725495646655;2684354720;46707902626;29327761760;18257936384;86;258;197;210;;;;random_429
1;0.22350086628715765;0.0027692807665022075;0.05262966994137647;0.43884178522662964;0.04310337257013177;0.00745609202988119;0.05762348469859703;0.17407544847972403;2684354720;46506575906;29058605408;18257936384;106;204;208;233;-7.753045286266011;0.078125;0.0625;random_429
2;0.22350086628715765;0.0027692807665022075;0.05262966994137647;0.43884178522662964;0.04310337257013177;0.00745609202988119;0.05762348469859703;0.17407544847972403;2684354720;46506575906;29058605408;18257936384;106;204;208;233;-7.898021290110449;0.078125;0.046875;random_429
3;0.22350086628715765;0.0027692807665022075;0.05262966994137647;0.43884178522662964;0.04310337257013177;0.00745609202988119;0.05762348469859703;0.17407544847972403;2684354720;46506575906;29058605408;18257936384;106;204;208;233;-7.898021290110449;0.078125;;random_429
0;0.2040136082239094;0.019630211568622664;0.13234555569554535;0.0782617623512235;0.14732086419602236;0.24473426469158618;0.16467340914634537;0.009020324126745232;43486546050;2147483680;29610352866;1073872896;101;58;410;182;;;;random_43
1;0.40072647367377445;0.00310362567010429;0.0033302005369709063;0.3927380356007213;0.046225443549343416;0.03708592971439797;0.06602574663090753;0.05076454462378014;61744482434;2147483680;29530141040;1073872896;262;61;278;150;-7.796883037218598;0.09375;0.046875;random_43
2;0.22350086628715765;0.0027692807665022075;0.05262966994137647;0.43884178522662964;0.04310337257013177;0.00745609202988119;0.05762348469859703;0.17407544847972403;61744482434;2415919136;29530141040;1073872896;286;50;269;146;-7.839532910147422;0.09375;0.046875;random_43
3;0.22350086628715765;0.0027692807665022075;0.05262966994137647;0.43884178522662964;0.04310337257013177;0.00745609202988119;0.05762348469859703;0.17407544847972403;61744482434;2415919136;29530141040;1073872896;286;50;269;146;-7.837794642550649;0.09375;0.046875;random_43
4;0.22350086628715765;0.0027692807665022075;0.05262966994137647;0.43884178522662964;0.04310337257013177;0.00745609202988119;0.05762348469859703;0.17407544847972403;61744482434;2415919136;29530141040;1073872896;286;50;269;146;-7.837794642550649;0.09375;;random_43
0;0.10011839787705117;0.19928536699244206;0.08583919347418881;0.05580618230486896;0.08969720355348682;0.26455671201399594;0.13746408857495068;0.06723285520901559;536871040;12348170466;26915008834;29803290626;53;241;291;166;;;;random_430
1;0.1630698429893746;0.00407268318921882;0.09797735637200568;0.2025790815233156;0.07132255533094715;0.3329994162083449;0.0012882034078602433;0.12669086097893295;1073881088;12348170466;26847748162;3489800192;129;271;244;107;-7.8062504263065335;0.078125;0.046875;random_430
2;0.1630698429893746;0.00407268318921882;0.09797735637200568;0.2025790815233156;0.07132255533094715;0.3329994162083449;0.0012882034078602433;0.12669086097893295;1073881088;12348170466;26847748162;3489800192;129;270;245;107;-7.862944938938409;0.078125;0.046875;random_430
3;0.1630698429893746;0.00407268318921882;0.09797735637200568;0.2025790815233156;0.07132255533094715;0.3329994162083449;0.0012882034078602433;0.12669086097893295;1073881088;12348170466;26847748162;3489800192;129;270;245;107;-7.86340073689462;0.078125;;random_430
0;0.10893752695203014;0.0009390943473129207;0.25614810571428737;0.07648348513700301;0.20263914052400656;0.008509777867775145;0.28281668252925524;0.0635261869283295;2415919136;42949675010;63426397026;29534331042;31;58;237;425;;;;random_431
1;0.246713772795404;0.03261140991774152;0.20130486848185897;0.049312512624761926;0.13330535741591693;0.011684861136874919;0.31822519685809636;0.006842020769345416;2147483680;42949675010;63426397026;29534331042;36;55;223;437;-7.741700367301205;0.078125;0.03125;random_431
2;0.246713772795404;0.03261140991774152;0.20130486848185897;0.049312512624761926;0.13330535741591693;0.011684861136874919;0.31822519685809636;0.006842020769345416;2147483680;42949675010;63426397026;29534331042;36;55;223;437;-7.741460884357015;0.078125;0.046875;random_431
3;0.246713772795404;0.03261140991774152;0.20130486848185897;0.049312512624761926;0.13330535741591693;0.011684861136874919;0.31822519685809636;0.006842020769345416;2147483680;42949675010;63426397026;29534331042;36;55;223;437;-7.741460884357015;0.078125;;random_431
0;0.0013167334531258715;0.08316959824787211;0.2541820808800885;0.07251793864926809;0.13902997242759246;0.11245190412448886;0.08125359632924398;0.2560781758883202;10737418274;12348162210;26843938882;29609828386;100;168;171;312;;;;random_432
1;0.2512607371089476;0.07520064187074407;0.12869363717046384;0.02019023739795752;0.052576779832035264;0.09411198875753847;0.07523266858184074;0.3027333092804725;10737418274;12348170466;1073872896;29609828386;95;179;148;329;-7.734475024620225;0.078125;0.046875;random_432
2;0.23629732993148395;0.018167189487202577;0.14111107876859866;0.04779213228250062;0.09636930480127875;0.12623658339402413;0.010912918360664974;0.3231134629742463;10737418274;12348170466;1073872896;29609828386;113;175;149;314;-7.813444882092786;0.09375;0.046875;random_432
3;0.23629732993148395;0.018167189487202577;0.14111107876859866;0.04779213228250062;0.09636930480127875;0.12623658339402413;0.010912918360664974;0.3231134629742463;10737418274;12348170466;1073872896;29609828386;113;175;149;314;-7.816561427002198;0.09375;;random_432
0;0.17317028549259392;0.1672263597611394;0.11547111396554166;0.18104239973367225;0.10061689981784236;0.10210079487337474;0.1083745847499501;0.051997561605885576;536871040;2147483680;1073881088;29610352866;46;49;149;507;;;;random_433
1;0.22350086628715765;0.0027692807665022075;0.05262966994137647;0.43884178522662964;0.04310337257013177;0.00745609202988119;0.05762348469859703;0.17407544847972403;1610752128;2415919136;1073872896;29610352866;155;46;119;431;-7.78858448974679;0.078125;0.0625;random_433
2;0.22350086628715765;0.0027692807665022075;0.05262966994137647;0.43884178522662964;0.04310337257013177;0.00745609202988119;0.05762348469859703;0.17407544847972403;1610752128;2415919136;1073872896;29610352866;155;46;118;432;-7.872818554810086;0.09375;0.046875;random_433
3;0.22350086628715765;0.0027692807665022075;0.05262966994137647;0.43884178522662964;0.04310337257013177;0.00745609202988119;0.05762348469859703;0.17407544847972403;1610752128;2415919136;1073872896;29610352866;155;46;118;432;-7.872377247269405;0.09375;;random_433
0;0.25297904324551657;0.0708692322812522;0.0542739130498436;0.06676118803823834;0.22386460260122296;0.21049699422347093;0.1169803001734575;0.0037747263869980065;43486546050;68458548739;29540626790;18811592704;94;145;276;236;;;;random_434
1;0.1630698429893746;0.00407268318921882;0.09797735637200568;0.2025790815233156;0.07132255533094715;0.3329994162083449;0.0012882034078602433;0.12669086097893295;44561336450;3489800192;29602427378;1073872896;187;98;335;131;-7.794736976331807;0.09375;0.03125;random_434
2;0.1630698429893746;0.00407268318921882;0.09797735637200568;0.2025790815233156;0.07132255533094715;0.3329994162083449;0.0012882034078602433;0.12669086097893295;44561336450;3489800192;29602427378;1073872896;187;98;335;131;-7.843161610301001;0.078125;0.03125;random_434
3;0.1630698429893746;0.00407268318921882;0.09797735637200568;0.2025790815233156;0.07132255533094715;0.3329994162083449;0.0012882034078602433;0.12669086097893295;44561336450;3489800192;29602427378;1073872896;187;98;335;131;-7.843161610301001;0.078125;;random_434
0;0.19451786859876832;0.02642074168316578;0.16973555184914285;0.15584057501681003;0.18701030036266;0.15418103304033953;0.06606065516280699;0.046233274286306365;9126805634;2415919136;29610352866;1073872896;120;63;429;139;;;;random_435
1;0.28781070354548244;0.055796013662973175;0.025259102217814636;0.2890178041962452;0.036218807741291055;0.23046486245127196;0.0734298625641276;0.002002843620793949;61746587650;2415919136;29540626790;1073881088;205;75;314;157;-7.810303249919334;0.09375;0.046875;random_435
2;0.34884434049438995;0.00273272513097807;0.06775407423558436;0.38042746609519695;0.011189118644623321;0.09961849730817919;0.034426194101241654;0.05500758398980671;61744482434;2415919136;29532451296;1073872896;296;69;256;130;-7.849778876070132;0.09375;0.046875;random_435
3;0.22350086628715765;0.0027692807665022075;0.05262966994137647;0.43884178522662964;0.04310337257013177;0.00745609202988119;0.05762348469859703;0.17407544847972403;61744482434;2415919136;29532451296;1073872896;273;50;263;165;-7.833215283838324;0.078125;0.0625;random_435
4;0.22350086628715765;0.0027692807665022075;0.05262966994137647;0.43884178522662964;0.04310337257013177;0.00745609202988119;0.05762348469859703;0.17407544847972403;61744482434;2415919136;29532451296;1073872896;273;50;263;165;-7.837056229234577;0.078125;;random_435
0;0.10558313337179591;0.056772838131700906;0.20115648159089106;0.23105254958274296;0.18071141818922382;0.05202205774603727;0.010450862762182473;0.1622506586254257;1073872896;29618085986;2415919104;10200686786;113;368;37;233;;;;random_436
1;0.2767590189398731;0.012669837155164978;0.15068359908816892;0.3715311211607667;0.1474844651700074;0.013133003707198504;0.02463487130198676;0.0031040834768335216;1073872896;29542588512;2415919104;10200686722;179;330;43;199;-7.795232879660973;0.078125;0.0625;random_436
2;0.37340059868882525;0.034454710893647704;0.021988553198505963;0.4433429767374552;0.03507017768372346;0.0141831083682436;0.0738558143111319;0.0037040601184669896;1073872896;29530141040;2415919136;10200686722;202;303;55;191;-7.890551422585439;0.078125;0.046875;random_436
3;0.37340059868882525;0.034454710893647704;0.021988553198505963;0.4433429767374552;0.03507017768372346;0.0141831083682436;0.0738558143111319;0.0037040601184669896;1073872896;29530141040;2415919136;10200686722;200;305;55;191;-7.905843043156503;0.078125;0.046875;random_436
4;0.37340059868882525;0.034454710893647704;0.021988553198505963;0.4433429767374552;0.03507017768372346;0.0141831083682436;0.0738558143111319;0.0037040601184669896;1073872896;29530141040;2415919136;10200686722;200;305;55;191;-7.904970304569402;0.078125;;random_436
0;0.1250769624032475;0.053987060075240616;0.0995061435250833;0.1463775476721834;0.171099960182401;0.12885373104452752;0.2626019582920806;0.012496636805235998;34896611456;2147483680;8589934658;29534331042;65;47;87;552;;;;random_437
1;0.3462756393079222;0.008205280802740194;0.004277236468970023;0.1072427835096712;0.20480471150285293;0.033308968913574766;0.2223050048994628;0.0735803745948058;34896611456;2147483680;8589934658;29534331042;72;34;70;575;-7.753100181235466;0.078125;0.046875;random_437
2;0.42454000929625346;0.0033256986507659643;0.043745609924104235;0.27976735458040436;0.08648933318160516;0.013617043425939312;0.13689034718363297;0.01162460375729453;1610743936;2415919136;8589934656;29609828386;232;49;91;379;-7.774878451384597;0.09375;0.046875;random_437
3;0.26400356727738417;0.13972626508717423;0.03191848428753177;0.3958529056178151;0.08658313179424464;0.012663840306161888;0.06594451750872049;0.003307288120967658;1610743936;2415919136;27395236032;29609828386;256;54;191;250;-7.844304308888817;0.09375;0.046875;random_437
4;0.37340059868882525;0.034454710893647704;0.021988553198505963;0.4433429767374552;0.03507017768372346;0.0141831083682436;0.0738558143111319;0.0037040601184669896;18811592704;2415919136;27395236032;29609828386;303;53;172;223;-7.92713678855047;0.078125;0.046875;random_437
5;0.22350086628715765;0.0027692807665022075;0.05262966994137647;0.43884178522662964;0.04310337257013177;0.00745609202988119;0.05762348469859703;0.17407544847972403;18257944576;2415919136;12616605920;29062463522;249;44;243;215;-7.9171672422604855;0.078125;0.046875;random_437
6;0.22350086628715765;0.0027692807665022075;0.05262966994137647;0.43884178522662964;0.04310337257013177;0.00745609202988119;0.05762348469859703;0.17407544847972403;18257944576;2415919136;12616605920;29062463522;249;44;241;217;-7.889986359958248;0.078125;0.046875;random_437
7;0.22350086628715765;0.0027692807665022075;0.05262966994137647;0.43884178522662964;0.04310337257013177;0.00745609202988119;0.05762348469859703;0.17407544847972403;18257944576;2415919136;12616605920;29062463522;249;44;241;217;-7.889966230837235;0.078125;;random_437
0;0.13577050086096962;0.18761720946180585;0.04879680233699979;0.044082016316553334;0.15722802475688866;0.10032576686543024;0.20465940071713243;0.12152027868422001;536871040;61746587650;26847879232;12348170466;43;250;217;241;;;;random_438
1;0.3188267260209409;0.3125167311315185;0.01233475156003031;0.05729383544931351;0.06127058421008044;0.16402134228503878;0.02036627212274369;0.05336975722033394;1610752128;61746587650;26915008834;29565784290;140;211;153;247;-7.777275530271192;0.078125;0.046875;random_438
2;0.2526542830843927;0.18668396011088545;0.021331413327387593;0.2591310565658573;0.0622932278017316;0.20683089346856998;0.0006388279167979416;0.010436337724377494;1610752128;61744482434;26847748162;29610352866;140;182;163;266;-7.835591191337663;0.09375;0.046875;random_438
3;0.20351755227612883;0.11702777632732324;0.07684897614325388;0.15060676575082368;0.06044924340346322;0.37948267454670465;0.011261351265992668;0.0008056602863097856;1610752128;61744482434;26847748162;29610352866;137;169;159;286;-7.84171901744297;0.078125;0.0625;random_438
4;0.20351755227612883;0.11702777632732324;0.07684897614325388;0.15060676575082368;0.06044924340346322;0.37948267454670465;0.011261351265992668;0.0008056602863097856;1610752128;61744482434;26847748162;29610352866;137;169;159;286;-7.847944088017339;0.078125;;random_438
0;0.22150537834062545;0.0029289289122552977;0.03706931195206854;0.16417112322222865;0.09989750030284945;0.20052224348455153;0.10287948902478494;0.1710260247606361;536871040;44090656770;29610352866;18794832000;26;189;345;191;;;;random_439
1;0.2380546354771868;0.11173900989189237;0.026105787627590093;0.2538020055267487;0.04185444016434565;0.24887557479368702;0.006384928033296779;0.07318361848525257;1073872896;44090656770;29610352866;1610752128;88;174;376;113;-7.7649453099349035;0.09375;0.046875;random_439
2;0.2380546354771868;0.11173900989189237;0.026105787627590093;0.2538020055267487;0.04185444016434565;0.24887557479368702;0.006384928033296779;0.07318361848525257;1073872896;44090656770;29610352866;1610752128;88;174;376;113;-7.829464519816589;0.09375;0.046875;random_439
3;0.2380546354771868;0.11173900989189237;0.026105787627590093;0.2538020055267487;0.04185444016434565;0.24887557479368702;0.006384928033296779;0.07318361848525257;1073872896;44090656770;29610352866;1610752128;88;174;376;113;-7.829464519816589;0.09375;;random_439
0;0.10997813480057893;0.13032152466174143;0.13700619554324925;0.17411211114171724;0.07093245356916024;0.03292696169550488;0.10033804301287197;0.24438457557517618;1073872896;29609828386;2415919104;12348170466;130;329;29;263;;;;random_44
1;0.22350086628715765;0.0027692807665022075;0.05262966994137647;0.43884178522662964;0.04310337257013177;0.00745609202988119;0.05762348469859703;0.17407544847972403;1073872896;29609828386;2415919104;12616605920;164;330;36;221;-7.795186588086311;0.078125;0.03125;random_44
2;0.22350086628715765;0.0027692807665022075;0.05262966994137647;0.43884178522662964;0.04310337257013177;0.00745609202988119;0.05762348469859703;0.17407544847972403;1073872896;29609828386;2415919104;12616605920;164;330;36;221;-7.844946224203883;0.078125;0.046875;random_44
3;0.22350086628715765;0.0027692807665022075;0.05262966994137647;0.43884178522662964;0.04310337257013177;0.00745609202988119;0.05762348469859703;0.17407544847972403;1073872896;29609828386;2415919104;12616605920;164;330;36;221;-7.844946224203883;0.09375;;random_44
0;0.15803419073922562;0.03346909470720421;0.20040418702949697;0.19717198782759587;0.03230080512686398;0.15684827580555746;0.09369114260815745;0.12808031615589846;536871040;9663807490;63355365730;18794684544;42;183;349;177;;;;random_440
1;0.28781070354548244;0.055796013662973175;0.025259102217814636;0.2890178041962452;0.036218807741291055;0.23046486245127196;0.0734298625641276;0.002002843620793949;34896611456;9663807490;29540626790;18257944576;68;130;358;195;-7.73939901885971;0.09375;0.046875;random_440
2;0.34884434049438995;0.00273272513097807;0.06775407423558436;0.38042746609519695;0.011189118644623321;0.09961849730817919;0.034426194101241654;0.05500758398980671;35970493568;9663815682;29610352866;18257944576;134;145;300;172;-7.82806719153829;0.078125;0.046875;random_440
3;0.22350086628715765;0.0027692807665022075;0.05262966994137647;0.43884178522662964;0.04310337257013177;0.00745609202988119;0.05762348469859703;0.17407544847972403;35970493568;9663815682;64229881568;18257936384;152;185;225;189;-7.830569271272244;0.078125;0.03125;random_440
4;0.22350086628715765;0.0027692807665022075;0.05262966994137647;0.43884178522662964;0.04310337257013177;0.00745609202988119;0.05762348469859703;0.17407544847972403;35970493568;9663815682;64229881568;18257936384;154;185;224;188;-7.8875316193032505;0.078125;0.046875;random_440
5;0.22350086628715765;0.0027692807665022075;0.05262966994137647;0.43884178522662964;0.04310337257013177;0.00745609202988119;0.05762348469859703;0.17407544847972403;35970493568;9663815682;64229881568;18257936384;154;185;224;188;-7.8880922479968705;0.09375;;random_440
0;0.18595910837738472;0.04608717719148688;0.06950966146477051;0.038184555690195285;0.0846517780699222;0.37496520040307624;0.01078679177308924;0.18985572703007494;3489800192;61746587650;12348170466;1073872896;115;251;259;126;;;;random_441
1;0.1630698429893746;0.00407268318921882;0.09797735637200568;0.2025790815233156;0.07132255533094715;0.3329994162083449;0.0012882034078602433;0.12669086097893295;3489800192;61746587650;12348170466;1073872896;102;253;272;124;-7.845854648912373;0.09375;0.046875;random_441
2;0.1630698429893746;0.00407268318921882;0.09797735637200568;0.2025790815233156;0.07132255533094715;0.3329994162083449;0.0012882034078602433;0.12669086097893295;3489800192;61746587650;12348170466;1073872896;102;253;272;124;-7.850357941145707;0.078125;;random_441
0;0.19859095615807829;0.024858868919698192;0.056461237418720174;0.18036756615000776;0.16055963814983448;0.13960090170719336;0.0425580787322421;0.19700275276422574;1610752128;66117088386;20969631776;11811291170;169;173;194;215;;;;random_442
1;0.22350086628715765;0.0027692807665022075;0.05262966994137647;0.43884178522662964;0.04310337257013177;0.00745609202988119;0.05762348469859703;0.17407544847972403;1610752128;64229881568;20405682208;9663815682;171;232;163;185;-7.737620545220517;0.078125;0.03125;random_442
2;0.22350086628715765;0.0027692807665022075;0.05262966994137647;0.43884178522662964;0.04310337257013177;0.00745609202988119;0.05762348469859703;0.17407544847972403;1610752128;64229881568;20405682208;9663815682;170;232;164;185;-7.885378312084534;0.078125;0.046875;random_442
3;0.22350086628715765;0.0027692807665022075;0.05262966994137647;0.43884178522662964;0.04310337257013177;0.00745609202988119;0.05762348469859703;0.17407544847972403;1610752128;64229881568;20405682208;9663815682;170;232;164;185;-7.88512500484175;0.09375;;random_442
0;0.052427650813365013;0.049974764617902866;0.29475007220009586;0.13688528993983076;0.11589918978997069;0.10331444863014129;0.12047965998630839;0.12626892402238532;2415919136;9663815682;29610352866;1073872896;56;152;436;107;;;;random_443
1;0.22350086628715765;0.0027692807665022075;0.05262966994137647;0.43884178522662964;0.04310337257013177;0.00745609202988119;0.05762348469859703;0.17407544847972403;2415919136;9663815682;64229881568;1073872896;49;185;355;162;-7.7847729271717485;0.078125;0.046875;random_443
2;0.22350086628715765;0.0027692807665022075;0.05262966994137647;0.43884178522662964;0.04310337257013177;0.00745609202988119;0.05762348469859703;0.17407544847972403;2415919136;9663815682;64229881568;1073872896;49;185;355;162;-7.874687818908609;0.078125;0.046875;random_443
3;0.22350086628715765;0.0027692807665022075;0.05262966994137647;0.43884178522662964;0.04310337257013177;0.00745609202988119;0.05762348469859703;0.17407544847972403;2415919136;9663815682;64229881568;1073872896;49;185;355;162;-7.874687818908609;0.078125;;random_443
0;0.1653743277388178;0.05705778766194499;0.077258959645677;0.18433574327889438;0.216856214859668;0.145537102770819;0.024963617195499447;0.1286162468486794;2415919104;29534331042;26915008834;1610752128;70;295;215;171;;;;random_444
1;0.1630698429893746;0.00407268318921882;0.09797735637200568;0.2025790815233156;0.07132255533094715;0.3329994162083449;0.0012882034078602433;0.12669086097893295;37849409536;29534331042;26847748162;1073872896;114;304;220;113;-7.800564603016492;0.078125;0.046875;random_444
2;0.1630698429893746;0.00407268318921882;0.09797735637200568;0.2025790815233156;0.07132255533094715;0.3329994162083449;0.0012882034078602433;0.12669086097893295;37849409536;29534331042;26847748162;1073872896;114;304;220;113;-7.845801391503856;0.09375;0.046875;random_444
3;0.1630698429893746;0.00407268318921882;0.09797735637200568;0.2025790815233156;0.07132255533094715;0.3329994162083449;0.0012882034078602433;0.12669086097893295;37849409536;29534331042;26847748162;1073872896;114;304;220;113;-7.845801391503856;0.078125;;random_444
0;0.1290408274268733;0.06455397201360957;0.17019663709494834;0.16075739563204283;0.11825509985683043;0.0298081576456189;0.14334773764921677;0.18404017268085976;2415919104;46506575906;26915008834;1610752128;30;198;311;212;;;;random_445
1;0.22350086628715765;0.0027692807665022075;0.05262966994137647;0.43884178522662964;0.04310337257013177;0.00745609202988119;0.05762348469859703;0.17407544847972403;2415919136;46506575906;26847879232;1610752128;58;220;256;217;-7.765195661998796;0.09375;0.046875;random_445
2;0.22350086628715765;0.0027692807665022075;0.05262966994137647;0.43884178522662964;0.04310337257013177;0.00745609202988119;0.05762348469859703;0.17407544847972403;2415919136;46506575906;26847879232;1610752128;58;220;256;217;-7.8594745906711605;0.09375;0.046875;random_445
3;0.22350086628715765;0.0027692807665022075;0.05262966994137647;0.43884178522662964;0.04310337257013177;0.00745609202988119;0.05762348469859703;0.17407544847972403;2415919136;46506575906;26847879232;1610752128;58;220;256;217;-7.8594745906711605;0.078125;;random_445
0;0.06057628720764528;0.23220061762831767;0.18681498682198797;0.07274004495608449;0.14939851168115148;0.07456298281486237;0.02409183484096234;0.19961473404898836;1610752128;29610352866;2415919104;35433613312;148;404;40;159;;;;random_446
1;0.2656700443154321;0.2829069438473702;0.23607912417756666;0.008165437131928948;0.049072809760656595;0.0019517715084240556;0.013668740740154776;0.1424851285184668;1610752128;29610352866;2415919136;35433613312;172;362;49;168;-7.767135164676328;0.09375;0.03125;random_446
2;0.23100146817560832;0.28560526106641454;0.048180961704098677;0.07155834578377031;0.1489056167349243;0.024893341860084312;0.01694696935742803;0.1729080353176716;1610752128;29610352866;2415919136;35433613312;146;388;41;176;-7.790400811482591;0.078125;0.046875;random_446
3;0.19009253345480176;0.2604455231915442;0.07607004373257596;0.2710620111609834;0.10146083857364932;0.07936022418773235;0.006436420169020229;0.015072405529692915;1610752128;29610352866;2415919136;35433613312;153;405;46;147;-7.799923947863366;0.078125;0.046875;random_446
4;0.3213706583755633;0.11903814318268968;0.017556143254973008;0.27872367736218245;0.15140872368796396;0.0725830103446137;0.006198745360259357;0.03312089843175478;1610752128;29610352866;2415919136;35433613312;166;427;50;108;-7.858425906819901;0.078125;0.046875;random_446
5;0.2366789100818342;0.1819432033667347;0.02595492144120827;0.25233527557337193;0.12282527776671816;0.1402530047885955;0.006348029328823759;0.033661377652713445;1073881088;29610352866;2415919136;35433613312;131;431;56;133;-7.855191831941879;0.078125;0.046875;random_446
6;0.2500791569798219;0.2354027773027801;0.014862273932091507;0.2486842722487812;0.05416282486031248;0.14072914265149306;0.02574566700541392;0.030333885019305878;1073881088;29610352866;2415919136;35433613312;133;414;57;147;-7.85540284872603;0.078125;0.046875;random_446
7;0.2500791569798219;0.2354027773027801;0.014862273932091507;0.2486842722487812;0.05416282486031248;0.14072914265149306;0.02574566700541392;0.030333885019305878;1073881088;29610352866;2415919136;35433613312;133;414;57;147;-7.85783888901337;0.078125;;random_446
0;0.21628680154952798;0.19945754570280508;0.046184729272533205;0.12259060742077872;0.284774422677876;0.05304930358125895;0.015561208693499747;0.06209538110172019;9126805634;2415919136;29610352866;1073881088;111;57;449;134;;;;random_447
1;0.34884434049438995;0.00273272513097807;0.06775407423558436;0.38042746609519695;0.011189118644623321;0.09961849730817919;0.034426194101241654;0.05500758398980671;44561336450;2415919136;29610352866;1073881088;170;67;370;144;-7.831110681979058;0.078125;0.046875;random_447
2;0.26400356727738417;0.13972626508717423;0.03191848428753177;0.3958529056178151;0.08658313179424464;0.012663840306161888;0.06594451750872049;0.003307288120967658;44585596934;2147483680;29540626790;1073881088;213;43;312;183;-7.845550712323957;0.09375;0.046875;random_447
3;0.22350086628715765;0.0027692807665022075;0.05262966994137647;0.43884178522662964;0.04310337257013177;0.00745609202988119;0.05762348469859703;0.17407544847972403;46506575906;2415919136;64229881568;1073872896;206;48;336;161;-7.831564184465807;0.078125;0.046875;random_447
4;0.22350086628715765;0.0027692807665022075;0.05262966994137647;0.43884178522662964;0.04310337257013177;0.00745609202988119;0.05762348469859703;0.17407544847972403;46506575906;2415919136;64229881568;1073872896;206;48;335;162;-7.863426033009177;0.078125;0.046875;random_447
5;0.22350086628715765;0.0027692807665022075;0.05262966994137647;0.43884178522662964;0.04310337257013177;0.00745609202988119;0.05762348469859703;0.17407544847972403;46506575906;2415919136;64229881568;1073872896;206;48;335;162;-7.863381227245229;0.09375;;random_447
0;0.08223634832516122;0.25759012590393116;0.21304974922098222;0.005700711992932826;0.005683259511030107;0.1863437958513867;0.20816874406239755;0.041227265132178295;536871040;2147483680;18320859392;29803290626;51;121;262;317;;;;random_448
1;0.20513901474327248;0.0038860390042853073;0.09344825267747821;0.17578699463296443;0.1817638091753376;0.2906260616697872;0.030928702288541565;0.018421125808333223;1610752128;2147483680;1073872896;29803290626;135;162;119;335;-7.765117389816769;0.078125;0.03125;random_448
2;0.1630698429893746;0.00407268318921882;0.09797735637200568;0.2025790815233156;0.07132255533094715;0.3329994162083449;0.0012882034078602433;0.12669086097893295;1610752128;3296862240;1073872896;63624054786;154;189;113;295;-7.83586657296223;0.078125;0.046875;random_448
3;0.1630698429893746;0.00407268318921882;0.09797735637200568;0.2025790815233156;0.07132255533094715;0.3329994162083449;0.0012882034078602433;0.12669086097893295;1610752128;3296862240;1073872896;63624054786;154;189;113;295;-7.856912150172831;0.078125;0.046875;random_448
4;0.1630698429893746;0.00407268318921882;0.09797735637200568;0.2025790815233156;0.07132255533094715;0.3329994162083449;0.0012882034078602433;0.12669086097893295;1610752128;3296862240;1073872896;63624054786;154;189;113;295;-7.856912150172831;0.078125;;random_448
0;0.14909606830875063;0.05870228765491975;0.08223905135668448;0.09985087695889583;0.028378806478564795;0.23522092155106625;0.23782711344046673;0.10868487425065146;536871040;2147483680;25769804098;29805125826;55;124;104;468;;;;random_449
1;0.1630698429893746;0.00407268318921882;0.09797735637200568;0.2025790815233156;0.07132255533094715;0.3329994162083449;0.0012882034078602433;0.12669086097893295;1073881088;3296862240;26847748162;29800542402;127;173;241;210;-7.750379620929745;0.078125;0.03125;random_449
2;0.1630698429893746;0.00407268318921882;0.09797735637200568;0.2025790815233156;0.07132255533094715;0.3329994162083449;0.0012882034078602433;0.12669086097893295;1073881088;3296862240;26847748162;29800542402;127;173;241;210;-7.858690431337396;0.09375;0.046875;random_449
3;0.1630698429893746;0.00407268318921882;0.09797735637200568;0.2025790815233156;0.07132255533094715;0.3329994162083449;0.0012882034078602433;0.12669086097893295;1073881088;3296862240;26847748162;29800542402;127;173;241;210;-7.858690431337396;0.09375;;random_449
0;0.04107647595448181;0.1984304934392505;0.1193690246610744;0.10029509745269342;0.19361395886685143;0.10066662127223243;0.15895961502654302;0.08758871332687297;536871040;44090656770;2415919104;12348170466;46;273;52;380;;;;random_45
1;0.30522206586436296;0.04868402081309793;0.03583363664666638;0.2916528238407722;0.0007329383397563701;0.27595291718955317;0.007092754580266215;0.03482884272552479;18794807424;44090656770;2415919104;29610352866;195;163;67;326;-7.734357514532993;0.109375;0.046875;random_45
2;0.2380546354771868;0.11173900989189237;0.026105787627590093;0.2538020055267487;0.04185444016434565;0.24887557479368702;0.006384928033296779;0.07318361848525257;18794807424;44090656770;2415919104;29610352866;184;172;69;326;-7.844994856572106;0.078125;0.03125;random_45
3;0.2380546354771868;0.11173900989189237;0.026105787627590093;0.2538020055267487;0.04185444016434565;0.24887557479368702;0.006384928033296779;0.07318361848525257;18794807424;44090656770;2415919104;29610352866;184;172;69;326;-7.8431803357230745;0.09375;;random_45
0;0.05222761202356766;0.19445288262132865;0.1659446489439894;0.1469112830124297;0.09367948415531911;0.08328674584706108;0.15809262521016185;0.10540471818614265;2415919104;44090656770;29610352866;1610752128;34;199;371;147;;;;random_450
1;0.2366789100818342;0.1819432033667347;0.02595492144120827;0.25233527557337193;0.12282527776671816;0.1402530047885955;0.006348029328823759;0.033661377652713445;2415919104;44090656770;29610352866;1073881088;57;184;364;146;-7.765512775306881;0.078125;0.0625;random_450
2;0.23305217935049427;0.24520217241991435;0.013850355910538516;0.23175226723291628;0.10393040132183767;0.15078164055193224;0.014373299585556198;0.007057683626810569;2415919104;61744482434;29610352866;1073881088;51;228;326;146;-7.836010114153632;0.078125;0.03125;random_450
3;0.2366789100818342;0.1819432033667347;0.02595492144120827;0.25233527557337193;0.12282527776671816;0.1402530047885955;0.006348029328823759;0.033661377652713445;2415919104;61744482434;29610352866;1073881088;54;215;337;145;-7.831709630466118;0.078125;0.03125;random_450
4;0.2380546354771868;0.11173900989189237;0.026105787627590093;0.2538020055267487;0.04185444016434565;0.24887557479368702;0.006384928033296779;0.07318361848525257;2415919104;61744482434;29610352866;1073881088;70;206;334;141;-7.828501128549518;0.078125;0.046875;random_450
5;0.2380546354771868;0.11173900989189237;0.026105787627590093;0.2538020055267487;0.04185444016434565;0.24887557479368702;0.006384928033296779;0.07318361848525257;2415919104;61744482434;29610352866;1073881088;70;206;334;141;-7.834431857730589;0.078125;;random_450
0;0.21868917394644047;0.18744114950374657;0.2357727059721327;0.03115395406068412;0.12501343884454297;0.055315750249970964;0.08012989974177981;0.06648392768070235;10200686786;2415919136;29534331042;35433613312;177;44;365;165;;;;random_451
1;0.2463226943358566;0.23279541126152578;0.24671874832013718;0.05364545042917015;0.09182135903917692;0.03690707143405272;0.08536329923627048;0.006425965943810351;10200686786;2147483680;29534331042;35433613312;184;45;353;169;-7.77593161517208;0.078125;0.046875;random_451
2;0.25684487657698163;0.18643343408575858;0.24010566523059823;0.1103239077637261;0.0831136870096076;0.0982825872285148;0.02007800805396056;0.004817834050852553;10200686786;2147483680;29610352866;35433613312;170;54;369;158;-7.787706861923184;0.078125;0.046875;random_451
3;0.354114745819525;0.022965792650927252;0.0318734824032819;0.2604879263896492;0.13256127796946085;0.16784233151635344;0.015165306437825772;0.014989136812976743;27384742082;2147483680;29610352866;1073872896;285;73;256;137;-7.7903306953961255;0.078125;0.03125;random_451
4;0.2380546354771868;0.11173900989189237;0.026105787627590093;0.2538020055267487;0.04185444016434565;0.24887557479368702;0.006384928033296779;0.07318361848525257;27384742082;2147483680;29610352866;1073872896;286;78;252;135;-7.845653773172351;0.078125;0.046875;random_451
5;0.2380546354771868;0.11173900989189237;0.026105787627590093;0.2538020055267487;0.04185444016434565;0.24887557479368702;0.006384928033296779;0.07318361848525257;27384742082;2147483680;29610352866;1073872896;286;78;252;135;-7.844969166211883;0.09375;;random_451
0;0.16155282365983967;0.006096234813677159;0.3094074874815958;0.16657333014996273;0.01687403195832772;0.21892080670949432;0.08630578021633621;0.03426950501076627;10200686722;2147483680;29610352866;34359740416;243;74;388;46;;;;random_452
1;0.39731632036058173;0.017015455645804825;0.00805329558086703;0.22330885734841385;0.12089050995307887;0.19777442588405472;0.01297927646925356;0.02266185875794541;27380547970;2147483680;29610352866;1073872896;274;67;267;143;-7.7929134777257145;0.078125;0.046875;random_452
2;0.34884434049438995;0.00273272513097807;0.06775407423558436;0.38042746609519695;0.011189118644623321;0.09961849730817919;0.034426194101241654;0.05500758398980671;61744482434;2147483680;29542588512;1073872896;295;75;249;132;-7.833069087800287;0.078125;0.046875;random_452
3;0.22350086628715765;0.0027692807665022075;0.05262966994137647;0.43884178522662964;0.04310337257013177;0.00745609202988119;0.05762348469859703;0.17407544847972403;61744482434;2415919136;29542588512;1073872896;296;51;254;150;-7.8356297494916936;0.078125;0.046875;random_452
4;0.22350086628715765;0.0027692807665022075;0.05262966994137647;0.43884178522662964;0.04310337257013177;0.00745609202988119;0.05762348469859703;0.17407544847972403;61744482434;2415919136;29542588512;1073872896;296;51;254;150;-7.839253278229961;0.09375;0.03125;random_452
5;0.22350086628715765;0.0027692807665022075;0.05262966994137647;0.43884178522662964;0.04310337257013177;0.00745609202988119;0.05762348469859703;0.17407544847972403;61744482434;2415919136;29542588512;1073872896;296;51;254;150;-7.839253278229961;0.078125;;random_452
0;0.29617942765815886;0.07059605003623695;0.037367122318819716;0.02029922406338286;0.2598854119772843;0.23374322705192718;0.0029247332115846262;0.07900480368260561;1610752128;29062463522;61744482434;1073872896;119;311;200;121;;;;random_453
1;0.2380546354771868;0.11173900989189237;0.026105787627590093;0.2538020055267487;0.04185444016434565;0.24887557479368702;0.006384928033296779;0.07318361848525257;1610752128;28992155746;61744482434;1073872896;115;329;210;97;-7.797539255980435;0.078125;0.046875;random_453
2;0.2380546354771868;0.11173900989189237;0.026105787627590093;0.2538020055267487;0.04185444016434565;0.24887557479368702;0.006384928033296779;0.07318361848525257;1610752128;28992155746;61744482434;1073872896;115;329;210;97;-7.821388109346581;0.09375;0.046875;random_453
3;0.2380546354771868;0.11173900989189237;0.026105787627590093;0.2538020055267487;0.04185444016434565;0.24887557479368702;0.006384928033296779;0.07318361848525257;1610752128;28992155746;61744482434;1073872896;115;329;210;97;-7.821388109346581;0.078125;;random_453
0;0.1783122022880599;0.03849760553317543;0.14594057712470765;0.053936949347602646;0.1136738999020136;0.21949206824560263;0.07656876857074033;0.17357792898809787;1610752128;44090656770;29610352866;18257936384;136;138;338;139;;;;random_454
1;0.326750262895755;0.044198573883272224;0.014990482517601786;0.10046859004418061;0.04507434361085663;0.2955134916421756;0.09702075941669602;0.07598349598946207;1610752128;44090656770;29610352866;18257936384;137;168;327;119;-7.77201857350997;0.078125;0.046875;random_454
2;0.2380546354771868;0.11173900989189237;0.026105787627590093;0.2538020055267487;0.04185444016434565;0.24887557479368702;0.006384928033296779;0.07318361848525257;1610752128;44090656770;29610352866;1073872896;113;174;376;88;-7.798667655094126;0.078125;0.046875;random_454
3;0.2380546354771868;0.11173900989189237;0.026105787627590093;0.2538020055267487;0.04185444016434565;0.24887557479368702;0.006384928033296779;0.07318361848525257;1610752128;44090656770;29610352866;1073872896;113;172;378;88;-7.829464519816589;0.09375;0.046875;random_454
4;0.2380546354771868;0.11173900989189237;0.026105787627590093;0.2538020055267487;0.04185444016434565;0.24887557479368702;0.006384928033296779;0.07318361848525257;1610752128;44090656770;29610352866;1073872896;113;172;378;88;-7.829656883650524;0.09375;;random_454
0;0.10789212311559432;0.023670633737695745;0.08877787188792119;0.2070987432357319;0.23953575265221766;0.20803458790584134;0.03993592287548098;0.08505436458951682;2415919104;9663807490;29610352866;1073881088;85;119;399;148;;;;random_455
1;0.1536894198364882;0.002031259805225586;0.015509271266870073;0.24031944545001954;0.08378739188450274;0.3347126832399806;0.042266667114845044;0.12768386140206808;36775659520;9663815682;29565784290;1073881088;113;126;336;176;-7.8269027921835015;0.09375;0.046875;random_455
2;0.1630698429893746;0.00407268318921882;0.09797735637200568;0.2025790815233156;0.07132255533094715;0.3329994162083449;0.0012882034078602433;0.12669086097893295;37849409536;9663815682;29610352866;1073872896;117;129;362;143;-7.846187254456407;0.078125;0.046875;random_455
3;0.1630698429893746;0.00407268318921882;0.09797735637200568;0.2025790815233156;0.07132255533094715;0.3329994162083449;0.0012882034078602433;0.12669086097893295;37849409536;9663815682;29610352866;1073872896;117;129;362;143;-7.845880526897592;0.09375;0.046875;random_455
4;0.1630698429893746;0.00407268318921882;0.09797735637200568;0.2025790815233156;0.07132255533094715;0.3329994162083449;0.0012882034078602433;0.12669086097893295;37849409536;9663815682;29610352866;1073872896;117;129;362;143;-7.845880526897592;0.078125;;random_455
0;0.17400544899107617;0.11595558690395921;0.1624909555422198;0.16282537849463222;0.014881927682549296;0.07168125239508742;0.10028096679389809;0.19787848319657797;536871040;44090656770;63971487074;18794684544;56;209;297;189;;;;random_456
1;0.24265488072094357;0.04774158604080464;0.12974322700013724;0.165487103809149;0.047542452493914734;0.0021567508552906506;0.0256253964842772;0.33904860259548303;2952790176;9663807490;64163117378;18794807424;71;194;276;210;-7.73008697302417;0.09375;0.046875;random_456
2;0.3640083387806765;0.005974109682769293;0.06820728633214607;0.03519794135579804;0.011233873977378954;0.1238314946489913;0.053295127400574765;0.3382518278216651;2684354720;9663807490;63971487074;18794807424;94;178;279;200;-7.757520462450601;0.09375;0.03125;random_456
3;0.2228587197812326;0.03205404271026824;0.06032624714020883;0.0007895202924997444;0.20886633653549133;0.20053466346238955;0.042148786975609906;0.23242168310229983;2684354720;9663807490;63971487074;18794807424;98;168;276;209;-7.759220603297054;0.078125;0.046875;random_456
4;0.26372310710099756;0.02834022758318069;0.11275513506642944;0.03799393894079524;0.04199251496582069;0.22479524433360484;0.018591820599718648;0.2718080114094529;2684354720;9663807490;63971487074;18794807424;92;163;276;220;-7.775040654352991;0.078125;0.046875;random_456
5;0.173774107802524;0.005944439597428946;0.1460460754256834;0.05636071752935284;0.15193135180814402;0.2964315205646726;0.0005845289065144723;0.16892725836567982;2147483680;1073872896;63971487074;18794807424;84;119;302;246;-7.773455170643502;0.078125;0.03125;random_456
6;0.173774107802524;0.005944439597428946;0.1460460754256834;0.05636071752935284;0.15193135180814402;0.2964315205646726;0.0005845289065144723;0.16892725836567982;2147483680;1073872896;63971487074;18794807424;84;119;302;246;-7.791928361037599;0.078125;0.046875;random_456
7;0.173774107802524;0.005944439597428946;0.1460460754256834;0.05636071752935284;0.15193135180814402;0.2964315205646726;0.0005845289065144723;0.16892725836567982;2147483680;1073872896;63971487074;18794807424;84;119;302;246;-7.791928361037599;0.078125;;random_456
0;0.23236988624322233;0.10943747699893766;0.02474857259346633;0.10465423183562826;0.1386370558396283;0.2339656357560263;0.07628464115555396;0.07990249957753677;44090656770;2147483680;29610352866;18790621568;189;59;275;228;;;;random_457
1;0.2380546354771868;0.11173900989189237;0.026105787627590093;0.2538020055267487;0.04185444016434565;0.24887557479368702;0.006384928033296779;0.07318361848525257;44090656770;2147483680;29610352866;18794807424;182;75;287;207;-7.809773161418964;0.078125;0.046875;random_457
2;0.34884434049438995;0.00273272513097807;0.06775407423558436;0.38042746609519695;0.011189118644623321;0.09961849730817919;0.034426194101241654;0.05500758398980671;44090656770;2147483680;29610352866;18794807424;164;78;270;239;-7.855189506390398;0.078125;0.046875;random_457
3;0.22350086628715765;0.0027692807665022075;0.05262966994137647;0.43884178522662964;0.04310337257013177;0.00745609202988119;0.05762348469859703;0.17407544847972403;44090656770;2415919136;64229881568;18794807424;218;50;223;260;-7.862773572434441;0.078125;0.046875;random_457
4;0.22350086628715765;0.0027692807665022075;0.05262966994137647;0.43884178522662964;0.04310337257013177;0.00745609202988119;0.05762348469859703;0.17407544847972403;44090656770;2415919136;64229881568;18794807424;218;50;223;260;-7.884359220432953;0.078125;0.046875;random_457
5;0.22350086628715765;0.0027692807665022075;0.05262966994137647;0.43884178522662964;0.04310337257013177;0.00745609202988119;0.05762348469859703;0.17407544847972403;44090656770;2415919136;64229881568;18794807424;218;50;223;260;-7.884431518450494;0.09375;;random_457
0;0.1394827214795372;0.11235232239687744;0.04356037272358308;0.03218668712559364;0.10886197082342716;0.17333303205023412;0.17320855621845913;0.21701433718228827;536870916;42949675010;20405682208;10200686786;29;111;310;301;;;;random_458
1;0.43285176781423634;0.10403571046475944;0.09365594921547209;0.00482729520739861;0.10781565921479302;0.013268321410228769;0.018575553950081192;0.22496974272303055;536871040;44090656770;20673732608;29532451296;60;198;188;305;-7.711382221533769;0.09375;0.046875;random_458
2;0.30862795230093315;0.1278005507785352;0.02985827456804379;0.05533158375550328;0.06973685491035922;0.1527665050958018;0.006131827702033981;0.24974645088878938;1610752128;44090656770;20673732608;29565784290;160;181;151;259;-7.7588746295218165;0.09375;0.046875;random_458
3;0.2380546354771868;0.11173900989189237;0.026105787627590093;0.2538020055267487;0.04185444016434565;0.24887557479368702;0.006384928033296779;0.07318361848525257;1610752128;44090656770;20673732608;29610352866;129;173;134;315;-7.792050849474884;0.09375;0.046875;random_458
4;0.2380546354771868;0.11173900989189237;0.026105787627590093;0.2538020055267487;0.04185444016434565;0.24887557479368702;0.006384928033296779;0.07318361848525257;1610752128;44090656770;20673732608;29610352866;129;173;134;315;-7.824925337264339;0.078125;0.03125;random_458
5;0.2380546354771868;0.11173900989189237;0.026105787627590093;0.2538020055267487;0.04185444016434565;0.24887557479368702;0.006384928033296779;0.07318361848525257;1610752128;44090656770;20673732608;29610352866;129;173;134;315;-7.824925337264339;0.09375;;random_458
0;0.08670922769061067;0.08880970895627141;0.00041222755532951396;0.18802736355228145;0.1465011417219714;0.17443474759880936;0.1066251210339664;0.20848046189075992;536871040;29610352866;19599982592;1073872896;87;436;84;144;;;;random_459
1;0.1630698429893746;0.00407268318921882;0.09797735637200568;0.2025790815233156;0.07132255533094715;0.3329994162083449;0.0012882034078602433;0.12669086097893295;1610752128;29610352866;3489800192;1073872896;133;399;100;119;-7.781298018912364;0.078125;0.03125;random_459
2;0.1630698429893746;0.00407268318921882;0.09797735637200568;0.2025790815233156;0.07132255533094715;0.3329994162083449;0.0012882034078602433;0.12669086097893295;1610752128;29610352866;3489800192;1073872896;134;397;101;119;-7.836595514474449;0.078125;0.046875;random_459
3;0.1630698429893746;0.00407268318921882;0.09797735637200568;0.2025790815233156;0.07132255533094715;0.3329994162083449;0.0012882034078602433;0.12669086097893295;1610752128;29610352866;3489800192;1073872896;134;397;101;119;-7.83730789124835;0.09375;;random_459
0;0.20477534868893166;0.1562977606224983;0.15847158749571671;0.07423203996209933;0.17141814236522848;0.14407436785121205;0.054367059360908354;0.03636369365340495;9126805634;2415919136;29610352866;1073872896;89;70;452;140;;;;random_46
1;0.31714525076265804;0.07124422342749352;0.12648870367550819;0.1221608794912466;0.042621420429274005;0.2739591566390553;0.016253457918215874;0.030126907656548598;10200686722;2415919104;29610352866;1073872896;222;83;347;99;-7.811423088127574;0.078125;0.03125;random_46
2;0.1630698429893746;0.00407268318921882;0.09797735637200568;0.2025790815233156;0.07132255533094715;0.3329994162083449;0.0012882034078602433;0.12669086097893295;10200686722;3489800192;29610352866;1073872896;178;99;338;136;-7.835881950901569;0.09375;0.046875;random_46
3;0.1630698429893746;0.00407268318921882;0.09797735637200568;0.2025790815233156;0.07132255533094715;0.3329994162083449;0.0012882034078602433;0.12669086097893295;10200686722;3489800192;29610352866;1073872896;178;98;339;136;-7.842662690606641;0.09375;0.03125;random_46
4;0.1630698429893746;0.00407268318921882;0.09797735637200568;0.2025790815233156;0.07132255533094715;0.3329994162083449;0.0012882034078602433;0.12669086097893295;10200686722;3489800192;29610352866;1073872896;178;98;339;136;-7.842309546982317;0.078125;;random_46
0;0.013844357423948017;0.05481915850516132;0.17880588485423746;0.04047004164774466;0.04179294155127297;0.2695624951404124;0.10277156224356675;0.2979335586336563;34359740416;1610752128;29610352866;1073872896;48;139;460;104;;;;random_460
1;0.16953397632495268;0.052304576046468536;0.0031229199266206114;0.04538552789068144;0.35044137913849477;0.14015880505796952;0.0257357142570354;0.2133171013577771;34359740416;1610752128;29610352866;1073872896;78;142;406;125;-7.7395838139327315;0.09375;0.046875;random_460
2;0.3002904227235094;0.10923732578651113;0.0034040925304274134;0.04044815759185036;0.3284981850002787;0.0017959981918017009;0.026971986507402693;0.1893538316682186;35433613312;1610752128;29610352866;1073872896;142;109;386;114;-7.787880390041582;0.078125;0.046875;random_460
3;0.3587451534834802;0.06983747711903127;0.009503202814100446;0.12229479343965617;0.1995317687719363;0.11098038876385158;0.019546778525275588;0.10956043708266854;35433613312;1610752128;29610352866;1073872896;107;121;421;102;-7.791231643360527;0.078125;0.046875;random_460
4;0.2899336554673278;0.1573648797345402;0.03912467400793799;0.13102267206810242;0.038406177679140334;0.26987718621929435;0.0007509313875813376;0.07351982343607558;35433613312;1610752128;29610352866;1073872896;136;112;404;99;-7.800730156532798;0.09375;0.03125;random_460
5;0.2380546354771868;0.11173900989189237;0.026105787627590093;0.2538020055267487;0.04185444016434565;0.24887557479368702;0.006384928033296779;0.07318361848525257;35433613312;1610752128;29610352866;1073872896;102;98;479;72;-7.804774176371141;0.09375;0.046875;random_460
6;0.2366789100818342;0.1819432033667347;0.02595492144120827;0.25233527557337193;0.12282527776671816;0.1402530047885955;0.006348029328823759;0.033661377652713445;35433613312;1610752128;29610352866;1073872896;134;93;449;75;-7.820082848811523;0.09375;0.03125;random_460
7;0.2366789100818342;0.1819432033667347;0.02595492144120827;0.25233527557337193;0.12282527776671816;0.1402530047885955;0.006348029328823759;0.033661377652713445;35433613312;1610752128;29610352866;1073872896;134;93;449;75;-7.8254918362826675;0.09375;;random_460
0;0.1907934331522995;0.16913206948924395;0.05099945729636614;0.018406607244418602;0.19506188708742653;0.20415679934685294;0.07687882638288208;0.09457092000051022;1610752128;29610352866;25773998082;1073872896;167;354;97;133;;;;random_461
1;0.35536557504575755;0.038265523519394884;0.00450023963246392;0.001360380912786598;0.016291722576489084;0.3531279735521729;0.10437146840750454;0.12671711635343055;18794832000;29611143330;25773998082;1073872896;242;312;78;119;-7.824544194556494;0.078125;0.046875;random_461
2;0.326750262895755;0.044198573883272224;0.014990482517601786;0.10046859004418061;0.04507434361085663;0.2955134916421756;0.09702075941669602;0.07598349598946207;18794832000;29610352866;25773998082;1073872896;221;333;96;101;-7.821835806038367;0.09375;0.046875;random_461
3;0.1630698429893746;0.00407268318921882;0.09797735637200568;0.2025790815233156;0.07132255533094715;0.3329994162083449;0.0012882034078602433;0.12669086097893295;18794807424;29610352866;9663815682;1073872896;174;342;140;95;-7.805498956514434;0.078125;0.0625;random_461
4;0.2380546354771868;0.11173900989189237;0.026105787627590093;0.2538020055267487;0.04185444016434565;0.24887557479368702;0.006384928033296779;0.07318361848525257;18794807424;29610352866;9663815682;1073872896;204;360;126;61;-7.834757972365072;0.078125;0.0625;random_461
5;0.29733882025190816;0.006585438005213238;0.09639513903075424;0.2184823345993384;0.06785395966563444;0.29924815921097253;0.009175559626182243;0.004920589609996752;18794807424;29610352866;9663815682;1073872896;202;346;142;61;-7.862590626553644;0.078125;0.046875;random_461
6;0.1630698429893746;0.00407268318921882;0.09797735637200568;0.2025790815233156;0.07132255533094715;0.3329994162083449;0.0012882034078602433;0.12669086097893295;18794807424;29610352866;9663815682;1073872896;174;342;140;95;-7.84660951013163;0.078125;0.046875;random_461
7;0.2380546354771868;0.11173900989189237;0.026105787627590093;0.2538020055267487;0.04185444016434565;0.24887557479368702;0.006384928033296779;0.07318361848525257;18794807424;29610352866;9663815682;1073872896;204;359;127;61;-7.834757972365072;0.09375;0.046875;random_461
8;0.29733882025190816;0.006585438005213238;0.09639513903075424;0.2184823345993384;0.06785395966563444;0.29924815921097253;0.009175559626182243;0.004920589609996752;18794807424;29610352866;9663815682;1073872896;203;345;142;61;-7.863042559819619;0.09375;0.03125;random_461
9;0.1630698429893746;0.00407268318921882;0.09797735637200568;0.2025790815233156;0.07132255533094715;0.3329994162083449;0.0012882034078602433;0.12669086097893295;18794807424;29610352866;9663815682;1073872896;174;342;140;95;-7.846538005961898;0.078125;;random_461
0;0.03780797908917902;0.18475073370576633;0.10973834995310697;0.20890122454922164;0.15018146377130137;0.011130039300763638;0.08713710331995653;0.21035310631070442;536871040;29610352866;2415919104;35433613312;76;464;25;186;;;;random_462
1;0.22350086628715765;0.0027692807665022075;0.05262966994137647;0.43884178522662964;0.04310337257013177;0.00745609202988119;0.05762348469859703;0.17407544847972403;1610752128;29610352866;2415919136;1073872896;155;431;46;119;-7.787629982219313;0.09375;0.03125;random_462
2;0.22350086628715765;0.0027692807665022075;0.05262966994137647;0.43884178522662964;0.04310337257013177;0.00745609202988119;0.05762348469859703;0.17407544847972403;1610752128;29610352866;2415919136;1073872896;155;432;46;118;-7.872818554810086;0.078125;0.03125;random_462
3;0.22350086628715765;0.0027692807665022075;0.05262966994137647;0.43884178522662964;0.04310337257013177;0.00745609202988119;0.05762348469859703;0.17407544847972403;1610752128;29610352866;2415919136;1073872896;155;432;46;118;-7.872377247269405;0.09375;;random_462
0;0.13359079649179895;0.1228000901346615;0.13056041048140346;0.11746218221743604;0.12446821922389853;0.12044888465642237;0.10355998510898662;0.1471094316853927;2684354720;46506575906;29602427378;18257936384;86;193;294;178;;;;random_463
1;0.22350086628715765;0.0027692807665022075;0.05262966994137647;0.43884178522662964;0.04310337257013177;0.00745609202988119;0.05762348469859703;0.17407544847972403;2952790176;46506575906;64229881568;18257936384;91;208;229;223;-7.766313772765869;0.078125;0.046875;random_463
2;0.22350086628715765;0.0027692807665022075;0.05262966994137647;0.43884178522662964;0.04310337257013177;0.00745609202988119;0.05762348469859703;0.17407544847972403;2952790176;46506575906;64229881568;18257936384;91;208;229;223;-7.886525219607982;0.09375;0.046875;random_463
3;0.22350086628715765;0.0027692807665022075;0.05262966994137647;0.43884178522662964;0.04310337257013177;0.00745609202988119;0.05762348469859703;0.17407544847972403;2952790176;46506575906;64229881568;18257936384;91;208;229;223;-7.886525219607982;0.09375;;random_463
0;0.1449896933725748;0.186484567758882;0.15752968776324827;0.08209465616579592;0.1263099357889855;0.021588037273365977;0.12773775844619129;0.15326566343095605;2684354720;46802282550;26915008834;18257936384;108;247;205;191;;;;random_464
1;0.23100146817560832;0.28560526106641454;0.048180961704098677;0.07155834578377031;0.1489056167349243;0.024893341860084312;0.01694696935742803;0.1729080353176716;2684354720;64205240658;9730924610;1073872896;145;333;143;130;-7.741576570259864;0.078125;0.046875;random_464
2;0.23100146817560832;0.28560526106641454;0.048180961704098677;0.07155834578377031;0.1489056167349243;0.024893341860084312;0.01694696935742803;0.1729080353176716;2684354720;64205240658;9730924610;1073872896;146;332;143;130;-7.80275961143092;0.078125;0.046875;random_464
3;0.23100146817560832;0.28560526106641454;0.048180961704098677;0.07155834578377031;0.1489056167349243;0.024893341860084312;0.01694696935742803;0.1729080353176716;2684354720;64205240658;9730924610;1073872896;146;332;143;130;-7.802748776940546;0.09375;;random_464
0;0.0395677690887869;0.09340902665986911;0.10573331530130249;0.09638138504937449;0.14839241117790258;0.06138544373420685;0.30994438565547383;0.14518626333308374;2684354720;46802282550;29602427378;18257936384;66;240;247;198;;;;random_465
1;0.3127395544515776;0.010481448472760953;0.10544075674610713;0.12173906956304593;0.07394625113892496;0.04604990964929312;0.3270350771296573;0.002567932848633015;2684354720;46802282550;29632917990;18257936384;58;207;281;205;-7.723313841387956;0.078125;0.046875;random_465
2;0.22350086628715765;0.0027692807665022075;0.05262966994137647;0.43884178522662964;0.04310337257013177;0.00745609202988119;0.05762348469859703;0.17407544847972403;2684354720;46506575906;29058605408;18257936384;106;204;208;233;-7.753208805869693;0.09375;0.03125;random_465
3;0.22350086628715765;0.0027692807665022075;0.05262966994137647;0.43884178522662964;0.04310337257013177;0.00745609202988119;0.05762348469859703;0.17407544847972403;2684354720;46506575906;29058605408;18257936384;106;204;208;233;-7.898021290110449;0.078125;0.046875;random_465
4;0.22350086628715765;0.0027692807665022075;0.05262966994137647;0.43884178522662964;0.04310337257013177;0.00745609202988119;0.05762348469859703;0.17407544847972403;2684354720;46506575906;29058605408;18257936384;106;204;208;233;-7.898021290110449;0.09375;;random_465
0;0.0426067788775656;0.20668758432053366;0.06255232651807746;0.020214833382502382;0.056857262140801924;0.1462394627834358;0.24147531488625748;0.22336643709082574;34359740416;29609828386;2415919104;10200686786;106;336;48;261;;;;random_466
1;0.22731867997325075;0.21778282490020726;0.0233660952490885;0.051560957778979975;0.16741693497194463;0.09283113520877237;0.015945684424607864;0.2037776874931487;35433613312;29609828386;2415919104;10200686786;213;282;54;202;-7.740752186496781;0.078125;0.046875;random_466
2;0.22731867997325075;0.21778282490020726;0.0233660952490885;0.051560957778979975;0.16741693497194463;0.09283113520877237;0.015945684424607864;0.2037776874931487;35433613312;29609828386;2415919104;10200686786;213;282;54;202;-7.768927394690934;0.078125;0.046875;random_466
3;0.22731867997325075;0.21778282490020726;0.0233660952490885;0.051560957778979975;0.16741693497194463;0.09283113520877237;0.015945684424607864;0.2037776874931487;35433613312;29609828386;2415919104;10200686786;213;282;54;202;-7.768927394690934;0.078125;;random_466
0;0.0016922763240182403;0.25787020971970576;0.10912000230700866;0.2209510817012623;0.01062087094253909;0.12800637015166294;0.006374667433480025;0.26536452142032313;44090656770;10209603776;63971487074;29800542402;166;150;251;184;;;;random_467
1;0.16004075592954609;0.2345514824659127;0.04907785364761137;0.22693157693095128;0.034158416666149445;0.2434845265046997;0.0016681322949208858;0.050087255560208516;44090656770;1073881088;29610352866;20673732608;182;131;324;114;-7.702910578060268;0.078125;0.046875;random_467
2;0.2380546354771868;0.11173900989189237;0.026105787627590093;0.2538020055267487;0.04185444016434565;0.24887557479368702;0.006384928033296779;0.07318361848525257;44090656770;1073881088;29610352866;20673732608;177;136;330;108;-7.824651808294574;0.078125;0.046875;random_467
3;0.2380546354771868;0.11173900989189237;0.026105787627590093;0.2538020055267487;0.04185444016434565;0.24887557479368702;0.006384928033296779;0.07318361848525257;44090656770;1073881088;29610352866;20673732608;177;136;330;108;-7.826996287496125;0.078125;;random_467
0;0.046782931724857535;0.1687853911873206;0.06932750089240025;0.03386755859215682;0.23277851872407346;0.14888707150690797;0.22285371883339813;0.07671730853888518;2684354720;59943335988;9730785282;29534331042;67;235;100;349;;;;random_468
1;0.30600542788061164;0.20918285126727443;0.0009928944097134587;0.04587825701985111;0.22191881608102218;0.020865760664538838;0.13894495278534882;0.05621103989163949;2684354720;61807491474;9730916418;29534331042;58;239;137;317;-7.743228614724728;0.09375;0.046875;random_468
2;0.23100146817560832;0.28560526106641454;0.048180961704098677;0.07155834578377031;0.1489056167349243;0.024893341860084312;0.01694696935742803;0.1729080353176716;2684354720;61207611458;1073872896;29610352866;76;224;131;320;-7.785954140458314;0.078125;0.046875;random_468
3;0.2963177614337514;0.25714294623322764;0.10802448581574585;0.006813970576452823;0.16620558015219397;0.04051311730045964;0.0017104719231181037;0.12327166656505047;2684354720;61274851586;1073872896;29610352866;73;243;125;310;-7.799224868001954;0.078125;0.046875;random_468
4;0.23100146817560832;0.28560526106641454;0.048180961704098677;0.07155834578377031;0.1489056167349243;0.024893341860084312;0.01694696935742803;0.1729080353176716;2684354720;61274851586;1073872896;29610352866;76;217;130;328;-7.786800496728075;0.078125;0.0625;random_468
5;0.2963177614337514;0.25714294623322764;0.10802448581574585;0.006813970576452823;0.16620558015219397;0.04051311730045964;0.0017104719231181037;0.12327166656505047;2684354720;61274851586;1073872896;29610352866;73;243;125;310;-7.796522596751603;0.078125;0.046875;random_468
6;0.23100146817560832;0.28560526106641454;0.048180961704098677;0.07155834578377031;0.1489056167349243;0.024893341860084312;0.01694696935742803;0.1729080353176716;2684354720;61274851586;1073872896;29610352866;77;216;130;328;-7.786800496728075;0.078125;0.046875;random_468
7;0.2963177614337514;0.25714294623322764;0.10802448581574585;0.006813970576452823;0.16620558015219397;0.04051311730045964;0.0017104719231181037;0.12327166656505047;2684354720;61274851586;1073872896;29610352866;73;243;125;310;-7.796904524902714;0.078125;;random_468
0;0.14613220866085042;0.16582822356765858;0.06959101774977101;0.1592155239339207;0.059007875033960634;0.05716135825829341;0.1753463714043686;0.16771742139117657;2684354720;46802282550;26915008834;18257936384;94;271;210;176;;;;random_469
1;0.22534664185517564;0.05473022590597064;0.04370540587851102;0.4238658290767968;0.14961413281164507;0.01356000952497718;0.08563642330202419;0.0035413316448995357;2684354720;46802282550;29530141040;18257936384;84;240;188;239;-7.767802699075501;0.078125;0.046875;random_469
2;0.22350086628715765;0.0027692807665022075;0.05262966994137647;0.43884178522662964;0.04310337257013177;0.00745609202988119;0.05762348469859703;0.17407544847972403;2952790176;46506575906;64229881568;18257936384;91;208;229;223;-7.878740952380406;0.078125;0.046875;random_469
3;0.22350086628715765;0.0027692807665022075;0.05262966994137647;0.43884178522662964;0.04310337257013177;0.00745609202988119;0.05762348469859703;0.17407544847972403;2952790176;46506575906;64229881568;18257936384;91;208;229;223;-7.886525219607982;0.078125;0.046875;random_469
4;0.22350086628715765;0.0027692807665022075;0.05262966994137647;0.43884178522662964;0.04310337257013177;0.00745609202988119;0.05762348469859703;0.17407544847972403;2952790176;46506575906;64229881568;18257936384;91;208;229;223;-7.886525219607982;0.078125;;random_469
0;0.14102281264830901;0.1698465848599531;0.08112596388951294;0.10464985109875825;0.15188316754599746;0.08096387199500413;0.16855531520154257;0.10195243276092257;2684354720;46802282550;29602427378;18257936384;61;222;272;196;;;;random_47
1;0.3213706583755633;0.11903814318268968;0.017556143254973008;0.27872367736218245;0.15140872368796396;0.0725830103446137;0.006198745360259357;0.03312089843175478;2684354720;44090656770;29610352866;18257944576;95;168;297;191;-7.764174526027705;0.078125;0.046875;random_47
2;0.22350086628715765;0.0027692807665022075;0.05262966994137647;0.43884178522662964;0.04310337257013177;0.00745609202988119;0.05762348469859703;0.17407544847972403;2952790176;44090656770;64229881568;18257936384;90;201;237;223;-7.831952963351711;0.078125;0.03125;random_47
3;0.22350086628715765;0.0027692807665022075;0.05262966994137647;0.43884178522662964;0.04310337257013177;0.00745609202988119;0.05762348469859703;0.17407544847972403;2952790176;44090656770;64229881568;18257936384;90;201;237;223;-7.886907146226282;0.078125;0.046875;random_47
4;0.22350086628715765;0.0027692807665022075;0.05262966994137647;0.43884178522662964;0.04310337257013177;0.00745609202988119;0.05762348469859703;0.17407544847972403;2952790176;44090656770;64229881568;18257936384;90;201;237;223;-7.886907146226282;0.09375;;random_47
0;0.04563164460032595;0.1671034106825273;0.06835372767958589;0.1954545048810944;0.16962145293234426;0.18061960764347926;0.11450378438211059;0.058711867198532365;1610752128;63355365730;2415919104;10200690818;161;369;72;149;;;;random_470
1;0.2380546354771868;0.11173900989189237;0.026105787627590093;0.2538020055267487;0.04185444016434565;0.24887557479368702;0.006384928033296779;0.07318361848525257;1073881088;63355365730;2415919104;10200686722;144;333;72;202;-7.811841467373766;0.09375;0.046875;random_470
2;0.2380546354771868;0.11173900989189237;0.026105787627590093;0.2538020055267487;0.04185444016434565;0.24887557479368702;0.006384928033296779;0.07318361848525257;1073881088;63355365730;2415919104;10200686722;144;333;72;202;-7.824406495870247;0.078125;0.03125;random_470
3;0.2380546354771868;0.11173900989189237;0.026105787627590093;0.2538020055267487;0.04185444016434565;0.24887557479368702;0.006384928033296779;0.07318361848525257;1073881088;63355365730;2415919104;10200686722;144;333;72;202;-7.824406495870247;0.09375;;random_470
0;0.05660867139277271;0.15128275976702485;0.1924496230735244;0.21258912913804187;0.048830107477262484;0.15358008502950116;0.12498466877580273;0.059674955346069855;1610752128;61746587650;29058605408;8589934594;135;250;298;68;;;;random_471
1;0.2612206543758201;0.12298541394328338;0.08618795032956693;0.3612386279953682;0.08139311465758489;0.015019051858791096;0.04411887907697158;0.027836307762614036;1610752128;61746587650;29058605408;8589934594;225;237;223;66;-7.776860309425746;0.09375;0.046875;random_471
2;0.22350086628715765;0.0027692807665022075;0.05262966994137647;0.43884178522662964;0.04310337257013177;0.00745609202988119;0.05762348469859703;0.17407544847972403;1610752128;61746587650;29058605408;8589934594;236;215;228;72;-7.797745339517503;0.09375;0.046875;random_471
3;0.22350086628715765;0.0027692807665022075;0.05262966994137647;0.43884178522662964;0.04310337257013177;0.00745609202988119;0.05762348469859703;0.17407544847972403;1610752128;61746587650;29058605408;8589934594;236;215;228;72;-7.805193905006;0.09375;;random_471
0;0.15645362364355503;0.07806626280753955;0.15138685165134924;0.05661838275747128;0.25462724412029897;0.09566187507216088;0.17268637884215363;0.034499381105471454;9126805634;2147483680;29534331042;1073872896;80;46;462;163;;;;random_472
1;0.3086039767568082;0.01477073413797133;0.18305852282393942;0.25485428715448133;0.019954304507496367;0.10306607064900003;0.09026015647529938;0.02543194749500394;43486546050;2147483680;29610352866;1073872896;121;56;429;145;-7.777460824705366;0.09375;0.0625;random_472
2;0.21441745143005972;0.1441016272306112;0.044044851136924176;0.40824856950054417;0.1047067635431164;0.013060393434033321;0.06800949180181319;0.0034108519228977572;44585596934;2147483680;29610352866;1073872896;216;47;312;176;-7.81037135131685;0.09375;0.046875;random_472
3;0.22350086628715765;0.0027692807665022075;0.05262966994137647;0.43884178522662964;0.04310337257013177;0.00745609202988119;0.05762348469859703;0.17407544847972403;44090656770;2415919136;64229881568;1073872896;195;48;346;162;-7.8325962964626115;0.09375;0.046875;random_472
4;0.22350086628715765;0.0027692807665022075;0.05262966994137647;0.43884178522662964;0.04310337257013177;0.00745609202988119;0.05762348469859703;0.17407544847972403;44090656770;2415919136;64229881568;1073872896;195;48;345;163;-7.864914607260789;0.09375;0.046875;random_472
5;0.22350086628715765;0.0027692807665022075;0.05262966994137647;0.43884178522662964;0.04310337257013177;0.00745609202988119;0.05762348469859703;0.17407544847972403;44090656770;2415919136;64229881568;1073872896;195;48;345;163;-7.86499269525641;0.09375;;random_472
0;0.1328653370898482;0.057371023855601305;0.20172448259975256;0.08312382589561924;0.12809694380595565;0.0455132271268183;0.18167809933993745;0.16962706028646707;2684354720;46802282550;29327761760;18257936384;94;252;192;213;;;;random_473
1;0.18318474194280035;0.010794611384182744;0.16255239241601063;0.38656563253934206;0.10288231185442252;0.006322020414120675;0.0011557614474971064;0.14654252800162387;3758620832;46506575906;29004800096;1073872896;164;212;272;103;-7.725602526080159;0.078125;0.046875;random_473
2;0.22350086628715765;0.0027692807665022075;0.05262966994137647;0.43884178522662964;0.04310337257013177;0.00745609202988119;0.05762348469859703;0.17407544847972403;20938367392;46506575906;29004800096;1073872896;209;204;210;128;-7.873708334609485;0.09375;0.046875;random_473
3;0.22350086628715765;0.0027692807665022075;0.05262966994137647;0.43884178522662964;0.04310337257013177;0.00745609202988119;0.05762348469859703;0.17407544847972403;20938367392;46506575906;29004800096;1073872896;209;204;210;128;-7.905235202070772;0.078125;0.0625;random_473
4;0.22350086628715765;0.0027692807665022075;0.05262966994137647;0.43884178522662964;0.04310337257013177;0.00745609202988119;0.05762348469859703;0.17407544847972403;20938367392;46506575906;29004800096;1073872896;209;204;210;128;-7.905235202070772;0.078125;;random_473
0;0.06508950611240297;0.2414135690880798;0.010640451195387153;0.1994200763484288;0.12132804858602637;0.22138363926446183;0.12334648240090336;0.017378227004309826;2684354720;46802282550;9730924610;18257936384;102;272;207;170;;;;random_474
1;0.2500791569798219;0.2354027773027801;0.014862273932091507;0.2486842722487812;0.05416282486031248;0.14072914265149306;0.02574566700541392;0.030333885019305878;2684354720;46707902626;26915008834;18257944576;91;259;208;193;-7.805840351063459;0.078125;0.046875;random_474
2;0.2500791569798219;0.2354027773027801;0.014862273932091507;0.2486842722487812;0.05416282486031248;0.14072914265149306;0.02574566700541392;0.030333885019305878;2684354720;46707902626;26915008834;18257944576;91;258;208;194;-7.841976666986609;0.09375;0.046875;random_474
3;0.2500791569798219;0.2354027773027801;0.014862273932091507;0.2486842722487812;0.05416282486031248;0.14072914265149306;0.02574566700541392;0.030333885019305878;2684354720;46707902626;26915008834;18257944576;91;258;208;194;-7.841529940448411;0.09375;;random_474
0;0.077313189171202;0.339350279497711;0.11404478365941553;0.05470735813422654;0.27500586943434413;0.015380979071371818;0.022663313254939442;0.10153422777678944;2684354720;46506575906;9730924610;18257944576;138;230;196;187;;;;random_475
1;0.23100146817560832;0.28560526106641454;0.048180961704098677;0.07155834578377031;0.1489056167349243;0.024893341860084312;0.01694696935742803;0.1729080353176716;3758620832;63355365730;9730924610;18257944576;204;265;127;155;-7.78744191242527;0.09375;0.046875;random_475
2;0.3009794954409362;0.2884026606562115;0.07313247298706087;0.0990417587347784;0.0334714322942545;0.11210036441397392;0.014095818097504613;0.0787759973752799;3758620832;63355365730;9730924610;18257944576;174;273;138;166;-7.799161684803336;0.09375;0.046875;random_475
3;0.2366789100818342;0.1819432033667347;0.02595492144120827;0.25233527557337193;0.12282527776671816;0.1402530047885955;0.006348029328823759;0.033661377652713445;3758620832;63355365730;9730924610;18257944576;147;294;155;155;-7.810518653587019;0.09375;0.03125;random_475
4;0.2366789100818342;0.1819432033667347;0.02595492144120827;0.25233527557337193;0.12282527776671816;0.1402530047885955;0.006348029328823759;0.033661377652713445;3758620832;63355365730;9730924610;18257944576;147;294;155;155;-7.832480618123403;0.078125;;random_475
0;0.011520803603075237;0.24200789887657506;0.16797882790828753;0.1262854484740571;0.19569563532890358;0.16101737101794242;0.04211203499400796;0.05338197979715129;536871040;26847870978;2415919104;63355365730;53;212;79;407;;;;random_476
1;0.1630698429893746;0.00407268318921882;0.09797735637200568;0.2025790815233156;0.07132255533094715;0.3329994162083449;0.0012882034078602433;0.12669086097893295;1073881088;26847870978;3489800192;63967544802;119;210;97;325;-7.751182015698369;0.09375;0.03125;random_476
2;0.1630698429893746;0.00407268318921882;0.09797735637200568;0.2025790815233156;0.07132255533094715;0.3329994162083449;0.0012882034078602433;0.12669086097893295;1073881088;26847870978;3489800192;63967544802;119;210;97;325;-7.839951300469603;0.078125;0.03125;random_476
3;0.1630698429893746;0.00407268318921882;0.09797735637200568;0.2025790815233156;0.07132255533094715;0.3329994162083449;0.0012882034078602433;0.12669086097893295;1073881088;26847870978;3489800192;63967544802;119;210;97;325;-7.839951300469603;0.09375;;random_476
0;0.2160459194965892;0.08389950340300432;0.1114573081990126;0.09738830365051472;0.0129548260958292;0.17543076992506956;0.1344722482328433;0.16835112099713712;536871040;42949675010;29610352866;18257944576;66;103;391;191;;;;random_477
1;0.2235164133347643;0.044984565607968305;0.048652968654094186;0.19092340394814344;0.018184106688373433;0.2577698068560201;0.009798790277745441;0.20616994463289068;1610752128;44090656770;29610352866;1073872896;134;158;364;95;-7.770447975319331;0.0625;0.03125;random_477
2;0.2380546354771868;0.11173900989189237;0.026105787627590093;0.2538020055267487;0.04185444016434565;0.24887557479368702;0.006384928033296779;0.07318361848525257;1610752128;44090656770;29610352866;1073872896;113;174;376;88;-7.819902638666881;0.078125;0.046875;random_477
3;0.2380546354771868;0.11173900989189237;0.026105787627590093;0.2538020055267487;0.04185444016434565;0.24887557479368702;0.006384928033296779;0.07318361848525257;1610752128;44090656770;29610352866;1073872896;113;174;376;88;-7.829464519816589;0.078125;;random_477
0;0.06812258832984956;0.09962940808300277;0.047168655063597464;0.10275572128934528;0.16000181171577801;0.2312990740049475;0.1624418501319318;0.1285808913815476;2684354720;68202200486;29610352866;1073872896;75;165;354;157;;;;random_478
1;0.40072647367377445;0.00310362567010429;0.0033302005369709063;0.3927380356007213;0.046225443549343416;0.03708592971439797;0.06602574663090753;0.05076454462378014;2684354720;63944488370;27395236032;1073872896;87;280;216;168;-7.768860342721826;0.09375;0.046875;random_478
2;0.22350086628715765;0.0027692807665022075;0.05262966994137647;0.43884178522662964;0.04310337257013177;0.00745609202988119;0.05762348469859703;0.17407544847972403;2684354720;61208149506;27395236032;1073872896;105;236;260;150;-7.854800960761978;0.09375;0.03125;random_478
3;0.22350086628715765;0.0027692807665022075;0.05262966994137647;0.43884178522662964;0.04310337257013177;0.00745609202988119;0.05762348469859703;0.17407544847972403;2684354720;61208149506;27395236032;1073872896;105;236;260;150;-7.86841256604295;0.078125;0.046875;random_478
4;0.22350086628715765;0.0027692807665022075;0.05262966994137647;0.43884178522662964;0.04310337257013177;0.00745609202988119;0.05762348469859703;0.17407544847972403;2684354720;61208149506;27395236032;1073872896;105;236;260;150;-7.86841256604295;0.078125;;random_478
0;0.11223193038345339;0.028450954291979937;0.12859554351986136;0.041809440736157964;0.15692875872754322;0.1968383550592128;0.25512822301880983;0.08001679426298136;34896611456;2147483680;8589934594;27386847234;73;160;40;478;;;;random_479
1;0.20513901474327248;0.0038860390042853073;0.09344825267747821;0.17578699463296443;0.1817638091753376;0.2906260616697872;0.030928702288541565;0.018421125808333223;1073881088;3296862240;8589934594;27384742082;122;235;63;331;-7.756684714334536;0.078125;0.046875;random_479
2;0.1630698429893746;0.00407268318921882;0.09797735637200568;0.2025790815233156;0.07132255533094715;0.3329994162083449;0.0012882034078602433;0.12669086097893295;1073872896;3296862240;9663815682;27384742082;123;213;106;309;-7.8276875847071095;0.09375;0.046875;random_479
3;0.1630698429893746;0.00407268318921882;0.09797735637200568;0.2025790815233156;0.07132255533094715;0.3329994162083449;0.0012882034078602433;0.12669086097893295;1073872896;3296862240;9663815682;27384742082;123;213;106;309;-7.833673617838076;0.09375;0.046875;random_479
4;0.1630698429893746;0.00407268318921882;0.09797735637200568;0.2025790815233156;0.07132255533094715;0.3329994162083449;0.0012882034078602433;0.12669086097893295;1073872896;3296862240;9663815682;27384742082;123;213;106;309;-7.833673617838076;0.078125;;random_479
0;0.1945578777741794;0.21543590212493877;0.19331498478926953;0.037788233608379566;0.1490765681924355;0.09444642924211709;0.01486572566916486;0.10051427859951524;10200686722;2147483680;29610352866;1073872896;200;61;399;91;;;;random_48
1;0.32144920157107115;0.030418405332752935;0.35303001747303675;0.029498317098007685;0.022320626236508323;0.0371710903647957;0.04787687995529315;0.15823546196853439;10200686722;2415919136;29610352866;1073872896;217;44;391;99;-7.806024864087152;0.09375;0.046875;random_48
2;0.18153155597111703;0.018499239378718394;0.29694500048040506;0.06215625728962643;0.3024017672827637;0.04651591436108697;0.008327125938963313;0.0836231392973191;10200686722;2415919136;29610352866;1073872896;217;69;387;78;-7.801709844814822;0.09375;0.03125;random_48
3;0.2733434987265134;0.009451244750347686;0.2398005343986876;0.2401717970099991;0.14574613539676542;0.02565288041491666;0.03355627799325328;0.03227763130951691;10200686722;2415919136;29610352866;1073872896;174;50;405;122;-7.812378201971715;0.09375;0.046875;random_48
4;0.21441745143005972;0.1441016272306112;0.044044851136924176;0.40824856950054417;0.1047067635431164;0.013060393434033321;0.06800949180181319;0.0034108519228977572;10200686722;2415919136;29542588512;1073872896;212;53;281;205;-7.804325296201768;0.09375;0.0625;random_48
5;0.37340059868882525;0.034454710893647704;0.021988553198505963;0.4433429767374552;0.03507017768372346;0.0141831083682436;0.0738558143111319;0.0037040601184669896;61746587650;2415919136;29530141040;1073872896;274;53;249;175;-7.903059945135238;0.09375;0.046875;random_48
6;0.22350086628715765;0.0027692807665022075;0.05262966994137647;0.43884178522662964;0.04310337257013177;0.00745609202988119;0.05762348469859703;0.17407544847972403;29534331042;2415919136;29532451296;1073872896;321;49;229;152;-7.840185084050576;0.09375;0.046875;random_48
7;0.22350086628715765;0.0027692807665022075;0.05262966994137647;0.43884178522662964;0.04310337257013177;0.00745609202988119;0.05762348469859703;0.17407544847972403;29534331042;2415919136;29532451296;1073872896;321;49;229;152;-7.836771612334012;0.09375;0.046875;random_48
8;0.22350086628715765;0.0027692807665022075;0.05262966994137647;0.43884178522662964;0.04310337257013177;0.00745609202988119;0.05762348469859703;0.17407544847972403;29534331042;2415919136;29532451296;1073872896;321;49;229;152;-7.836771612334012;0.09375;;random_48
0;0.10161801159449606;0.04684039524900157;0.22477531855963384;0.2109849341256446;0.1984096362290427;0.014667721241273577;0.14253447529753135;0.06016950770337633;1610752128;63988251895;18257936384;10200686722;153;293;160;145;;;;random_480
1;0.22350086628715765;0.0027692807665022075;0.05262966994137647;0.43884178522662964;0.04310337257013177;0.00745609202988119;0.05762348469859703;0.17407544847972403;1610752128;64229881568;1073872896;9663815682;145;284;137;185;-7.78030067674203;0.09375;0.03125;random_480
2;0.22350086628715765;0.0027692807665022075;0.05262966994137647;0.43884178522662964;0.04310337257013177;0.00745609202988119;0.05762348469859703;0.17407544847972403;1610752128;64229881568;1073872896;9663815682;145;284;137;185;-7.894462095249555;0.078125;0.046875;random_480
3;0.22350086628715765;0.0027692807665022075;0.05262966994137647;0.43884178522662964;0.04310337257013177;0.00745609202988119;0.05762348469859703;0.17407544847972403;1610752128;64229881568;1073872896;9663815682;145;284;137;185;-7.894462095249555;0.09375;;random_480
0;0.04129709098461702;0.2696937315308433;0.07300564763030375;0.17280387913537057;0.18152828721985606;0.07359244557716671;0.1698535385372367;0.01822537938460585;1610752128;63355365730;29264060480;10276184194;155;263;170;163;;;;random_481
1;0.2500791569798219;0.2354027773027801;0.014862273932091507;0.2486842722487812;0.05416282486031248;0.14072914265149306;0.02574566700541392;0.030333885019305878;1610752128;63355365730;29264060480;10200686722;190;270;165;126;-7.781198503978066;0.078125;0.046875;random_481
2;0.2366789100818342;0.1819432033667347;0.02595492144120827;0.25233527557337193;0.12282527776671816;0.1402530047885955;0.006348029328823759;0.033661377652713445;1610752128;63355365730;29263667264;10200686722;189;265;162;135;-7.814268203200785;0.078125;0.046875;random_481
3;0.2366789100818342;0.1819432033667347;0.02595492144120827;0.25233527557337193;0.12282527776671816;0.1402530047885955;0.006348029328823759;0.033661377652713445;1610752128;63355365730;29263667264;10200686722;190;265;161;135;-7.813625527243016;0.078125;0.046875;random_481
4;0.2366789100818342;0.1819432033667347;0.02595492144120827;0.25233527557337193;0.12282527776671816;0.1402530047885955;0.006348029328823759;0.033661377652713445;1610752128;63355365730;29263667264;10200686722;190;265;161;135;-7.812849142141296;0.078125;;random_481
0;2.0650220453754766e-05;0.2509169450321985;0.11845467409882808;0.25864061274110717;0.14146180166676806;0.12287820212724745;0.08434342899036637;0.023283685123030536;2952790176;9663815682;29004800096;37581096992;80;236;264;171;;;;random_482
1;0.22350086628715765;0.0027692807665022075;0.05262966994137647;0.43884178522662964;0.04310337257013177;0.00745609202988119;0.05762348469859703;0.17407544847972403;2684354720;9663815682;29004800096;1073872896;128;178;258;187;-7.765086130131275;0.078125;0.03125;random_482
2;0.22350086628715765;0.0027692807665022075;0.05262966994137647;0.43884178522662964;0.04310337257013177;0.00745609202988119;0.05762348469859703;0.17407544847972403;2684354720;9663815682;29004800096;1073872896;128;178;258;187;-7.897427499441194;0.078125;0.046875;random_482
3;0.22350086628715765;0.0027692807665022075;0.05262966994137647;0.43884178522662964;0.04310337257013177;0.00745609202988119;0.05762348469859703;0.17407544847972403;2684354720;9663815682;29004800096;1073872896;128;178;258;187;-7.897427499441194;0.078125;;random_482
0;0.06727187588109386;0.13217191918982293;0.16569246060931656;0.1174781262231695;0.16470834457230366;0.03426680286317794;0.12669138580856268;0.19171908485255296;536871040;29610352866;2415919104;35433613312;78;461;28;184;;;;random_483
1;0.2920195788931143;0.06870737072279745;0.021742721315054385;0.12280764330238018;0.10531758242399498;0.09531652098079346;0.005961987102961038;0.28812659525890405;1610752128;29610352866;2415919104;1073872896;140;418;57;136;-7.776042258555718;0.09375;0.046875;random_483
2;0.22350086628715765;0.0027692807665022075;0.05262966994137647;0.43884178522662964;0.04310337257013177;0.00745609202988119;0.05762348469859703;0.17407544847972403;1610752128;29610352866;2415919136;1073872896;155;432;46;118;-7.794758738738083;0.09375;0.03125;random_483
3;0.22350086628715765;0.0027692807665022075;0.05262966994137647;0.43884178522662964;0.04310337257013177;0.00745609202988119;0.05762348469859703;0.17407544847972403;1610752128;29610352866;2415919136;1073872896;155;431;46;119;-7.872377247269405;0.078125;0.046875;random_483
4;0.22350086628715765;0.0027692807665022075;0.05262966994137647;0.43884178522662964;0.04310337257013177;0.00745609202988119;0.05762348469859703;0.17407544847972403;1610752128;29610352866;2415919136;1073872896;155;431;46;119;-7.872818554810086;0.09375;;random_483
0;0.06027767809998177;0.06296266245274103;0.20698169904766966;0.2245772198780854;0.06859810319057445;0.09169681998762841;0.1747180963258147;0.11018772101750472;2415919136;8589934594;29610352866;1073872896;48;94;463;146;;;;random_484
1;0.22350086628715765;0.0027692807665022075;0.05262966994137647;0.43884178522662964;0.04310337257013177;0.00745609202988119;0.05762348469859703;0.17407544847972403;2415919136;9663815682;64229881568;1073872896;49;185;355;162;-7.812942513738402;0.078125;0.03125;random_484
2;0.22350086628715765;0.0027692807665022075;0.05262966994137647;0.43884178522662964;0.04310337257013177;0.00745609202988119;0.05762348469859703;0.17407544847972403;2415919136;9663815682;64229881568;1073872896;49;185;355;162;-7.874687818908609;0.078125;0.046875;random_484
3;0.22350086628715765;0.0027692807665022075;0.05262966994137647;0.43884178522662964;0.04310337257013177;0.00745609202988119;0.05762348469859703;0.17407544847972403;2415919136;9663815682;64229881568;1073872896;49;185;355;162;-7.874687818908609;0.09375;;random_484
0;0.11823844120813302;0.0940642328000454;0.14659249468827845;0.16028012300163827;0.1636791460256825;0.1158725974568719;0.11607326328290894;0.08519970153644149;2415919104;46707902626;26915008834;1610752128;59;285;263;144;;;;random_485
1;0.2380546354771868;0.11173900989189237;0.026105787627590093;0.2538020055267487;0.04185444016434565;0.24887557479368702;0.006384928033296779;0.07318361848525257;2415919104;46707902626;26847748162;1610752128;73;301;228;149;-7.787676230422453;0.09375;0.046875;random_485
2;0.2380546354771868;0.11173900989189237;0.026105787627590093;0.2538020055267487;0.04185444016434565;0.24887557479368702;0.006384928033296779;0.07318361848525257;2415919104;46707902626;26847748162;1610752128;73;301;228;149;-7.822032161886425;0.109375;0.03125;random_485
3;0.2380546354771868;0.11173900989189237;0.026105787627590093;0.2538020055267487;0.04185444016434565;0.24887557479368702;0.006384928033296779;0.07318361848525257;2415919104;46707902626;26847748162;1610752128;73;301;228;149;-7.822032161886425;0.09375;;random_485
0;0.008799592225354935;0.09533785929107047;0.02029814716521239;0.13950624319473945;0.2707000659423251;0.19017910639495303;0.2152676801825218;0.05991130560382289;1610752128;50466031650;12088123456;29528301986;162;124;210;255;;;;random_486
1;0.14045757516320512;0.1348017633944483;0.01599554688948422;0.3108233795638428;0.14365623681311981;0.18333405416819815;0.01817567120874035;0.05275577279896114;1073881088;63352015138;29264060480;29528301986;165;164;208;214;-7.774235272928104;0.078125;0.03125;random_486
2;0.2500791569798219;0.2354027773027801;0.014862273932091507;0.2486842722487812;0.05416282486031248;0.14072914265149306;0.02574566700541392;0.030333885019305878;1073881088;63352015138;29264060480;29528301986;154;204;176;217;-7.810380066738683;0.078125;0.03125;random_486
3;0.2366789100818342;0.1819432033667347;0.02595492144120827;0.25233527557337193;0.12282527776671816;0.1402530047885955;0.006348029328823759;0.033661377652713445;1073881088;63352015138;29263667264;29528301986;153;191;190;217;-7.816025272859049;0.09375;0.046875;random_486
4;0.2500791569798219;0.2354027773027801;0.014862273932091507;0.2486842722487812;0.05416282486031248;0.14072914265149306;0.02574566700541392;0.030333885019305878;1073881088;63352015138;29264060480;29528301986;154;204;176;217;-7.8150983789997435;0.09375;0.03125;random_486
5;0.2366789100818342;0.1819432033667347;0.02595492144120827;0.25233527557337193;0.12282527776671816;0.1402530047885955;0.006348029328823759;0.033661377652713445;1073881088;63352015138;29263667264;29528301986;154;191;190;216;-7.816025272859049;0.078125;0.046875;random_486
6;0.2500791569798219;0.2354027773027801;0.014862273932091507;0.2486842722487812;0.05416282486031248;0.14072914265149306;0.02574566700541392;0.030333885019305878;1073881088;63352015138;29264060480;29528301986;154;204;176;217;-7.815665979440775;0.09375;;random_486
0;0.09619616494918373;0.05990646615129683;0.3094577303888137;0.10293839514944332;0.20650117971346615;0.05182618095040696;0.04553202544369356;0.12764185725369576;2952790176;9663815682;29610352866;1073872896;119;124;396;112;;;;random_487
1;0.1562018054199649;0.006950464834253494;0.3408645974072264;0.3261442703629828;0.014125274388024404;0.0908238181771833;0.007472429266209081;0.0574173401441554;2952790176;9663815682;29610352866;1073872896;108;135;396;112;-7.80984777980121;0.09375;0.046875;random_487
2;0.22350086628715765;0.0027692807665022075;0.05262966994137647;0.43884178522662964;0.04310337257013177;0.00745609202988119;0.05762348469859703;0.17407544847972403;2684354720;9663815682;64229881568;1073872896;97;185;303;166;-7.827948769569405;0.09375;0.03125;random_487
3;0.22350086628715765;0.0027692807665022075;0.05262966994137647;0.43884178522662964;0.04310337257013177;0.00745609202988119;0.05762348469859703;0.17407544847972403;2684354720;9663815682;64229881568;1073872896;97;185;303;166;-7.88720497889541;0.078125;0.03125;random_487
4;0.22350086628715765;0.0027692807665022075;0.05262966994137647;0.43884178522662964;0.04310337257013177;0.00745609202988119;0.05762348469859703;0.17407544847972403;2684354720;9663815682;64229881568;1073872896;97;185;303;166;-7.88720497889541;0.078125;;random_487
0;0.0963264957487866;0.09588913820207615;0.17522384194568094;0.0921384393636049;0.2241529424134793;0.02643836500107728;0.09470314656094755;0.1951276307643474;536871040;29610352866;2415919104;1073872896;100;476;35;140;;;;random_488
1;0.2945571249331451;0.01597118808156469;0.0218405294248957;0.08846536730368104;0.20823444573155844;0.012134853773557783;0.08267881082850873;0.2761176799230884;536871040;29610352866;2415919136;1073872896;83;462;46;160;-7.793152388731871;0.078125;0.046875;random_488
2;0.24265488072094357;0.04774158604080464;0.12974322700013724;0.165487103809149;0.047542452493914734;0.0021567508552906506;0.0256253964842772;0.33904860259548303;1610752128;29610352866;2415919136;1073872896;140;431;43;137;-7.790194581070166;0.078125;0.03125;random_488
3;0.24265488072094357;0.04774158604080464;0.12974322700013724;0.165487103809149;0.047542452493914734;0.0021567508552906506;0.0256253964842772;0.33904860259548303;1610752128;29610352866;2415919136;1073872896;140;431;43;137;-7.80072073815007;0.09375;0.046875;random_488
4;0.24265488072094357;0.04774158604080464;0.12974322700013724;0.165487103809149;0.047542452493914734;0.0021567508552906506;0.0256253964842772;0.33904860259548303;1610752128;29610352866;2415919136;1073872896;140;431;43;137;-7.80072073815007;0.078125;;random_488
0;0.17905602713338756;0.0354932030212257;0.13051283277785997;0.09183117914027945;0.18764999791391226;0.038568283060245435;0.19914160817442567;0.13774686877866404;2952790176;68189404707;26915008834;18257936384;107;204;258;182;;;;random_489
1;0.22350086628715765;0.0027692807665022075;0.05262966994137647;0.43884178522662964;0.04310337257013177;0.00745609202988119;0.05762348469859703;0.17407544847972403;2684354720;46506575906;29058605408;18257936384;106;204;208;233;-7.726120506096586;0.09375;0.046875;random_489
2;0.22350086628715765;0.0027692807665022075;0.05262966994137647;0.43884178522662964;0.04310337257013177;0.00745609202988119;0.05762348469859703;0.17407544847972403;2684354720;46506575906;29058605408;18257936384;106;204;208;233;-7.898021290110449;0.09375;0.03125;random_489
3;0.22350086628715765;0.0027692807665022075;0.05262966994137647;0.43884178522662964;0.04310337257013177;0.00745609202988119;0.05762348469859703;0.17407544847972403;2684354720;46506575906;29058605408;18257936384;106;204;208;233;-7.898021290110449;0.078125;;random_489
0;0.08583756750184565;0.2817312406896032;0.011051272556913915;0.31821342965143473;0.1179198931173579;0.11836388746892504;0.005418188171272465;0.06146452084264729;2415919104;63352015138;26915008834;1073881088;67;287;239;158;;;;random_49
1;0.2500791569798219;0.2354027773027801;0.014862273932091507;0.2486842722487812;0.05416282486031248;0.14072914265149306;0.02574566700541392;0.030333885019305878;2415919104;63352015138;27384742082;1073872896;70;275;291;115;-7.840644488881367;0.09375;0.046875;random_49
2;0.2500791569798219;0.2354027773027801;0.014862273932091507;0.2486842722487812;0.05416282486031248;0.14072914265149306;0.02574566700541392;0.030333885019305878;2415919104;63352015138;27384742082;1073872896;70;274;291;116;-7.8206200170784985;0.09375;0.046875;random_49
3;0.2500791569798219;0.2354027773027801;0.014862273932091507;0.2486842722487812;0.05416282486031248;0.14072914265149306;0.02574566700541392;0.030333885019305878;2415919104;63352015138;27384742082;1073872896;70;274;291;116;-7.8203634488367495;0.09375;;random_49
0;0.08462790515014651;0.23010885147053742;0.057850114995450966;0.046868123217176066;0.004727493907336348;0.2651607845434829;0.15158014518497648;0.1590765815308931;536871040;42949675010;29534331042;3489800192;65;135;361;190;;;;random_490
1;0.17815620503827187;0.127386538255434;0.028869985885089912;0.06241112950562728;0.1298896977872828;0.33031772435198714;0.026608814510493916;0.11635990466581311;1610752128;44090656770;29610352866;3489800192;203;174;263;111;-7.769323787062075;0.09375;0.03125;random_490
2;0.1630698429893746;0.00407268318921882;0.09797735637200568;0.2025790815233156;0.07132255533094715;0.3329994162083449;0.0012882034078602433;0.12669086097893295;1073872896;44090656770;29610352866;3489800192;138;140;372;101;-7.849058467290883;0.078125;0.03125;random_490
3;0.1630698429893746;0.00407268318921882;0.09797735637200568;0.2025790815233156;0.07132255533094715;0.3329994162083449;0.0012882034078602433;0.12669086097893295;1073872896;44090656770;29610352866;3489800192;138;140;373;100;-7.845974789211035;0.09375;0.046875;random_490
4;0.1630698429893746;0.00407268318921882;0.09797735637200568;0.2025790815233156;0.07132255533094715;0.3329994162083449;0.0012882034078602433;0.12669086097893295;1073872896;44090656770;29610352866;3489800192;138;140;373;100;-7.8456178799126555;0.09375;;random_490
0;0.032962171366885624;0.030955511190274537;0.09586942252949117;0.14827200216770575;0.20130483996903853;0.1434006606172865;0.23884059367298907;0.10839479848632874;2415919104;68189404707;29602427378;1610743936;55;195;334;167;;;;random_491
1;0.05942261108931821;0.10189635734479961;0.03500661075551127;0.037530235295666625;0.11511451393474822;0.3404084277393044;0.2849477523497409;0.02567349149091084;2415919104;68189404707;29632917990;1610743936;109;156;298;188;-7.725677451497635;0.09375;0.046875;random_491
2;0.1294877694295553;0.034210869409642575;0.0829816138662596;0.03819619188703188;0.24274448536637908;0.35659715314882;0.013692906356703508;0.10208901053560805;3489800192;68189404707;29062463522;1073872896;111;171;274;195;-7.7726924371053085;0.09375;0.03125;random_491
3;0.20513901474327248;0.0038860390042853073;0.09344825267747821;0.17578699463296443;0.1817638091753376;0.2906260616697872;0.030928702288541565;0.018421125808333223;2415919104;68196170103;29534331042;1073881088;87;180;304;180;-7.803883662381968;0.078125;0.046875;random_491
4;0.20351755227612883;0.11702777632732324;0.07684897614325388;0.15060676575082368;0.06044924340346322;0.37948267454670465;0.011261351265992668;0.0008056602863097856;3489800192;61781195090;29609828386;1073881088;109;277;237;128;-7.799874246636947;0.09375;0.046875;random_491
5;0.1630698429893746;0.00407268318921882;0.09797735637200568;0.2025790815233156;0.07132255533094715;0.3329994162083449;0.0012882034078602433;0.12669086097893295;37849409536;27384742082;11811291170;1073872896;124;284;228;115;-7.853210933602712;0.09375;0.046875;random_491
6;0.1630698429893746;0.00407268318921882;0.09797735637200568;0.2025790815233156;0.07132255533094715;0.3329994162083449;0.0012882034078602433;0.12669086097893295;37849409536;27384742082;11811291170;1073872896;124;284;228;115;-7.859902444026605;0.09375;0.046875;random_491
7;0.1630698429893746;0.00407268318921882;0.09797735637200568;0.2025790815233156;0.07132255533094715;0.3329994162083449;0.0012882034078602433;0.12669086097893295;37849409536;27384742082;11811291170;1073872896;124;284;228;115;-7.859902444026605;0.09375;;random_491
0;0.008469870701085092;0.1285052585555254;0.025632351388147047;0.09711478709056974;0.2970711754702243;0.258533244902351;0.07130268764741123;0.11337062424468619;536871040;12348170466;2415919104;61271845122;64;318;107;262;;;;random_492
1;0.09498590198239189;0.007689443366208946;0.10897705822302128;0.08311941671988932;0.17371738825196714;0.37435627241092406;0.022322878163480872;0.1348316408821165;1610752128;11819556962;2415919104;26847870978;184;229;112;226;-7.803024551069455;0.078125;0.046875;random_492
2;0.22837669674309316;0.012187574629471723;0.0690915665638123;0.04103872449577563;0.361056208047885;0.27383426886967105;0.011429030478758087;0.002985930171533131;1610752128;29602427378;3489800192;26847870978;177;225;110;239;-7.90073167722001;0.078125;0.046875;random_492
3;0.22837669674309316;0.012187574629471723;0.0690915665638123;0.04103872449577563;0.361056208047885;0.27383426886967105;0.011429030478758087;0.002985930171533131;1610752128;29602427378;3489800192;26847870978;177;225;110;239;-7.921905376181449;0.09375;0.03125;random_492
4;0.22837669674309316;0.012187574629471723;0.0690915665638123;0.04103872449577563;0.361056208047885;0.27383426886967105;0.011429030478758087;0.002985930171533131;1610752128;29602427378;3489800192;26847870978;177;225;110;239;-7.921905376181449;0.078125;;random_492
0;0.13161214275160846;0.23316902679289578;0.010212709625045634;0.01178950976680791;0.03574995377338191;0.19179472403363151;0.1265393805071391;0.2591325527494897;34359740416;29609828386;19599982592;1610752128;124;291;83;253;;;;random_493
1;0.35536557504575755;0.038265523519394884;0.00450023963246392;0.001360380912786598;0.016291722576489084;0.3531279735521729;0.10437146840750454;0.12671711635343055;35433613312;29611143330;29264060480;18790621568;139;220;155;237;-7.74867590026224;0.078125;0.03125;random_493
2;0.1630698429893746;0.00407268318921882;0.09797735637200568;0.2025790815233156;0.07132255533094715;0.3329994162083449;0.0012882034078602433;0.12669086097893295;1073872896;29534331042;12088123456;18794807424;93;317;181;160;-7.849231940023971;0.078125;0.03125;random_493
3;0.1630698429893746;0.00407268318921882;0.09797735637200568;0.2025790815233156;0.07132255533094715;0.3329994162083449;0.0012882034078602433;0.12669086097893295;1073872896;29534331042;12088123456;18794807424;93;317;182;159;-7.832954709489094;0.09375;0.046875;random_493
4;0.1630698429893746;0.00407268318921882;0.09797735637200568;0.2025790815233156;0.07132255533094715;0.3329994162083449;0.0012882034078602433;0.12669086097893295;1073872896;29534331042;12088123456;18794807424;93;317;182;159;-7.83292397292995;0.09375;;random_493
0;0.08939948838426931;0.1539787580652893;0.22244156587724181;0.17158723545383303;0.09970416913574814;0.048008683933459376;0.17014020981795341;0.04473988933220572;536871040;42949675010;19595788544;12348170466;39;161;101;450;;;;random_494
1;0.3213706583755633;0.11903814318268968;0.017556143254973008;0.27872367736218245;0.15140872368796396;0.0725830103446137;0.006198745360259357;0.03312089843175478;1610752128;44090656770;20673732608;29610352866;144;166;145;296;-7.724193428713268;0.09375;0.046875;random_494
2;0.22350086628715765;0.0027692807665022075;0.05262966994137647;0.43884178522662964;0.04310337257013177;0.00745609202988119;0.05762348469859703;0.17407544847972403;1610752128;44090656770;20673732608;64229881568;160;212;156;223;-7.826093761047033;0.078125;0.0625;random_494
3;0.22350086628715765;0.0027692807665022075;0.05262966994137647;0.43884178522662964;0.04310337257013177;0.00745609202988119;0.05762348469859703;0.17407544847972403;1610752128;44090656770;20673732608;64229881568;160;212;156;223;-7.870340835642279;0.078125;0.046875;random_494
4;0.22350086628715765;0.0027692807665022075;0.05262966994137647;0.43884178522662964;0.04310337257013177;0.00745609202988119;0.05762348469859703;0.17407544847972403;1610752128;44090656770;20673732608;64229881568;160;212;156;223;-7.870340835642279;0.09375;;random_494
0;0.24461716314857976;0.1406003220952578;0.045552094663135714;0.18767241404228863;0.026966145710431242;0.20095460799135548;0.11908893217395865;0.03454832017499279;536871040;2147483680;61746587650;1073872896;43;140;435;133;;;;random_495
1;0.2380546354771868;0.11173900989189237;0.026105787627590093;0.2538020055267487;0.04185444016434565;0.24887557479368702;0.006384928033296779;0.07318361848525257;1610752128;2147483680;61744482434;1073872896;117;165;358;111;-7.796376246028441;0.078125;0.046875;random_495
2;0.2380546354771868;0.11173900989189237;0.026105787627590093;0.2538020055267487;0.04185444016434565;0.24887557479368702;0.006384928033296779;0.07318361848525257;1610752128;2147483680;61744482434;1073872896;117;165;358;111;-7.835492248093588;0.09375;0.046875;random_495
3;0.2380546354771868;0.11173900989189237;0.026105787627590093;0.2538020055267487;0.04185444016434565;0.24887557479368702;0.006384928033296779;0.07318361848525257;1610752128;2147483680;61744482434;1073872896;117;165;358;111;-7.835492248093588;0.09375;;random_495
0;0.008646021948187076;0.2308123822463247;0.06374974989404217;0.22125593112319433;0.11660218075678976;0.11687613356435264;0.021160141236766357;0.22089745923034304;34359740416;1610743936;29542588512;11811291170;111;166;276;198;;;;random_496
1;0.2308093585983686;0.12859103137220315;0.012810719944813947;0.2926995990654124;0.00829441579153979;0.08442058700028815;0.0014980813812954942;0.2408762068460784;1073872896;1610752128;29542588512;29062463522;128;134;245;244;-7.74957088506855;0.09375;0.046875;random_496
2;0.22350086628715765;0.0027692807665022075;0.05262966994137647;0.43884178522662964;0.04310337257013177;0.00745609202988119;0.05762348469859703;0.17407544847972403;1073872896;1610752128;64229881568;29062463522;130;144;244;233;-7.846690964137131;0.09375;0.046875;random_496
3;0.22350086628715765;0.0027692807665022075;0.05262966994137647;0.43884178522662964;0.04310337257013177;0.00745609202988119;0.05762348469859703;0.17407544847972403;1073872896;1610752128;64229881568;29062463522;130;144;244;233;-7.868682930659726;0.078125;0.03125;random_496
4;0.22350086628715765;0.0027692807665022075;0.05262966994137647;0.43884178522662964;0.04310337257013177;0.00745609202988119;0.05762348469859703;0.17407544847972403;1073872896;1610752128;64229881568;29062463522;130;144;244;233;-7.868682930659726;0.078125;;random_496
0;0.24623031319815114;0.17427648897027878;0.040402674446327065;0.059021886763178856;0.1451945954193207;0.12170774485464532;0.18751708515108964;0.025649211197008432;9126805634;2415919136;29534331042;18796912912;88;55;347;261;;;;random_497
1;0.2380546354771868;0.11173900989189237;0.026105787627590093;0.2538020055267487;0.04185444016434565;0.24887557479368702;0.006384928033296779;0.07318361848525257;10200686722;2415919104;29610352866;18257944576;195;70;311;175;-7.79312714901394;0.078125;0.03125;random_497
2;0.1536894198364882;0.002031259805225586;0.015509271266870073;0.24031944545001954;0.08378739188450274;0.3347126832399806;0.042266667114845044;0.12768386140206808;10200686722;2415919104;29610352866;1073872896;182;92;333;144;-7.839025471853494;0.078125;0.046875;random_497
3;0.1630698429893746;0.00407268318921882;0.09797735637200568;0.2025790815233156;0.07132255533094715;0.3329994162083449;0.0012882034078602433;0.12669086097893295;10200686722;3489800192;29610352866;1073872896;178;98;339;136;-7.842726534010072;0.09375;0.046875;random_497
4;0.1630698429893746;0.00407268318921882;0.09797735637200568;0.2025790815233156;0.07132255533094715;0.3329994162083449;0.0012882034078602433;0.12669086097893295;10200686722;3489800192;29610352866;1073872896;178;99;338;136;-7.842309546982317;0.09375;0.046875;random_497
5;0.1630698429893746;0.00407268318921882;0.09797735637200568;0.2025790815233156;0.07132255533094715;0.3329994162083449;0.0012882034078602433;0.12669086097893295;10200686722;3489800192;29610352866;1073872896;178;99;338;136;-7.842662690606641;0.09375;;random_497
0;0.023665532064848078;0.2997947924197847;0.016717890777462815;0.03493104650627954;0.22074844053049514;0.036237392943517834;0.22610269768466523;0.14180220707294677;536871040;29534331042;8589934594;3221356576;71;419;60;201;;;;random_498
1;0.21817048757598223;0.07615058354231385;0.017683316487988807;0.12136108131346729;0.12392652472850102;0.0008972152037279127;0.2068482760228224;0.23496251512519645;536871040;29610352866;8589934594;3489792032;82;400;74;195;-7.729495876353074;0.09375;0.046875;random_498
2;0.22350086628715765;0.0027692807665022075;0.05262966994137647;0.43884178522662964;0.04310337257013177;0.00745609202988119;0.05762348469859703;0.17407544847972403;1610752128;64229881568;9663815682;3489792032;133;251;185;182;-7.779492066805486;0.09375;0.046875;random_498
3;0.22350086628715765;0.0027692807665022075;0.05262966994137647;0.43884178522662964;0.04310337257013177;0.00745609202988119;0.05762348469859703;0.17407544847972403;1610752128;64229881568;9663815682;3489792032;133;251;185;182;-7.895631996406086;0.09375;0.046875;random_498
4;0.22350086628715765;0.0027692807665022075;0.05262966994137647;0.43884178522662964;0.04310337257013177;0.00745609202988119;0.05762348469859703;0.17407544847972403;1610752128;64229881568;9663815682;3489792032;133;251;185;182;-7.895631996406086;0.09375;;random_498
0;0.052625989084282045;0.11341877135153372;0.03360521725780412;0.09799269533436501;0.12188112403525267;0.2326231928006687;0.261435640955187;0.08641736918090671;2684354720;46802282550;29602427378;18257936384;70;251;242;188;;;;random_499
1;0.2595538248136334;0.24099290728763;0.05500459374409414;0.17094733743589174;0.001888002331331709;0.0077304086851336705;0.22016858513286938;0.04371434056941571;2684354720;46802282550;29632917990;18257936384;52;228;291;180;-7.72934701645067;0.09375;0.046875;random_499
2;0.3213706583755633;0.11903814318268968;0.017556143254973008;0.27872367736218245;0.15140872368796396;0.0725830103446137;0.006198745360259357;0.03312089843175478;2684354720;44090656770;29610352866;18257944576;95;168;297;191;-7.8003323545359455;0.09375;0.046875;random_499
3;0.22350086628715765;0.0027692807665022075;0.05262966994137647;0.43884178522662964;0.04310337257013177;0.00745609202988119;0.05762348469859703;0.17407544847972403;2952790176;44090656770;64229881568;18257936384;90;201;237;223;-7.831952963351711;0.078125;0.03125;random_499
4;0.22350086628715765;0.0027692807665022075;0.05262966994137647;0.43884178522662964;0.04310337257013177;0.00745609202988119;0.05762348469859703;0.17407544847972403;2952790176;44090656770;64229881568;18257936384;90;201;237;223;-7.886907146226282;0.078125;0.046875;random_499
5;0.22350086628715765;0.0027692807665022075;0.05262966994137647;0.43884178522662964;0.04310337257013177;0.00745609202988119;0.05762348469859703;0.17407544847972403;2952790176;44090656770;64229881568;18257936384;90;201;237;223;-7.8869832871756556;0.09375;;random_499
0;0.11126452036225658;0.13525753020964137;0.215910694259314;0.018639251609565345;0.20635841011887043;0.20755649814854432;0.06511154473407668;0.039901550557731355;10200686786;2147483680;29534331042;34359740416;231;79;337;104;;;;random_5
1;0.34054182233932306;0.06982422740061858;0.38680185563316055;0.006817739222377529;0.010338491026480602;0.130865294592797;0.01964881849052392;0.035161751294718865;10200686786;2147483680;29534331042;34359740416;212;78;393;68;-7.812668701602679;0.09375;0.046875;random_5
2;0.29152013641373925;0.010584368299736191;0.2534870401604146;0.08137077477930323;0.3006136309301278;0.03669561060019703;0.013725668126308793;0.012002770690172936;10200686786;2147483680;29610352866;34359740416;216;62;421;52;-7.815388065806942;0.09375;0.03125;random_5
3;0.2733434987265134;0.009451244750347686;0.2398005343986876;0.2401717970099991;0.14574613539676542;0.02565288041491666;0.03355627799325328;0.03227763130951691;10200686786;2147483680;29610352866;34359740416;224;59;418;50;-7.800964158434914;0.078125;0.03125;random_5
4;0.2701097558780146;0.022181825770830665;0.21144351194630115;0.15453961427809673;0.18687183966512502;0.038648569260185534;0.05143994453430501;0.06476493866714124;10200686786;2147483680;29610352866;34359740416;236;54;409;52;-7.793118334918226;0.09375;0.046875;random_5
5;0.2733434987265134;0.009451244750347686;0.2398005343986876;0.2401717970099991;0.14574613539676542;0.02565288041491666;0.03355627799325328;0.03227763130951691;10200686786;2147483680;29610352866;34359740416;224;59;418;50;-7.791672675050525;0.09375;0.046875;random_5
6;0.2701097558780146;0.022181825770830665;0.21144351194630115;0.15453961427809673;0.18687183966512502;0.038648569260185534;0.05143994453430501;0.06476493866714124;10200686786;2147483680;29610352866;34359740416;236;54;409;52;-7.793118334918226;0.09375;;random_5
0;0.09422414805718356;0.21821711863978221;0.02339167525024909;0.221976629764113;0.2041741463371527;0.10664685781276251;0.07671622028262293;0.054653203856133835;2415919104;44090656770;29610352866;1073881088;50;209;352;140;;;;random_50
1;0.2366789100818342;0.1819432033667347;0.02595492144120827;0.25233527557337193;0.12282527776671816;0.1402530047885955;0.006348029328823759;0.033661377652713445;2415919104;44090656770;29610352866;1073881088;57;184;364;146;-7.8229554203401825;0.09375;0.046875;random_50
2;0.23305217935049427;0.24520217241991435;0.013850355910538516;0.23175226723291628;0.10393040132183767;0.15078164055193224;0.014373299585556198;0.007057683626810569;2415919104;61744482434;29610352866;1073881088;51;228;326;146;-7.836010114153632;0.09375;0.046875;random_50
3;0.2366789100818342;0.1819432033667347;0.02595492144120827;0.25233527557337193;0.12282527776671816;0.1402530047885955;0.006348029328823759;0.033661377652713445;2415919104;61744482434;29610352866;1073881088;54;215;337;145;-7.831709630466118;0.078125;0.046875;random_50
4;0.2380546354771868;0.11173900989189237;0.026105787627590093;0.2538020055267487;0.04185444016434565;0.24887557479368702;0.006384928033296779;0.07318361848525257;2415919104;61744482434;29610352866;1073881088;70;206;334;141;-7.828501128549518;0.078125;0.046875;random_50
5;0.2380546354771868;0.11173900989189237;0.026105787627590093;0.2538020055267487;0.04185444016434565;0.24887557479368702;0.006384928033296779;0.07318361848525257;2415919104;61744482434;29610352866;1073881088;70;206;334;141;-7.834431857730589;0.09375;;random_50
0;0.1192250118339677;0.2308046571367767;0.05598387732818261;0.1424758998225543;0.02168083308932149;0.15443578244613262;0.04650628833680098;0.2288876500062637;1610752128;29610352866;20673732608;35433613312;126;359;115;151;;;;random_500
1;0.20114185630236772;0.18805141836287945;0.02232497240763754;0.22103919129446165;0.03174459599435024;0.21660749675825305;0.0015596494718068165;0.11753081940824366;1073881088;29565784290;20673732608;35433613312;110;409;114;118;-7.751005094967658;0.078125;0.03125;random_500
2;0.2380546354771868;0.11173900989189237;0.026105787627590093;0.2538020055267487;0.04185444016434565;0.24887557479368702;0.006384928033296779;0.07318361848525257;1073881088;29565784290;20673732608;35433613312;117;426;113;95;-7.815042825167891;0.078125;0.046875;random_500
3;0.2380546354771868;0.11173900989189237;0.026105787627590093;0.2538020055267487;0.04185444016434565;0.24887557479368702;0.006384928033296779;0.07318361848525257;1073881088;29565784290;20673732608;35433613312;117;426;113;95;-7.823732881774603;0.09375;;random_500
0;0.12104291247582058;0.18622444091060691;0.03681481091576854;0.03909070525123285;0.17873992796167873;0.16312292299881984;0.11622460193855089;0.15873967754752166;1610752128;61207611458;26847879232;3296862240;178;186;172;215;;;;random_501
1;0.2652928102179358;0.15373269069199993;0.04602216215185193;0.05001752882531023;0.025126077006584698;0.33905860638957874;0.0012182451395121444;0.11953187957722651;1610752128;61207611458;26847748162;11819556962;176;173;154;248;-7.794464881642369;0.078125;0.046875;random_501
2;0.2380546354771868;0.11173900989189237;0.026105787627590093;0.2538020055267487;0.04185444016434565;0.24887557479368702;0.006384928033296779;0.07318361848525257;1610752128;44090656770;26847879232;29610352866;146;166;144;295;-7.806441980792067;0.078125;0.046875;random_501
3;0.20642446111882667;0.03247375426306101;0.008323848523663028;0.2607266687233741;0.10171287090797551;0.31275183634833637;0.0006962130348169285;0.07689034707994648;1610752128;44090656770;26847879232;29610352866;153;157;148;293;-7.8382076327912;0.078125;0.046875;random_501
4;0.2380546354771868;0.11173900989189237;0.026105787627590093;0.2538020055267487;0.04185444016434565;0.24887557479368702;0.006384928033296779;0.07318361848525257;1610752128;44090656770;26847879232;29610352866;146;166;144;295;-7.819949246567005;0.078125;0.046875;random_501
5;0.20642446111882667;0.03247375426306101;0.008323848523663028;0.2607266687233741;0.10171287090797551;0.31275183634833637;0.0006962130348169285;0.07689034707994648;1610752128;44090656770;26847879232;29610352866;153;157;148;293;-7.8382076327912;0.09375;0.03125;random_501
6;0.2380546354771868;0.11173900989189237;0.026105787627590093;0.2538020055267487;0.04185444016434565;0.24887557479368702;0.006384928033296779;0.07318361848525257;1610752128;44090656770;26847879232;29610352866;146;166;144;295;-7.819949246567005;0.078125;;random_501
0;0.04213259781867297;0.17561509003851403;0.1742646036587167;0.049852194477678434;0.10214540186951701;0.18681579691362668;0.1364588725299334;0.13271544269334096;2684354720;46802282550;29603398050;29534331042;73;233;158;287;;;;random_502
1;0.3381041329682172;0.09086483661573162;0.23131926959469595;0.015334926151874364;0.258691530399654;0.04276272181707792;0.009228012274054356;0.013694570178694524;3758620832;9663807490;27380547970;29610352866;151;149;181;270;-7.719051010804732;0.078125;0.046875;random_502
2;0.18153155597111703;0.018499239378718394;0.29694500048040506;0.06215625728962643;0.3024017672827637;0.04651591436108697;0.008327125938963313;0.0836231392973191;3758620832;9663807490;27380547970;29610352866;157;152;159;283;-7.799760811002683;0.078125;0.0625;random_502
3;0.3310088586877285;0.03111682593989815;0.30108869231558;0.07181466639989471;0.02003476348059737;0.11510934429372632;0.029846778102673343;0.09998007077990154;3758620832;9663807490;27380547970;29610352866;154;148;172;277;-7.7963755278331535;0.078125;0.0625;random_502
4;0.18153155597111703;0.018499239378718394;0.29694500048040506;0.06215625728962643;0.3024017672827637;0.04651591436108697;0.008327125938963313;0.0836231392973191;3758620832;9663807490;27380547970;29610352866;156;152;159;284;-7.793093007922712;0.09375;0.046875;random_502
5;0.3310088586877285;0.03111682593989815;0.30108869231558;0.07181466639989471;0.02003476348059737;0.11510934429372632;0.029846778102673343;0.09998007077990154;3758620832;9663807490;27380547970;29610352866;154;148;172;277;-7.79609481196874;0.109375;;random_502
0;0.13188004471802692;0.06333647882988319;0.2305137960092789;0.10543287663582;0.07337736723513238;0.17165297068919588;0.14317471642070206;0.0806317494619605;2684354720;46802282550;29530141040;18257936384;73;220;249;209;;;;random_503
1;0.15402560050613806;0.006853630897635309;0.3361156688667859;0.32160042554715546;0.01392848094220139;0.08955845995114811;0.007368323316577919;0.07054940997235763;3758620832;44090656770;29530141040;18257944576;153;196;234;168;-7.743736436584112;0.09375;0.046875;random_503
2;0.22350086628715765;0.0027692807665022075;0.05262966994137647;0.43884178522662964;0.04310337257013177;0.00745609202988119;0.05762348469859703;0.17407544847972403;4026540160;44090656770;64229881568;18257936384;147;198;219;187;-7.804878201211696;0.078125;0.046875;random_503
3;0.22350086628715765;0.0027692807665022075;0.05262966994137647;0.43884178522662964;0.04310337257013177;0.00745609202988119;0.05762348469859703;0.17407544847972403;4026540160;44090656770;64229881568;18257936384;147;198;219;187;-7.893671802959534;0.078125;0.046875;random_503
4;0.22350086628715765;0.0027692807665022075;0.05262966994137647;0.43884178522662964;0.04310337257013177;0.00745609202988119;0.05762348469859703;0.17407544847972403;4026540160;44090656770;64229881568;18257936384;147;198;219;187;-7.893671802959534;0.09375;;random_503
0;0.14913213375384846;0.10530192614122647;0.038529209280580706;0.30716321784622647;0.24824640823456734;0.11528773560014054;0.02706078235814027;0.009278586785269905;536871040;2147483680;61746587650;1073881088;40;126;412;173;;;;random_504
1;0.34884434049438995;0.00273272513097807;0.06775407423558436;0.38042746609519695;0.011189118644623321;0.09961849730817919;0.034426194101241654;0.05500758398980671;1610752128;2147483680;29610352866;1073872896;137;61;448;105;-7.81637458398937;0.078125;0.046875;random_504
2;0.22350086628715765;0.0027692807665022075;0.05262966994137647;0.43884178522662964;0.04310337257013177;0.00745609202988119;0.05762348469859703;0.17407544847972403;1610752128;2415919136;29610352866;1073872896;155;46;432;118;-7.857936097389714;0.09375;0.046875;random_504
3;0.22350086628715765;0.0027692807665022075;0.05262966994137647;0.43884178522662964;0.04310337257013177;0.00745609202988119;0.05762348469859703;0.17407544847972403;1610752128;2415919136;29610352866;1073872896;155;46;431;119;-7.872377247269405;0.09375;0.046875;random_504
4;0.22350086628715765;0.0027692807665022075;0.05262966994137647;0.43884178522662964;0.04310337257013177;0.00745609202988119;0.05762348469859703;0.17407544847972403;1610752128;2415919136;29610352866;1073872896;155;46;431;119;-7.872818554810086;0.09375;;random_504
0;0.2153923022957052;0.054906582687636755;0.07777020937516808;0.004116011729711446;0.04393591289076618;0.2550438922849795;0.07060030854122787;0.27823478019480513;2415919104;9730924610;18794807424;29528301986;102;164;240;245;;;;random_505
1;0.173774107802524;0.005944439597428946;0.1460460754256834;0.05636071752935284;0.15193135180814402;0.2964315205646726;0.0005845289065144723;0.16892725836567982;37849409536;1073872896;18794807424;29602427378;123;121;199;308;-7.835361471613155;0.078125;0.046875;random_505
2;0.173774107802524;0.005944439597428946;0.1460460754256834;0.05636071752935284;0.15193135180814402;0.2964315205646726;0.0005845289065144723;0.16892725836567982;37849409536;1073872896;18794807424;29602427378;123;121;199;308;-7.830356652520772;0.078125;0.046875;random_505
3;0.173774107802524;0.005944439597428946;0.1460460754256834;0.05636071752935284;0.15193135180814402;0.2964315205646726;0.0005845289065144723;0.16892725836567982;37849409536;1073872896;18794807424;29602427378;123;121;199;308;-7.830356652520772;0.078125;;random_505
0;0.045469983162294274;0.07007006872182323;0.2400700740000994;0.11803010125441533;0.07410046627035143;0.19168138816758443;0.014173407223279349;0.24640451120015264;1610752128;12348170466;18257936384;1073872896;132;359;189;71;;;;random_506
1;0.173774107802524;0.005944439597428946;0.1460460754256834;0.05636071752935284;0.15193135180814402;0.2964315205646726;0.0005845289065144723;0.16892725836567982;1610752128;12348170466;18257944576;1073872896;152;314;191;94;-7.785267681160387;0.078125;0.046875;random_506
2;0.173774107802524;0.005944439597428946;0.1460460754256834;0.05636071752935284;0.15193135180814402;0.2964315205646726;0.0005845289065144723;0.16892725836567982;1610752128;12348170466;18257944576;1073872896;152;314;191;94;-7.819389874785922;0.078125;0.046875;random_506
3;0.173774107802524;0.005944439597428946;0.1460460754256834;0.05636071752935284;0.15193135180814402;0.2964315205646726;0.0005845289065144723;0.16892725836567982;1610752128;12348170466;18257944576;1073872896;152;314;191;94;-7.819389874785922;0.09375;;random_506
0;0.17928855439580701;0.01827843309287797;0.17013990406966004;0.20477035815625805;0.10483184642542913;0.12104093085201714;0.1448257415165459;0.05682423149140471;43486546050;2147483680;29610352866;1073872896;118;51;426;156;;;;random_507
1;0.21441745143005972;0.1441016272306112;0.044044851136924176;0.40824856950054417;0.1047067635431164;0.013060393434033321;0.06800949180181319;0.0034108519228977572;44585596934;2147483680;29610352866;1073872896;216;47;312;176;-7.798980753355149;0.078125;0.046875;random_507
2;0.22350086628715765;0.0027692807665022075;0.05262966994137647;0.43884178522662964;0.04310337257013177;0.00745609202988119;0.05762348469859703;0.17407544847972403;44090656770;2415919136;64229881568;1073872896;195;48;346;162;-7.8325962964626115;0.09375;0.046875;random_507
3;0.22350086628715765;0.0027692807665022075;0.05262966994137647;0.43884178522662964;0.04310337257013177;0.00745609202988119;0.05762348469859703;0.17407544847972403;44090656770;2415919136;64229881568;1073872896;195;48;346;162;-7.864914607260789;0.078125;0.0625;random_507
4;0.22350086628715765;0.0027692807665022075;0.05262966994137647;0.43884178522662964;0.04310337257013177;0.00745609202988119;0.05762348469859703;0.17407544847972403;44090656770;2415919136;64229881568;1073872896;195;48;346;162;-7.864914607260789;0.078125;;random_507
0;0.12880277287654956;0.0941479115708031;0.08040329976413671;0.1789907318980597;0.15819341483932653;0.18529664867450032;0.16587579063201147;0.00828942974461256;536871040;2147483680;20961435680;29272178690;43;39;337;332;;;;random_508
1;0.40072647367377445;0.00310362567010429;0.0033302005369709063;0.3927380356007213;0.046225443549343416;0.03708592971439797;0.06602574663090753;0.05076454462378014;1610752128;2415919136;18257936384;29610352866;144;54;140;413;-7.771302158293243;0.09375;0.046875;random_508
2;0.22350086628715765;0.0027692807665022075;0.05262966994137647;0.43884178522662964;0.04310337257013177;0.00745609202988119;0.05762348469859703;0.17407544847972403;1610752128;2415919136;1073872896;29610352866;155;46;118;432;-7.853163794616753;0.09375;0.046875;random_508
3;0.22350086628715765;0.0027692807665022075;0.05262966994137647;0.43884178522662964;0.04310337257013177;0.00745609202988119;0.05762348469859703;0.17407544847972403;1610752128;2415919136;1073872896;29610352866;155;46;119;431;-7.872377247269405;0.09375;0.03125;random_508
4;0.22350086628715765;0.0027692807665022075;0.05262966994137647;0.43884178522662964;0.04310337257013177;0.00745609202988119;0.05762348469859703;0.17407544847972403;1610752128;2415919136;1073872896;29610352866;155;46;119;431;-7.872818554810086;0.078125;;random_508
0;0.1805015005027957;0.20761484236778152;0.19785978017393524;0.08093349682231034;0.12666643732250565;0.011614965558262908;0.028002157005854764;0.16680682024655377;2684354720;46707902626;9730924610;18257944576;95;251;193;212;;;;random_509
1;0.23100146817560832;0.28560526106641454;0.048180961704098677;0.07155834578377031;0.1489056167349243;0.024893341860084312;0.01694696935742803;0.1729080353176716;2684354720;64271383026;9730924610;18257936384;123;296;147;185;-7.766829934194442;0.09375;0.046875;random_509
2;0.23100146817560832;0.28560526106641454;0.048180961704098677;0.07155834578377031;0.1489056167349243;0.024893341860084312;0.01694696935742803;0.1729080353176716;2684354720;64271383026;9730924610;18257936384;124;295;147;185;-7.785532778573151;0.09375;0.03125;random_509
3;0.23100146817560832;0.28560526106641454;0.048180961704098677;0.07155834578377031;0.1489056167349243;0.024893341860084312;0.01694696935742803;0.1729080353176716;2684354720;64271383026;9730924610;18257936384;124;295;147;185;-7.785596875904955;0.078125;;random_509
0;0.32574988974437047;0.017534033139609682;0.008273337295555733;0.2273200687595807;0.03608852039502743;0.13356299927104312;0.11724537313594631;0.1342257782588667;42949675010;2147483680;29610352866;18794832000;116;63;332;240;;;;random_51
1;0.34884434049438995;0.00273272513097807;0.06775407423558436;0.38042746609519695;0.011189118644623321;0.09961849730817919;0.034426194101241654;0.05500758398980671;44090656770;2147483680;29610352866;18794807424;164;77;270;240;-7.852602971013798;0.09375;0.046875;random_51
2;0.22350086628715765;0.0027692807665022075;0.05262966994137647;0.43884178522662964;0.04310337257013177;0.00745609202988119;0.05762348469859703;0.17407544847972403;44090656770;2415919136;64229881568;18794807424;218;50;223;260;-7.862792849177967;0.09375;0.046875;random_51
3;0.22350086628715765;0.0027692807665022075;0.05262966994137647;0.43884178522662964;0.04310337257013177;0.00745609202988119;0.05762348469859703;0.17407544847972403;44090656770;2415919136;64229881568;18794807424;218;50;223;260;-7.884359220432953;0.09375;0.03125;random_51
4;0.22350086628715765;0.0027692807665022075;0.05262966994137647;0.43884178522662964;0.04310337257013177;0.00745609202988119;0.05762348469859703;0.17407544847972403;44090656770;2415919136;64229881568;18794807424;218;50;223;260;-7.884359220432953;0.078125;;random_51
0;0.1676053905270588;0.05790939657856315;0.12898295867516407;0.13585352890617006;0.0032624770686866295;0.041014369902976716;0.1796599266893971;0.2857119516519835;34359740416;63971487074;18257936384;12348170466;42;268;189;252;;;;random_510
1;0.2141875990279326;0.14140163163174538;0.04634367787947426;0.10831711571244376;0.05335031274434084;0.00656554995798805;0.03182409513900542;0.3980100179070696;35433613312;63971487074;18257936384;12348170466;106;206;179;260;-7.748831774151891;0.09375;0.03125;random_510
2;0.204010366811844;0.2987667435432591;0.03065162719019198;0.08078032796635412;0.016787901371500866;0.042166449379253054;0.01703437799657975;0.3098022057410172;35433613312;63971487074;18257936384;12348170466;117;189;177;268;-7.781166212397615;0.078125;0.046875;random_510
3;0.38589812353111147;0.33822650530596715;0.025394866539336865;0.0870196693724164;0.07977728595257258;0.011696213496250043;0.03381265441055873;0.03817468139178661;35433613312;63971487074;18257944576;12348170466;109;164;174;304;-7.773143729307736;0.09375;0.046875;random_510
4;0.27108794754259014;0.1831778606953081;0.020925739515263015;0.1971217476648742;0.1559468901172474;0.13987100957370288;0.020175438554036883;0.011693366336977266;35433613312;63971487074;18257944576;12348170466;94;185;185;287;-7.779984834266022;0.09375;0.03125;random_510
5;0.3213706583755633;0.11903814318268968;0.017556143254973008;0.27872367736218245;0.15140872368796396;0.0725830103446137;0.006198745360259357;0.03312089843175478;35433613312;64271383026;18257944576;12348170466;90;199;192;270;-7.8059461020496315;0.078125;0.03125;random_510
6;0.3213706583755633;0.11903814318268968;0.017556143254973008;0.27872367736218245;0.15140872368796396;0.0725830103446137;0.006198745360259357;0.03312089843175478;35433613312;64271383026;18257944576;12348170466;90;199;192;270;-7.8152467882613665;0.078125;0.046875;random_510
7;0.3213706583755633;0.11903814318268968;0.017556143254973008;0.27872367736218245;0.15140872368796396;0.0725830103446137;0.006198745360259357;0.03312089843175478;35433613312;64271383026;18257944576;12348170466;90;199;192;270;-7.8152467882613665;0.09375;;random_510
0;0.19403447797401335;0.03586481276176331;0.2450642089785182;0.12874271040661886;0.024970683365439388;0.17894853412691294;0.0680340821539715;0.12434049023276249;536871040;9663815682;29602427378;18796904576;55;171;322;203;;;;random_511
1;0.24558913738027635;0.010869949308729952;0.22470340487308713;0.04833360079069219;0.1696951184347583;0.24431531156570968;0.04869909927430191;0.007794378372444442;1073881088;9663815682;29602427378;18794807424;102;107;332;210;-7.7703558792225875;0.078125;0.0625;random_511
2;0.32527253356693814;0.010901490558701125;0.11535445860469405;0.11489880856417176;0.16248782408225748;0.2197583773069824;0.04865566503930241;0.002670842276952704;1073881088;9663815682;29540626790;18794807424;82;128;340;201;-7.82778050976571;0.09375;0.046875;random_511
3;0.1630698429893746;0.00407268318921882;0.09797735637200568;0.2025790815233156;0.07132255533094715;0.3329994162083449;0.0012882034078602433;0.12669086097893295;1073872896;9663815682;29602427378;18794807424;103;140;334;174;-7.832883753725716;0.109375;0.03125;random_511
4;0.1630698429893746;0.00407268318921882;0.09797735637200568;0.2025790815233156;0.07132255533094715;0.3329994162083449;0.0012882034078602433;0.12669086097893295;1073872896;9663815682;29602427378;18794807424;103;140;334;174;-7.831601621851352;0.078125;0.046875;random_511
5;0.1630698429893746;0.00407268318921882;0.09797735637200568;0.2025790815233156;0.07132255533094715;0.3329994162083449;0.0012882034078602433;0.12669086097893295;1073872896;9663815682;29602427378;18794807424;103;140;334;174;-7.831601621851352;0.09375;;random_511
0;0.10570299033674917;0.2134866860715301;0.14314318864531156;0.034531626627860905;0.0716241411578403;0.16619389745280622;0.26208180876941894;0.003235660938482863;9126805634;2147483680;29609828386;1073872896;63;52;446;190;;;;random_512
1;0.3234461970642527;0.04396327605849428;0.12422707219749429;0.038761159279248815;0.1808020723669306;0.010437990550478145;0.2267690834482132;0.05159314903488803;43486546050;2147483680;29609828386;1073872896;84;37;459;171;-7.7774790421824385;0.09375;0.046875;random_512
2;0.3462756393079222;0.008205280802740194;0.004277236468970023;0.1072427835096712;0.20480471150285293;0.033308968913574766;0.2223050048994628;0.0735803745948058;43486546050;2147483680;29610352866;1073872896;87;40;455;169;-7.787461843201343;0.078125;0.046875;random_512
3;0.3462756393079222;0.008205280802740194;0.004277236468970023;0.1072427835096712;0.20480471150285293;0.033308968913574766;0.2223050048994628;0.0735803745948058;43486546050;2147483680;29610352866;1073872896;88;40;456;167;-7.7936012277109405;0.078125;0.046875;random_512
4;0.3462756393079222;0.008205280802740194;0.004277236468970023;0.1072427835096712;0.20480471150285293;0.033308968913574766;0.2223050048994628;0.0735803745948058;43486546050;2147483680;29610352866;1073872896;88;40;456;167;-7.793241759045054;0.078125;;random_512
0;0.15937030399686122;0.030155598208376818;0.15719015597732292;0.2177601990302108;0.059457507491067346;0.1289464705471849;0.20142970982272335;0.04569005492625276;43486546050;2147483680;29610352866;1073872896;118;52;420;161;;;;random_513
1;0.21441745143005972;0.1441016272306112;0.044044851136924176;0.40824856950054417;0.1047067635431164;0.013060393434033321;0.06800949180181319;0.0034108519228977572;44585596934;2147483680;29610352866;1073872896;216;47;312;176;-7.799876733375305;0.078125;0.046875;random_513
2;0.22350086628715765;0.0027692807665022075;0.05262966994137647;0.43884178522662964;0.04310337257013177;0.00745609202988119;0.05762348469859703;0.17407544847972403;44090656770;2415919136;64229881568;1073872896;195;48;346;162;-7.8325962964626115;0.078125;0.046875;random_513
3;0.22350086628715765;0.0027692807665022075;0.05262966994137647;0.43884178522662964;0.04310337257013177;0.00745609202988119;0.05762348469859703;0.17407544847972403;44090656770;2415919136;64229881568;1073872896;195;48;346;162;-7.864914607260789;0.078125;0.046875;random_513
4;0.22350086628715765;0.0027692807665022075;0.05262966994137647;0.43884178522662964;0.04310337257013177;0.00745609202988119;0.05762348469859703;0.17407544847972403;44090656770;2415919136;64229881568;1073872896;195;48;346;162;-7.864914607260789;0.078125;;random_513
0;0.03102801161427442;0.18406897868122085;0.14127781153784563;0.14980490089725434;0.1716470387927485;0.10970886228242695;0.09933231511659633;0.113132081077633;536871040;29610352866;2415919104;35433613312;52;473;43;183;;;;random_514
1;0.3146933650723595;0.03977806140082341;0.10810143688023664;0.21279866462092592;0.03323022953646443;0.001796994508617795;0.015208709264993112;0.27439253871557917;1610752128;29610352866;2415919136;1073872896;124;452;43;132;-7.757651501609563;0.09375;0.03125;random_514
2;0.22350086628715765;0.0027692807665022075;0.05262966994137647;0.43884178522662964;0.04310337257013177;0.00745609202988119;0.05762348469859703;0.17407544847972403;1610752128;29610352866;2415919136;1073872896;155;432;46;118;-7.812281247752156;0.078125;0.046875;random_514
3;0.22350086628715765;0.0027692807665022075;0.05262966994137647;0.43884178522662964;0.04310337257013177;0.00745609202988119;0.05762348469859703;0.17407544847972403;1610752128;29610352866;2415919136;1073872896;155;432;46;118;-7.872377247269405;0.09375;;random_514
0;0.1783785691018426;0.09725674965363465;0.023675802293475486;0.03373357334766014;0.24228600066799325;0.012866236280494275;0.17703550630457632;0.2347675623503231;2684354720;64163117378;10737418274;1073872896;130;365;78;178;;;;random_515
1;0.28285602862283515;0.2537776207989907;0.0451233842292053;0.02450298610495382;0.05022252087045374;0.006392669873997028;0.004814088301972496;0.3323107011975916;12348170466;64163117378;10737418274;1073872896;209;292;82;168;-7.819350723156806;0.078125;0.046875;random_515
2;0.26052829134175814;0.26503947111435555;0.033540461101996606;0.012196320711361163;0.030119498009594677;0.05685581790794773;0.0379490299288346;0.3037711098841515;12348170466;61746587650;10737418274;1073872896;202;303;93;153;-7.82709293257021;0.078125;0.046875;random_515
3;0.23100146817560832;0.28560526106641454;0.048180961704098677;0.07155834578377031;0.1489056167349243;0.024893341860084312;0.01694696935742803;0.1729080353176716;12348170466;61746587650;10737418274;1073872896;232;300;90;129;-7.802578633917184;0.078125;0.046875;random_515
4;0.23100146817560832;0.28560526106641454;0.048180961704098677;0.07155834578377031;0.1489056167349243;0.024893341860084312;0.01694696935742803;0.1729080353176716;12348170466;61746587650;10737418274;1073872896;232;300;90;129;-7.801666612830005;0.078125;;random_515
0;0.03127786991450294;0.17477154869101946;0.07318761614415659;0.05734014372825647;0.20631527492678597;0.22004290653100328;0.08397832824165073;0.1530863118226247;536871040;29610352866;2415919104;35433613312;69;401;102;179;;;;random_516
1;0.08365946100027769;0.041121742231133386;0.09186568040930077;0.044696011818012756;0.21723168090227032;0.3311928691550277;0.0033295270512081624;0.18690302743276893;1610752128;29610352866;3489800192;1073872896;130;374;113;134;-7.7965010846969145;0.078125;0.03125;random_516
2;0.08365946100027769;0.041121742231133386;0.09186568040930077;0.044696011818012756;0.21723168090227032;0.3311928691550277;0.0033295270512081624;0.18690302743276893;1610752128;29610352866;3489800192;1073872896;130;374;113;134;-7.831225413677393;0.09375;0.046875;random_516
3;0.08365946100027769;0.041121742231133386;0.09186568040930077;0.044696011818012756;0.21723168090227032;0.3311928691550277;0.0033295270512081624;0.18690302743276893;1610752128;29610352866;3489800192;1073872896;130;374;113;134;-7.831225413677393;0.09375;;random_516
0;0.03853123540766824;0.17296132732192188;0.19299601076718093;0.06979086348563439;0.14300308560274225;0.19193992667144374;0.003367182549209477;0.187410368194199;1073872896;29609828386;2415919104;12348170466;113;332;82;224;;;;random_517
1;0.173774107802524;0.005944439597428946;0.1460460754256834;0.05636071752935284;0.15193135180814402;0.2964315205646726;0.0005845289065144723;0.16892725836567982;1073872896;29609828386;3489800192;12348170466;150;319;104;178;-7.79646536565682;0.09375;0.0625;random_517
2;0.173774107802524;0.005944439597428946;0.1460460754256834;0.05636071752935284;0.15193135180814402;0.2964315205646726;0.0005845289065144723;0.16892725836567982;1073872896;29609828386;3489800192;12348170466;150;319;104;178;-7.806104094986067;0.109375;0.046875;random_517
3;0.173774107802524;0.005944439597428946;0.1460460754256834;0.05636071752935284;0.15193135180814402;0.2964315205646726;0.0005845289065144723;0.16892725836567982;1073872896;29609828386;3489800192;12348170466;150;319;104;178;-7.806104094986067;0.109375;;random_517
0;0.11573970841488058;0.08375601905681283;0.10572607791333354;0.16670915088993618;0.1460880405360967;0.10140673494308457;0.09865289795087161;0.18192137029498384;536871040;29610352866;2415919104;1073872896;77;496;48;130;;;;random_518
1;0.22350086628715765;0.0027692807665022075;0.05262966994137647;0.43884178522662964;0.04310337257013177;0.00745609202988119;0.05762348469859703;0.17407544847972403;1610752128;29610352866;2415919136;1073872896;155;431;46;119;-7.78806086851007;0.09375;0.03125;random_518
2;0.22350086628715765;0.0027692807665022075;0.05262966994137647;0.43884178522662964;0.04310337257013177;0.00745609202988119;0.05762348469859703;0.17407544847972403;1610752128;29610352866;2415919136;1073872896;155;432;46;118;-7.872818554810086;0.078125;0.046875;random_518
3;0.22350086628715765;0.0027692807665022075;0.05262966994137647;0.43884178522662964;0.04310337257013177;0.00745609202988119;0.05762348469859703;0.17407544847972403;1610752128;29610352866;2415919136;1073872896;155;432;46;118;-7.872377247269405;0.09375;;random_518
0;0.06729070792227651;0.027717025837226645;0.19654646776083354;0.203373827452612;0.16461537131310244;0.07603556176955988;0.08571361826445098;0.178707419679938;536871040;29610352866;2415919104;1073872896;84;509;39;119;;;;random_519
1;0.22350086628715765;0.0027692807665022075;0.05262966994137647;0.43884178522662964;0.04310337257013177;0.00745609202988119;0.05762348469859703;0.17407544847972403;1610752128;29610352866;2415919136;1073872896;155;431;46;119;-7.791010949399557;0.09375;0.046875;random_519
2;0.22350086628715765;0.0027692807665022075;0.05262966994137647;0.43884178522662964;0.04310337257013177;0.00745609202988119;0.05762348469859703;0.17407544847972403;1610752128;29610352866;2415919136;1073872896;155;432;46;118;-7.872818554810086;0.078125;0.046875;random_519
3;0.22350086628715765;0.0027692807665022075;0.05262966994137647;0.43884178522662964;0.04310337257013177;0.00745609202988119;0.05762348469859703;0.17407544847972403;1610752128;29610352866;2415919136;1073872896;155;432;46;118;-7.872377247269405;0.09375;;random_519
0;0.038391348463805534;0.003525893801926184;0.033829995586129404;0.18117774422860594;0.28539883080203754;0.2901118841403857;0.11982839731303789;0.04773590566407176;34896611456;29611143330;2415919104;26847879232;57;326;111;257;;;;random_52
1;0.08645717118140171;0.06555079012069358;0.04045561742376713;0.23391560708280862;0.20583589004678815;0.3179326262513177;0.01359441021828048;0.03625788767494265;1073881088;12348162210;3489800192;27451850944;155;290;115;191;-7.80489781888078;0.078125;0.046875;random_52
2;0.1630698429893746;0.00407268318921882;0.09797735637200568;0.2025790815233156;0.07132255533094715;0.3329994162083449;0.0012882034078602433;0.12669086097893295;1073872896;11811291170;3489800192;27451850944;123;263;113;252;-7.85269908145553;0.078125;0.046875;random_52
3;0.1630698429893746;0.00407268318921882;0.09797735637200568;0.2025790815233156;0.07132255533094715;0.3329994162083449;0.0012882034078602433;0.12669086097893295;1073872896;11811291170;3489800192;27451850944;123;263;113;252;-7.858816318404319;0.078125;0.046875;random_52
4;0.1630698429893746;0.00407268318921882;0.09797735637200568;0.2025790815233156;0.07132255533094715;0.3329994162083449;0.0012882034078602433;0.12669086097893295;1073872896;11811291170;3489800192;27451850944;123;263;113;252;-7.858816318404319;0.09375;;random_52
0;0.0863179710312602;0.15799586474495741;0.10501230285541031;0.161416527232063;0.07253204382288479;0.06263292223491695;0.23211324808010766;0.1219791199983997;2684354720;46802282550;29632917990;18257936384;59;227;276;189;;;;random_520
1;0.22350086628715765;0.0027692807665022075;0.05262966994137647;0.43884178522662964;0.04310337257013177;0.00745609202988119;0.05762348469859703;0.17407544847972403;2684354720;46506575906;29058605408;18257936384;106;204;208;233;-7.761209566906614;0.09375;0.03125;random_520
2;0.22350086628715765;0.0027692807665022075;0.05262966994137647;0.43884178522662964;0.04310337257013177;0.00745609202988119;0.05762348469859703;0.17407544847972403;2684354720;46506575906;29058605408;18257936384;106;204;208;233;-7.898021290110449;0.078125;0.046875;random_520
3;0.22350086628715765;0.0027692807665022075;0.05262966994137647;0.43884178522662964;0.04310337257013177;0.00745609202988119;0.05762348469859703;0.17407544847972403;2684354720;46506575906;29058605408;18257936384;106;204;208;233;-7.898021290110449;0.078125;;random_520
0;0.06143585388111188;0.22676464747479988;0.10611521672980012;0.030608845191455954;0.18704150861216842;0.07395880775153377;0.14931723230877936;0.16475788805035055;536871040;29610352866;8589934594;1073872896;89;460;46;156;;;;random_521
1;0.3959961265959831;0.019571472852361934;0.030437906423871806;0.030079128550755306;0.035070270123010186;0.10390726554162698;0.02329908258030151;0.3616387473320893;1610752128;29610352866;8589934594;1073872896;149;387;81;134;-7.777669263502882;0.078125;0.046875;random_521
2;0.24265488072094357;0.04774158604080464;0.12974322700013724;0.165487103809149;0.047542452493914734;0.0021567508552906506;0.0256253964842772;0.33904860259548303;1610752128;29610352866;9663819778;1073872896;143;346;134;128;-7.7862758976133435;0.078125;0.046875;random_521
3;0.22350086628715765;0.0027692807665022075;0.05262966994137647;0.43884178522662964;0.04310337257013177;0.00745609202988119;0.05762348469859703;0.17407544847972403;1610752128;64229881568;9663815682;1073872896;145;284;185;137;-7.815046873752073;0.09375;0.03125;random_521
4;0.22350086628715765;0.0027692807665022075;0.05262966994137647;0.43884178522662964;0.04310337257013177;0.00745609202988119;0.05762348469859703;0.17407544847972403;1610752128;64229881568;9663815682;1073872896;145;284;185;137;-7.894462095249555;0.078125;0.046875;random_521
5;0.22350086628715765;0.0027692807665022075;0.05262966994137647;0.43884178522662964;0.04310337257013177;0.00745609202988119;0.05762348469859703;0.17407544847972403;1610752128;64229881568;9663815682;1073872896;145;284;185;137;-7.894462095249555;0.09375;;random_521
0;0.20542151258785277;0.040782612613289256;0.06064472064995416;0.19894359721284927;0.1532897817846185;0.0958910353561051;0.1568068579438025;0.08821988185152858;536871040;2147483680;26915008834;29534331042;64;52;299;336;;;;random_522
1;0.29733882025190816;0.006585438005213238;0.09639513903075424;0.2184823345993384;0.06785395966563444;0.29924815921097253;0.009175559626182243;0.004920589609996752;1610752128;2147483680;26847748162;29534331042;168;78;262;243;-7.768693485896146;0.078125;0.046875;random_522
2;0.2380546354771868;0.11173900989189237;0.026105787627590093;0.2538020055267487;0.04185444016434565;0.24887557479368702;0.006384928033296779;0.07318361848525257;1610752128;2147483680;26847748162;29534331042;177;83;244;247;-7.827498564170054;0.078125;0.046875;random_522
3;0.34884434049438995;0.00273272513097807;0.06775407423558436;0.38042746609519695;0.011189118644623321;0.09961849730817919;0.034426194101241654;0.05500758398980671;1610752128;2147483680;26847879232;29534331042;188;65;222;276;-7.835316923712272;0.078125;0.046875;random_522
4;0.22350086628715765;0.0027692807665022075;0.05262966994137647;0.43884178522662964;0.04310337257013177;0.00745609202988119;0.05762348469859703;0.17407544847972403;1610752128;2415919136;26847879232;29534331042;206;61;226;258;-7.853340300836223;0.09375;0.03125;random_522
5;0.22350086628715765;0.0027692807665022075;0.05262966994137647;0.43884178522662964;0.04310337257013177;0.00745609202988119;0.05762348469859703;0.17407544847972403;1610752128;2415919136;26847879232;29534331042;206;61;226;258;-7.8666514855450025;0.078125;0.03125;random_522
6;0.22350086628715765;0.0027692807665022075;0.05262966994137647;0.43884178522662964;0.04310337257013177;0.00745609202988119;0.05762348469859703;0.17407544847972403;1610752128;2415919136;26847879232;29534331042;206;61;226;258;-7.8666514855450025;0.078125;;random_522
0;0.10229641654870894;0.03902161706776997;0.13023647543700162;0.0655274445407087;0.15806388872510413;0.09944112384097328;0.2129795838502832;0.19243344998945006;2684354720;68189404707;29327761760;18257936384;117;241;209;184;;;;random_523
1;0.29865380431734506;0.020717171841805573;0.1311631175891735;0.06994229123180486;0.006099207787828917;0.01579148800768778;0.14784115476230025;0.3097917644620539;2952790176;63971487074;29330776354;1073872896;137;257;224;133;-7.717084591861297;0.078125;0.03125;random_523
2;0.2141875990279326;0.14140163163174538;0.04634367787947426;0.10831711571244376;0.05335031274434084;0.00656554995798805;0.03182409513900542;0.3980100179070696;2684354720;64163117378;29062463522;1073872896;161;257;211;122;-7.793305924510483;0.09375;0.046875;random_523
3;0.2141875990279326;0.14140163163174538;0.04634367787947426;0.10831711571244376;0.05335031274434084;0.00656554995798805;0.03182409513900542;0.3980100179070696;2684354720;64163117378;29062463522;1073872896;161;257;211;122;-7.810726213964666;0.078125;0.046875;random_523
4;0.2141875990279326;0.14140163163174538;0.04634367787947426;0.10831711571244376;0.05335031274434084;0.00656554995798805;0.03182409513900542;0.3980100179070696;2684354720;64163117378;29062463522;1073872896;161;257;211;122;-7.810726213964666;0.078125;;random_523
0;0.044250914419901574;0.17681192597876033;0.2134995256523022;0.15388348015051484;0.03408477807795324;0.1505351900223751;0.1294920399575011;0.09744214574069172;2415919104;46802282550;29610352866;1610752128;53;212;344;142;;;;random_524
1;0.2366789100818342;0.1819432033667347;0.02595492144120827;0.25233527557337193;0.12282527776671816;0.1402530047885955;0.006348029328823759;0.033661377652713445;2415919104;44090656770;29610352866;1073881088;57;184;364;146;-7.770304369258634;0.078125;0.046875;random_524
2;0.23305217935049427;0.24520217241991435;0.013850355910538516;0.23175226723291628;0.10393040132183767;0.15078164055193224;0.014373299585556198;0.007057683626810569;2415919104;61744482434;29610352866;1073881088;51;228;326;146;-7.836010114153632;0.09375;0.03125;random_524
3;0.2366789100818342;0.1819432033667347;0.02595492144120827;0.25233527557337193;0.12282527776671816;0.1402530047885955;0.006348029328823759;0.033661377652713445;2415919104;61744482434;29610352866;1073881088;54;215;337;145;-7.831709630466118;0.078125;0.03125;random_524
4;0.2380546354771868;0.11173900989189237;0.026105787627590093;0.2538020055267487;0.04185444016434565;0.24887557479368702;0.006384928033296779;0.07318361848525257;2415919104;61744482434;29610352866;1073881088;70;206;334;141;-7.828501128549518;0.09375;0.046875;random_524
5;0.2380546354771868;0.11173900989189237;0.026105787627590093;0.2538020055267487;0.04185444016434565;0.24887557479368702;0.006384928033296779;0.07318361848525257;2415919104;61744482434;29610352866;1073881088;70;206;334;141;-7.834431857730589;0.09375;;random_524
0;0.13491100229137643;0.0752380699152351;0.054553215790707016;0.1704293840564967;0.049415176962070095;0.18649890406765776;0.2267665687829842;0.10218767813347263;2684354720;46802282550;29632917990;18257936384;68;214;267;202;;;;random_525
1;0.22350086628715765;0.0027692807665022075;0.05262966994137647;0.43884178522662964;0.04310337257013177;0.00745609202988119;0.05762348469859703;0.17407544847972403;2684354720;46506575906;29058605408;18257936384;106;204;208;233;-7.786312854429475;0.078125;0.046875;random_525
2;0.22350086628715765;0.0027692807665022075;0.05262966994137647;0.43884178522662964;0.04310337257013177;0.00745609202988119;0.05762348469859703;0.17407544847972403;2684354720;46506575906;29058605408;18257936384;106;204;208;233;-7.898021290110449;0.078125;0.03125;random_525
3;0.22350086628715765;0.0027692807665022075;0.05262966994137647;0.43884178522662964;0.04310337257013177;0.00745609202988119;0.05762348469859703;0.17407544847972403;2684354720;46506575906;29058605408;18257936384;106;204;208;233;-7.898021290110449;0.09375;;random_525
0;0.17696377358483403;0.036675612769796445;0.17367695571099406;0.2096546241231111;0.11262342242688264;0.05570355201909158;0.035032853355771894;0.19966920600951826;2415919104;46506575906;26847748162;1610752128;39;198;316;198;;;;random_526
1;0.22350086628715765;0.0027692807665022075;0.05262966994137647;0.43884178522662964;0.04310337257013177;0.00745609202988119;0.05762348469859703;0.17407544847972403;2415919136;46506575906;26847879232;1610752128;58;220;256;217;-7.787491444693223;0.09375;0.046875;random_526
2;0.22350086628715765;0.0027692807665022075;0.05262966994137647;0.43884178522662964;0.04310337257013177;0.00745609202988119;0.05762348469859703;0.17407544847972403;2415919136;46506575906;26847879232;1610752128;58;220;256;217;-7.8594745906711605;0.109375;0.046875;random_526
3;0.22350086628715765;0.0027692807665022075;0.05262966994137647;0.43884178522662964;0.04310337257013177;0.00745609202988119;0.05762348469859703;0.17407544847972403;2415919136;46506575906;26847879232;1610752128;58;220;256;217;-7.8594745906711605;0.078125;;random_526
0;0.06511567845017872;0.09970879008947896;0.08695495198227965;0.08731285154693558;0.15352596070053576;0.187611276871783;0.12774960967238158;0.1920208806864268;536871040;29610352866;2415919104;1073872896;93;453;68;137;;;;random_527
1;0.29513442005183466;0.02707243946231567;0.07605640429220996;0.1054815297343189;0.027612328356812533;0.3223962065984231;0.008452055351736893;0.13779461615234825;1610752128;29610352866;2415919104;1073872896;151;370;97;133;-7.792481995389328;0.078125;0.0625;random_527
2;0.1630698429893746;0.00407268318921882;0.09797735637200568;0.2025790815233156;0.07132255533094715;0.3329994162083449;0.0012882034078602433;0.12669086097893295;1610752128;29610352866;3489800192;1073872896;134;397;101;119;-7.825179957419964;0.078125;0.03125;random_527
3;0.1630698429893746;0.00407268318921882;0.09797735637200568;0.2025790815233156;0.07132255533094715;0.3329994162083449;0.0012882034078602433;0.12669086097893295;1610752128;29610352866;3489800192;1073872896;133;399;100;119;-7.83730789124835;0.09375;0.046875;random_527
4;0.1630698429893746;0.00407268318921882;0.09797735637200568;0.2025790815233156;0.07132255533094715;0.3329994162083449;0.0012882034078602433;0.12669086097893295;1610752128;29610352866;3489800192;1073872896;133;399;100;119;-7.836595514474449;0.09375;;random_527
0;0.04472880961763039;0.13244919517548762;0.16100167919981534;0.16792300022207848;0.1775222010010299;0.07824533802391861;0.20719673425718693;0.030933042502852698;1610752128;63355365730;29530141040;9663815682;159;273;204;115;;;;random_528
1;0.22350086628715765;0.0027692807665022075;0.05262966994137647;0.43884178522662964;0.04310337257013177;0.00745609202988119;0.05762348469859703;0.17407544847972403;1073872896;63967544802;29004800096;11811291170;195;249;159;148;-7.772496399674813;0.078125;0.046875;random_528
2;0.22350086628715765;0.0027692807665022075;0.05262966994137647;0.43884178522662964;0.04310337257013177;0.00745609202988119;0.05762348469859703;0.17407544847972403;1073872896;63967544802;29004800096;11811291170;195;249;159;148;-7.831139251622272;0.09375;0.046875;random_528
3;0.22350086628715765;0.0027692807665022075;0.05262966994137647;0.43884178522662964;0.04310337257013177;0.00745609202988119;0.05762348469859703;0.17407544847972403;1073872896;63967544802;29004800096;11811291170;195;249;159;148;-7.831139251622272;0.09375;;random_528
0;0.07117134410749235;0.11976563041836243;0.15126713662921898;0.07545090635979988;0.2319672775803535;0.11545573753433683;0.02563815900544734;0.2092838083649887;1610752128;29610352866;2415919104;1073872896;137;445;60;109;;;;random_529
1;0.173774107802524;0.005944439597428946;0.1460460754256834;0.05636071752935284;0.15193135180814402;0.2964315205646726;0.0005845289065144723;0.16892725836567982;1610752128;29610352866;3489800192;1073872896;137;383;107;124;-7.798697616016018;0.09375;0.046875;random_529
2;0.173774107802524;0.005944439597428946;0.1460460754256834;0.05636071752935284;0.15193135180814402;0.2964315205646726;0.0005845289065144723;0.16892725836567982;1610752128;29610352866;3489800192;1073872896;137;383;107;124;-7.83074865801356;0.09375;0.03125;random_529
3;0.173774107802524;0.005944439597428946;0.1460460754256834;0.05636071752935284;0.15193135180814402;0.2964315205646726;0.0005845289065144723;0.16892725836567982;1610752128;29610352866;3489800192;1073872896;137;383;107;124;-7.83074865801356;0.09375;;random_529
0;0.15357296709914844;0.11788064326909771;0.23787678805462514;0.015700628193058175;0.1883075109599384;0.06933760894630249;0.0580425696600794;0.15928128381775025;1610752128;42949675010;3221356576;29610352866;145;112;143;351;;;;random_53
1;0.2808190089402043;0.1564574732626917;0.10309426293113484;0.006361374246670603;0.17373544360297655;0.0349801699847588;0.028131357650254703;0.21642090938130856;1610752128;44090656770;3221356576;29609828386;154;193;117;287;-7.761514276115766;0.09375;0.046875;random_53
2;0.289043844555905;0.04380639852119489;0.0646811295596687;0.15521353841383523;0.0133797138455192;0.015255197615012128;0.03296691581926518;0.38565326166959957;1610752128;44090656770;3489792032;29609828386;178;183;154;236;-7.796537856841521;0.09375;0.046875;random_53
3;0.39291997443258353;0.046678392075325884;0.08967364259959058;0.08593741867270752;0.0030779983045545484;0.012602836570425146;0.03494607953549779;0.33416365780931495;1610752128;44090656770;3489792032;29609828386;164;169;139;279;-7.818825174029605;0.09375;0.046875;random_53
4;0.2141875990279326;0.14140163163174538;0.04634367787947426;0.10831711571244376;0.05335031274434084;0.00656554995798805;0.03182409513900542;0.3980100179070696;1610752128;44090656770;3489792032;29609828386;170;214;138;229;-7.809968995613164;0.09375;0.046875;random_53
5;0.3180816791855115;0.08759488521458458;0.0014370248949590345;0.12062488809271973;0.11097063405641744;0.04095804187691069;0.044598409668111384;0.2757344370107856;1610752128;44090656770;3489792032;29806911586;163;193;141;254;-7.807012631534357;0.09375;0.046875;random_53
6;0.39291997443258353;0.046678392075325884;0.08967364259959058;0.08593741867270752;0.0030779983045545484;0.012602836570425146;0.03494607953549779;0.33416365780931495;1610752128;44090656770;3489792032;29609828386;164;168;139;280;-7.8109306855301535;0.09375;0.046875;random_53
7;0.2141875990279326;0.14140163163174538;0.04634367787947426;0.10831711571244376;0.05335031274434084;0.00656554995798805;0.03182409513900542;0.3980100179070696;1610752128;44090656770;3489792032;29609828386;170;213;138;230;-7.810084704033143;0.09375;0.03125;random_53
8;0.3180816791855115;0.08759488521458458;0.0014370248949590345;0.12062488809271973;0.11097063405641744;0.04095804187691069;0.044598409668111384;0.2757344370107856;1610752128;44090656770;3489792032;29806911586;163;193;141;254;-7.806765552218424;0.078125;0.046875;random_53
9;0.39291997443258353;0.046678392075325884;0.08967364259959058;0.08593741867270752;0.0030779983045545484;0.012602836570425146;0.03494607953549779;0.33416365780931495;1610752128;44090656770;3489792032;29609828386;164;168;139;280;-7.8109306855301535;0.078125;;random_53
0;0.19441989220319694;0.06974230949093099;0.1116922790418651;0.11741681735376151;0.16142775259091396;0.030576686226461793;0.16940894346594615;0.14531531962692346;2684354720;46802282550;26915008834;18257936384;83;263;208;197;;;;random_530
1;0.22350086628715765;0.0027692807665022075;0.05262966994137647;0.43884178522662964;0.04310337257013177;0.00745609202988119;0.05762348469859703;0.17407544847972403;2684354720;46506575906;29058605408;18257936384;106;204;208;233;-7.76304638192974;0.078125;0.046875;random_530
2;0.22350086628715765;0.0027692807665022075;0.05262966994137647;0.43884178522662964;0.04310337257013177;0.00745609202988119;0.05762348469859703;0.17407544847972403;2684354720;46506575906;29058605408;18257936384;106;204;208;233;-7.898021290110449;0.09375;0.046875;random_530
3;0.22350086628715765;0.0027692807665022075;0.05262966994137647;0.43884178522662964;0.04310337257013177;0.00745609202988119;0.05762348469859703;0.17407544847972403;2684354720;46506575906;29058605408;18257936384;106;204;208;233;-7.898021290110449;0.078125;;random_530
0;0.009741869352122156;0.1581557376465047;0.007820748748315181;0.13849484022790493;0.1672218854025708;0.17711621288110116;0.25857692117525277;0.08287178456622828;34359740416;29632917990;2415919104;1610752128;70;411;73;197;;;;random_531
1;0.12445008268451209;0.15280813426746195;0.05970687693006533;0.15810109870666647;0.06904040729452102;0.34272383708467036;0.020473515670159256;0.07269604736194368;35433613312;29610352866;2415919104;1073881088;115;387;108;141;-7.76723942156626;0.078125;0.046875;random_531
2;0.2380546354771868;0.11173900989189237;0.026105787627590093;0.2538020055267487;0.04185444016434565;0.24887557479368702;0.006384928033296779;0.07318361848525257;35433613312;29610352866;2415919104;1073881088;95;452;78;126;-7.82427630242193;0.09375;0.03125;random_531
3;0.20351755227612883;0.11702777632732324;0.07684897614325388;0.15060676575082368;0.06044924340346322;0.37948267454670465;0.011261351265992668;0.0008056602863097856;35433613312;29610352866;3489800192;1073881088;118;366;111;156;-7.83930818753549;0.078125;0.03125;random_531
4;0.2380546354771868;0.11173900989189237;0.026105787627590093;0.2538020055267487;0.04185444016434565;0.24887557479368702;0.006384928033296779;0.07318361848525257;35433613312;29610352866;3489800192;1073881088;94;439;92;126;-7.828170972157211;0.078125;0.046875;random_531
5;0.20351755227612883;0.11702777632732324;0.07684897614325388;0.15060676575082368;0.06044924340346322;0.37948267454670465;0.011261351265992668;0.0008056602863097856;35433613312;29610352866;3489800192;1073881088;118;366;111;156;-7.841780827439727;0.078125;0.046875;random_531
6;0.2380546354771868;0.11173900989189237;0.026105787627590093;0.2538020055267487;0.04185444016434565;0.24887557479368702;0.006384928033296779;0.07318361848525257;35433613312;29610352866;3489800192;1073881088;94;438;93;126;-7.828170972157211;0.09375;0.046875;random_531
7;0.20351755227612883;0.11702777632732324;0.07684897614325388;0.15060676575082368;0.06044924340346322;0.37948267454670465;0.011261351265992668;0.0008056602863097856;35433613312;29610352866;3489800192;1073881088;118;366;111;156;-7.842241499041476;0.09375;;random_531
0;0.14744355531384368;0.07894837651656862;0.11643376646634108;0.14105004292386938;0.12640246164843866;0.1388777840444065;0.11104444785205111;0.13979956523448087;2684354720;46802282550;26915008834;18257936384;110;270;199;172;;;;random_532
1;0.2366789100818342;0.1819432033667347;0.02595492144120827;0.25233527557337193;0.12282527776671816;0.1402530047885955;0.006348029328823759;0.033661377652713445;2684354720;46707902626;26915008834;18257944576;96;258;203;194;-7.780616457268418;0.09375;0.046875;random_532
2;0.2500791569798219;0.2354027773027801;0.014862273932091507;0.2486842722487812;0.05416282486031248;0.14072914265149306;0.02574566700541392;0.030333885019305878;2684354720;46707902626;26915008834;18257944576;91;258;208;194;-7.831304393362132;0.078125;0.046875;random_532
3;0.2500791569798219;0.2354027773027801;0.014862273932091507;0.2486842722487812;0.05416282486031248;0.14072914265149306;0.02574566700541392;0.030333885019305878;2684354720;46707902626;26915008834;18257944576;91;258;208;194;-7.841529940448411;0.09375;;random_532
0;0.20141826942083332;0.20040019488322447;0.0726531337801662;0.21536873744141544;0.012777793615447133;0.13658187359125876;0.10973134715345646;0.05106865011419813;9126805634;2147483680;29610352866;1073881088;119;56;410;166;;;;random_533
1;0.34884434049438995;0.00273272513097807;0.06775407423558436;0.38042746609519695;0.011189118644623321;0.09961849730817919;0.034426194101241654;0.05500758398980671;44561336450;2147483680;29610352866;1073881088;171;72;354;154;-7.83879420361465;0.078125;0.046875;random_533
2;0.26400356727738417;0.13972626508717423;0.03191848428753177;0.3958529056178151;0.08658313179424464;0.012663840306161888;0.06594451750872049;0.003307288120967658;44585596934;2147483680;29540626790;1073881088;213;43;312;183;-7.84533162444576;0.078125;0.046875;random_533
3;0.22350086628715765;0.0027692807665022075;0.05262966994137647;0.43884178522662964;0.04310337257013177;0.00745609202988119;0.05762348469859703;0.17407544847972403;46506575906;2415919136;64229881568;1073872896;206;48;336;161;-7.831564184465807;0.09375;0.03125;random_533
4;0.22350086628715765;0.0027692807665022075;0.05262966994137647;0.43884178522662964;0.04310337257013177;0.00745609202988119;0.05762348469859703;0.17407544847972403;46506575906;2415919136;64229881568;1073872896;206;48;335;162;-7.863426033009177;0.078125;0.046875;random_533
5;0.22350086628715765;0.0027692807665022075;0.05262966994137647;0.43884178522662964;0.04310337257013177;0.00745609202988119;0.05762348469859703;0.17407544847972403;46506575906;2415919136;64229881568;1073872896;206;48;335;162;-7.863381227245229;0.09375;;random_533
0;0.15439792028777524;0.01902886933439228;0.1597545101635047;0.2465255877008059;0.04067257159102353;0.09386879224763027;0.18208815439802295;0.10366359427684509;2415919104;42949675010;29610352866;1610752128;41;110;403;197;;;;random_534
1;0.26400356727738417;0.13972626508717423;0.03191848428753177;0.3958529056178151;0.08658313179424464;0.012663840306161888;0.06594451750872049;0.003307288120967658;2415919136;44090656770;29540626790;18811592704;50;189;256;256;-7.811650761467815;0.09375;0.03125;random_534
2;0.22350086628715765;0.0027692807665022075;0.05262966994137647;0.43884178522662964;0.04310337257013177;0.00745609202988119;0.05762348469859703;0.17407544847972403;2415919136;44090656770;29532451296;18794807424;52;222;204;273;-7.867740889642709;0.078125;0.0625;random_534
3;0.22350086628715765;0.0027692807665022075;0.05262966994137647;0.43884178522662964;0.04310337257013177;0.00745609202988119;0.05762348469859703;0.17407544847972403;2415919136;44090656770;29532451296;18794807424;52;220;206;273;-7.891843907374931;0.078125;0.046875;random_534
4;0.22350086628715765;0.0027692807665022075;0.05262966994137647;0.43884178522662964;0.04310337257013177;0.00745609202988119;0.05762348469859703;0.17407544847972403;2415919136;44090656770;29532451296;18794807424;52;220;206;273;-7.892462094127703;0.078125;;random_534
0;0.16604873056351152;0.13541911340697926;0.1931232261053832;0.14932111409829765;0.05771584637711343;0.07954788343465298;0.03170771009862327;0.18711637591543867;1610752128;44561336450;29610352866;11811291170;143;133;340;135;;;;random_535
1;0.29047380021824637;0.07041640908116788;0.17673298897201867;0.2766326142651085;0.09806431136707751;0.005194075032012916;0.034949925430782784;0.047535875633585294;1610752128;44090656770;29610352866;11811291170;174;117;346;114;-7.755302139283473;0.078125;0.046875;random_535
2;0.3213706583755633;0.11903814318268968;0.017556143254973008;0.27872367736218245;0.15140872368796396;0.0725830103446137;0.006198745360259357;0.03312089843175478;1610752128;44090656770;29610352866;11811291170;192;136;316;107;-7.783272217217847;0.078125;0.046875;random_535
3;0.2366789100818342;0.1819432033667347;0.02595492144120827;0.25233527557337193;0.12282527776671816;0.1402530047885955;0.006348029328823759;0.033661377652713445;1073881088;35433613312;29532451296;11811291170;137;117;314;183;-7.799425463055461;0.078125;0.03125;random_535
4;0.2366789100818342;0.1819432033667347;0.02595492144120827;0.25233527557337193;0.12282527776671816;0.1402530047885955;0.006348029328823759;0.033661377652713445;1073881088;35433613312;29532451296;11811291170;137;117;314;183;-7.825879415641751;0.078125;0.046875;random_535
5;0.2366789100818342;0.1819432033667347;0.02595492144120827;0.25233527557337193;0.12282527776671816;0.1402530047885955;0.006348029328823759;0.033661377652713445;1073881088;35433613312;29532451296;11811291170;137;117;314;183;-7.825879415641751;0.078125;;random_535
0;0.19465208050211813;0.0208491539407021;0.15166985075084918;0.09675530136369932;0.2006332379586582;0.08365200903831435;0.15989380329317524;0.09189456315248333;536871040;2147483680;25769804098;29534331042;65;46;111;529;;;;random_536
1;0.40072647367377445;0.00310362567010429;0.0033302005369709063;0.3927380356007213;0.046225443549343416;0.03708592971439797;0.06602574663090753;0.05076454462378014;1610752128;2147483680;26847879232;29611143330;205;62;208;276;-7.746542047065906;0.09375;0.046875;random_536
2;0.22350086628715765;0.0027692807665022075;0.05262966994137647;0.43884178522662964;0.04310337257013177;0.00745609202988119;0.05762348469859703;0.17407544847972403;1610752128;2415919136;26847879232;29534331042;205;61;226;259;-7.8626671168660245;0.078125;0.03125;random_536
3;0.22350086628715765;0.0027692807665022075;0.05262966994137647;0.43884178522662964;0.04310337257013177;0.00745609202988119;0.05762348469859703;0.17407544847972403;1610752128;2415919136;26847879232;29534331042;205;61;226;259;-7.866172479107945;0.078125;0.046875;random_536
4;0.22350086628715765;0.0027692807665022075;0.05262966994137647;0.43884178522662964;0.04310337257013177;0.00745609202988119;0.05762348469859703;0.17407544847972403;1610752128;2415919136;26847879232;29534331042;205;61;226;259;-7.866172479107945;0.078125;;random_536
0;0.14042084373453617;0.2007912793722329;0.25077534686639463;0.03494983611710509;0.1370910036557608;0.03427129401716694;0.007903626609992023;0.19379676962681136;1610752128;44090656770;29543374898;27384742082;135;187;238;191;;;;random_537
1;0.2197678658631195;0.2120153234692608;0.22922011639810183;0.07820873231742345;0.08294365967654888;0.04228766781060607;0.003764132288824608;0.1317925021761149;1610752128;44090656770;29543374898;27384742082;147;197;216;191;-7.744957143139818;0.078125;0.046875;random_537
2;0.2438296385860637;0.31348985451026173;0.1583104619635616;0.02191898632128122;0.05660336809438048;0.07545318230348849;0.010125271106872107;0.12026923711409081;1610752128;44090656770;29543374898;27384742082;125;219;230;177;-7.749482428726348;0.09375;0.046875;random_537
3;0.26158169708874085;0.30574944384943437;0.015553734183934596;0.042052877391403655;0.023761290340816674;0.2879894813117634;0.05018291381742325;0.013128562016483257;1610752128;61207611458;29610352866;26915008834;146;196;265;144;-7.779137369797101;0.09375;0.046875;random_537
4;0.2589038886103786;0.09618123162803908;0.05702794703314539;0.20104364345641731;0.062438033258571925;0.2753629502162146;0.04451446483946561;0.004527840957767457;1610752128;61744482434;29610352866;26915008834;144;163;285;159;-7.818978925012154;0.09375;0.046875;random_537
5;0.20351755227612883;0.11702777632732324;0.07684897614325388;0.15060676575082368;0.06044924340346322;0.37948267454670465;0.011261351265992668;0.0008056602863097856;1610752128;61744482434;29610352866;26915008834;137;164;285;165;-7.844070275916532;0.09375;0.046875;random_537
6;0.20351755227612883;0.11702777632732324;0.07684897614325388;0.15060676575082368;0.06044924340346322;0.37948267454670465;0.011261351265992668;0.0008056602863097856;1610752128;61744482434;29610352866;26915008834;137;164;285;165;-7.848017082583274;0.09375;;random_537
0;0.3020973559045666;0.1829299340733454;0.022253990447683475;0.018965120671337835;0.09664059659799823;0.11702168603561543;0.0011879271198838943;0.258903389149569;2415919136;26847748162;29565784290;35433613312;50;190;335;176;;;;random_538
1;0.22731867997325075;0.21778282490020726;0.0233660952490885;0.051560957778979975;0.16741693497194463;0.09283113520877237;0.015945684424607864;0.2037776874931487;2415919136;26847748162;29565784290;35433613312;48;201;319;183;-7.786858565008101;0.078125;0.046875;random_538
2;0.3188267260209409;0.3125167311315185;0.01233475156003031;0.05729383544931351;0.06127058421008044;0.16402134228503878;0.02036627212274369;0.05336975722033394;2415919104;26915008834;29565784290;35433613312;55;237;289;170;-7.7893032659458665;0.09375;0.03125;random_538
3;0.2940985242496007;0.16691998144413625;0.021869178412160992;0.06509988062962803;0.0625237540796771;0.27062616109209964;0.009538048259700704;0.1093244718329965;2415919104;26915008834;29565784290;35433613312;94;212;291;154;-7.803381015515856;0.078125;0.046875;random_538
4;0.1630698429893746;0.00407268318921882;0.09797735637200568;0.2025790815233156;0.07132255533094715;0.3329994162083449;0.0012882034078602433;0.12669086097893295;37849409536;26847748162;12348170466;1073881088;116;244;270;121;-7.813001802740335;0.09375;0.046875;random_538
5;0.1630698429893746;0.00407268318921882;0.09797735637200568;0.2025790815233156;0.07132255533094715;0.3329994162083449;0.0012882034078602433;0.12669086097893295;37849409536;26847748162;12348170466;1073881088;116;244;270;121;-7.85603958657832;0.078125;0.03125;random_538
6;0.1630698429893746;0.00407268318921882;0.09797735637200568;0.2025790815233156;0.07132255533094715;0.3329994162083449;0.0012882034078602433;0.12669086097893295;37849409536;26847748162;12348170466;1073881088;116;244;270;121;-7.85603958657832;0.078125;;random_538
0;0.11092268150638572;0.23570494079476662;0.20929616667708842;0.11854427972031073;0.14843784126519277;0.07446107094972984;0.07181076727369247;0.030822251812833507;10200686722;2147483680;29610352866;35433613312;173;48;361;169;;;;random_539
1;0.25684487657698163;0.18643343408575858;0.24010566523059823;0.1103239077637261;0.0831136870096076;0.0982825872285148;0.02007800805396056;0.004817834050852553;10200686722;2147483680;29610352866;35433613312;153;53;388;157;-7.773802978991085;0.078125;0.046875;random_539
2;0.354114745819525;0.022965792650927252;0.0318734824032819;0.2604879263896492;0.13256127796946085;0.16784233151635344;0.015165306437825772;0.014989136812976743;10200686722;2147483680;29610352866;1073872896;167;73;346;165;-7.7929855831815935;0.09375;0.046875;random_539
3;0.34884434049438995;0.00273272513097807;0.06775407423558436;0.38042746609519695;0.011189118644623321;0.09961849730817919;0.034426194101241654;0.05500758398980671;10200686722;2147483680;29610352866;1073872896;169;76;354;152;-7.844601037148339;0.09375;0.03125;random_539
4;0.26400356727738417;0.13972626508717423;0.03191848428753177;0.3958529056178151;0.08658313179424464;0.012663840306161888;0.06594451750872049;0.003307288120967658;29534331042;2415919136;29530141040;1073872896;296;53;213;189;-7.835683253347633;0.078125;0.046875;random_539
5;0.37340059868882525;0.034454710893647704;0.021988553198505963;0.4433429767374552;0.03507017768372346;0.0141831083682436;0.0738558143111319;0.0037040601184669896;29534331042;2415919136;29530141040;1073872896;294;51;221;185;-7.880157861797086;0.09375;0.046875;random_539
6;0.37340059868882525;0.034454710893647704;0.021988553198505963;0.4433429767374552;0.03507017768372346;0.0141831083682436;0.0738558143111319;0.0037040601184669896;29534331042;2415919136;29530141040;1073872896;294;51;221;185;-7.876840950336241;0.09375;;random_539
0;0.0644736758281753;0.17446894745478628;0.1355455983489734;0.11112014161612904;0.1453397506936703;0.07521347267760842;0.1851372791192028;0.10870113426145425;2684354720;46802282550;29602427378;18257936384;61;219;284;187;;;;random_54
1;0.26530672686829393;0.12372295398910708;0.015767252650573032;0.26382690621142557;0.0790736463705634;0.010679778008529196;0.19933236023985834;0.04229037566164941;2684354720;46802282550;29632917990;18257936384;56;208;288;199;-7.727375623542508;0.09375;0.03125;random_54
2;0.22350086628715765;0.0027692807665022075;0.05262966994137647;0.43884178522662964;0.04310337257013177;0.00745609202988119;0.05762348469859703;0.17407544847972403;2684354720;46506575906;29058605408;18257936384;106;204;208;233;-7.823500102061138;0.078125;0.03125;random_54
3;0.22350086628715765;0.0027692807665022075;0.05262966994137647;0.43884178522662964;0.04310337257013177;0.00745609202988119;0.05762348469859703;0.17407544847972403;2684354720;46506575906;29058605408;18257936384;106;204;208;233;-7.898021290110449;0.09375;0.046875;random_54
4;0.22350086628715765;0.0027692807665022075;0.05262966994137647;0.43884178522662964;0.04310337257013177;0.00745609202988119;0.05762348469859703;0.17407544847972403;2684354720;46506575906;29058605408;18257936384;106;204;208;233;-7.898021290110449;0.09375;;random_54
0;0.1490710206252283;0.02232272462799912;0.1221375120138166;0.08793503596143938;0.21607180857944883;0.10425827723337198;0.2464003876523744;0.05180323330632152;34896611456;2147483680;26915008834;18796904576;58;79;364;250;;;;random_540
1;0.29095675147679556;0.0010033645645283727;0.021514037016247146;0.19262442605775262;0.09333696124203957;0.18163082731953925;0.19542577023626842;0.023507862086829038;34896611456;2147483680;29632917990;18257936384;66;51;419;215;-7.7492965418628135;0.078125;0.03125;random_540
2;0.40072647367377445;0.00310362567010429;0.0033302005369709063;0.3927380356007213;0.046225443549343416;0.03708592971439797;0.06602574663090753;0.05076454462378014;34896611456;2147483680;29610352866;18257936384;73;54;427;197;-7.834163434327544;0.078125;0.046875;random_540
3;0.22350086628715765;0.0027692807665022075;0.05262966994137647;0.43884178522662964;0.04310337257013177;0.00745609202988119;0.05762348469859703;0.17407544847972403;35970493568;2415919136;29610352866;18257936384;145;38;407;161;-7.846524298981617;0.078125;0.046875;random_540
4;0.22350086628715765;0.0027692807665022075;0.05262966994137647;0.43884178522662964;0.04310337257013177;0.00745609202988119;0.05762348469859703;0.17407544847972403;35970493568;2415919136;29610352866;18257936384;146;38;407;160;-7.86936488765749;0.09375;0.03125;random_540
5;0.22350086628715765;0.0027692807665022075;0.05262966994137647;0.43884178522662964;0.04310337257013177;0.00745609202988119;0.05762348469859703;0.17407544847972403;35970493568;2415919136;29610352866;18257936384;146;38;407;160;-7.869451788666519;0.078125;;random_540
0;0.2400032043345869;0.15301834400079192;0.03101227883678874;0.12951275446440594;0.06910048917347203;0.19318878219122623;0.16798337307171596;0.01618077392701235;536871040;19331547168;20961435680;29805125826;48;51;308;344;;;;random_541
1;0.2380546354771868;0.11173900989189237;0.026105787627590093;0.2538020055267487;0.04185444016434565;0.24887557479368702;0.006384928033296779;0.07318361848525257;1610752128;20405682208;1073872896;29800542402;118;166;96;371;-7.745995110853055;0.078125;0.0625;random_541
2;0.1536894198364882;0.002031259805225586;0.015509271266870073;0.24031944545001954;0.08378739188450274;0.3347126832399806;0.042266667114845044;0.12768386140206808;1610752128;20405682208;1073872896;29805125826;123;194;105;329;-7.852317528548629;0.078125;0.03125;random_541
3;0.1630698429893746;0.00407268318921882;0.09797735637200568;0.2025790815233156;0.07132255533094715;0.3329994162083449;0.0012882034078602433;0.12669086097893295;1610752128;54840657953;1073872896;29800542402;125;217;107;302;-7.854867683995964;0.078125;0.046875;random_541
4;0.1630698429893746;0.00407268318921882;0.09797735637200568;0.2025790815233156;0.07132255533094715;0.3329994162083449;0.0012882034078602433;0.12669086097893295;1610752128;54840657953;1073872896;29800542402;125;217;107;302;-7.831077214021287;0.078125;0.03125;random_541
5;0.1630698429893746;0.00407268318921882;0.09797735637200568;0.2025790815233156;0.07132255533094715;0.3329994162083449;0.0012882034078602433;0.12669086097893295;1610752128;54840657953;1073872896;29800542402;125;217;107;302;-7.831077214021287;0.078125;;random_541
0;0.08544992967748329;0.181550502825341;0.08346091087355177;0.15218238407097326;0.02320349766654457;0.1774126103417631;0.10282157233401978;0.19391859221032326;536871040;29610352866;1073872896;35970484240;61;437;109;144;;;;random_542
1;0.31068036941366917;0.002486662303246455;0.03670096369096367;0.17181874792246485;0.03870446543718069;0.06513362246299155;0.002488741709809929;0.37198642705967355;1610752128;29610352866;1073872896;53156453649;102;371;149;129;-7.772686142416104;0.09375;0.046875;random_542
2;0.2141875990279326;0.14140163163174538;0.04634367787947426;0.10831711571244376;0.05335031274434084;0.00656554995798805;0.03182409513900542;0.3980100179070696;1610752128;29609828386;1073872896;64160942162;153;228;157;213;-7.781942989717382;0.078125;0.046875;random_542
3;0.289043844555905;0.04380639852119489;0.0646811295596687;0.15521353841383523;0.0133797138455192;0.015255197615012128;0.03296691581926518;0.38565326166959957;1610752128;29609828386;1073872896;64160942162;151;226;155;219;-7.805002848289118;0.078125;0.03125;random_542
4;0.28285602862283515;0.2537776207989907;0.0451233842292053;0.02450298610495382;0.05022252087045374;0.006392669873997028;0.004814088301972496;0.3323107011975916;1610752128;29609828386;1073872896;63355365730;161;194;128;268;-7.796736223061239;0.09375;0.046875;random_542
5;0.289043844555905;0.04380639852119489;0.0646811295596687;0.15521353841383523;0.0133797138455192;0.015255197615012128;0.03296691581926518;0.38565326166959957;1610752128;29609828386;1073872896;63355365730;176;198;107;270;-7.8064253346602355;0.09375;0.03125;random_542
6;0.28285602862283515;0.2537776207989907;0.0451233842292053;0.02450298610495382;0.05022252087045374;0.006392669873997028;0.004814088301972496;0.3323107011975916;1610752128;29609828386;1073872896;63355365730;161;195;129;266;-7.823444538057854;0.078125;0.03125;random_542
7;0.289043844555905;0.04380639852119489;0.0646811295596687;0.15521353841383523;0.0133797138455192;0.015255197615012128;0.03296691581926518;0.38565326166959957;1610752128;29609828386;1073872896;63355365730;176;198;107;270;-7.806018469893891;0.09375;0.046875;random_542
8;0.28285602862283515;0.2537776207989907;0.0451233842292053;0.02450298610495382;0.05022252087045374;0.006392669873997028;0.004814088301972496;0.3323107011975916;1610752128;29609828386;1073872896;63355365730;161;195;129;266;-7.823444538057854;0.09375;;random_542
0;0.12137200935590316;0.17375542186780643;0.21958452977621953;0.16474748575309728;0.13039654576342827;0.08283333335613997;0.009605717382726524;0.09770495674467866;2415919104;44090656770;29610352866;1073881088;50;185;410;106;;;;random_543
1;0.2366789100818342;0.1819432033667347;0.02595492144120827;0.25233527557337193;0.12282527776671816;0.1402530047885955;0.006348029328823759;0.033661377652713445;2415919104;44090656770;29610352866;1073881088;57;184;364;146;-7.795230180125721;0.078125;0.046875;random_543
2;0.23305217935049427;0.24520217241991435;0.013850355910538516;0.23175226723291628;0.10393040132183767;0.15078164055193224;0.014373299585556198;0.007057683626810569;2415919104;61744482434;29610352866;1073881088;51;228;326;146;-7.836010114153632;0.09375;0.046875;random_543
3;0.2366789100818342;0.1819432033667347;0.02595492144120827;0.25233527557337193;0.12282527776671816;0.1402530047885955;0.006348029328823759;0.033661377652713445;2415919104;61744482434;29610352866;1073881088;54;215;337;145;-7.831709630466118;0.078125;0.046875;random_543
4;0.2380546354771868;0.11173900989189237;0.026105787627590093;0.2538020055267487;0.04185444016434565;0.24887557479368702;0.006384928033296779;0.07318361848525257;2415919104;61744482434;29610352866;1073881088;70;206;334;141;-7.828501128549518;0.078125;0.046875;random_543
5;0.2380546354771868;0.11173900989189237;0.026105787627590093;0.2538020055267487;0.04185444016434565;0.24887557479368702;0.006384928033296779;0.07318361848525257;2415919104;61744482434;29610352866;1073881088;70;206;334;141;-7.834431857730589;0.09375;;random_543
0;0.09863810743009623;0.19682218109881894;0.04525675921485571;0.1775916441156185;0.008982737514820552;0.2119600984093414;0.1597277938525754;0.1010206783638734;2684354720;46802282550;29632917990;18257936384;78;240;246;187;;;;random_544
1;0.22350086628715765;0.0027692807665022075;0.05262966994137647;0.43884178522662964;0.04310337257013177;0.00745609202988119;0.05762348469859703;0.17407544847972403;2684354720;46506575906;29058605408;18257936384;106;204;208;233;-7.782668788628098;0.078125;0.046875;random_544
2;0.22350086628715765;0.0027692807665022075;0.05262966994137647;0.43884178522662964;0.04310337257013177;0.00745609202988119;0.05762348469859703;0.17407544847972403;2684354720;46506575906;29058605408;18257936384;106;204;208;233;-7.898021290110449;0.09375;0.046875;random_544
3;0.22350086628715765;0.0027692807665022075;0.05262966994137647;0.43884178522662964;0.04310337257013177;0.00745609202988119;0.05762348469859703;0.17407544847972403;2684354720;46506575906;29058605408;18257936384;106;204;208;233;-7.898021290110449;0.078125;;random_544
0;0.06570116253775463;0.04563092406525099;0.14492070490239745;0.10151553275599112;0.18386458758799468;0.22438572299720827;0.07316039671314184;0.16082096844026103;1610752128;29610352866;2415919104;1073872896;119;425;92;115;;;;random_545
1;0.1630698429893746;0.00407268318921882;0.09797735637200568;0.2025790815233156;0.07132255533094715;0.3329994162083449;0.0012882034078602433;0.12669086097893295;1610752128;29610352866;3489800192;1073872896;133;399;100;119;-7.814257045788812;0.078125;0.046875;random_545
2;0.1630698429893746;0.00407268318921882;0.09797735637200568;0.2025790815233156;0.07132255533094715;0.3329994162083449;0.0012882034078602433;0.12669086097893295;1610752128;29610352866;3489800192;1073872896;134;397;101;119;-7.836595514474449;0.078125;0.0625;random_545
3;0.1630698429893746;0.00407268318921882;0.09797735637200568;0.2025790815233156;0.07132255533094715;0.3329994162083449;0.0012882034078602433;0.12669086097893295;1610752128;29610352866;3489800192;1073872896;134;397;101;119;-7.83730789124835;0.078125;;random_545
0;0.1594912661719395;0.016125238354884303;0.2322001021045629;0.13722341472544222;0.005178777900781874;0.17818920677914138;0.0345862822638963;0.23700571169935167;34359740416;63971487074;18257936384;1610752128;49;388;166;148;;;;random_546
1;0.2953868792814737;0.10272532781191585;0.009550187858977786;0.01913694878422494;0.10090073972016667;0.14771438252278574;0.023185370778709632;0.3014001632417456;35433613312;29609828386;1073872896;1610752128;130;338;120;163;-7.747123348728172;0.078125;0.046875;random_546
2;0.2513448966457677;0.08915769942608719;0.016629634072666266;0.1181371434798492;0.2008391403663697;0.12327716479800704;0.007096098510675712;0.19351822270057709;35433613312;29610352866;1073872896;1610752128;113;402;107;129;-7.79520752112593;0.078125;0.046875;random_546
3;0.26365743551553666;0.14396072903925752;0.010811604327883657;0.07866960689985;0.17480035861382853;0.02968598097871914;0.030683119381106003;0.26773116524381846;35433613312;29610352866;1073872896;1610752128;141;363;117;130;-7.795066572025998;0.09375;0.046875;random_546
4;0.326285941382742;0.0635185918034378;0.008643354331733638;0.11122957736487912;0.18147816180187873;0.10093889846655026;0.01777818869520478;0.19012728615357374;35433613312;29610352866;1073872896;1610752128;109;412;108;122;-7.794969166063367;0.09375;0.046875;random_546
5;0.35206694389964255;0.24838557477533132;0.022495559963140233;0.015968218246313563;0.1405896304892291;0.13153222491131794;0.01137170991244835;0.07759013780257697;35433613312;29610352866;1073872896;1610752128;179;357;101;114;-7.806606317294905;0.078125;0.03125;random_546
6;0.23992456160785972;0.12006441414870732;0.01978625301337231;0.08363368697574342;0.15340255175144507;0.19609671057717268;0.0022166257565251458;0.18487519616917433;35433613312;29610352866;1073872896;1610752128;122;389;101;139;-7.801835131057344;0.09375;0.046875;random_546
7;0.33784642537932386;0.17065980344403034;0.005817594961374605;0.04414622843592747;0.18090102860280285;0.18368777986648022;0.005184859683723086;0.07175627962633749;35433613312;29610352866;1073872896;1610752128;147;384;99;121;-7.824720138014977;0.078125;0.0625;random_546
8;0.2380546354771868;0.11173900989189237;0.026105787627590093;0.2538020055267487;0.04185444016434565;0.24887557479368702;0.006384928033296779;0.07318361848525257;35433613312;29610352866;1073872896;1610752128;102;479;72;98;-7.803764316039655;0.078125;0.03125;random_546
9;0.2366789100818342;0.1819432033667347;0.02595492144120827;0.25233527557337193;0.12282527776671816;0.1402530047885955;0.006348029328823759;0.033661377652713445;35433613312;29610352866;1073872896;1610752128;134;449;75;93;-7.820082848811523;0.078125;0.046875;random_546
10;0.2366789100818342;0.1819432033667347;0.02595492144120827;0.25233527557337193;0.12282527776671816;0.1402530047885955;0.006348029328823759;0.033661377652713445;35433613312;29610352866;1073872896;1610752128;134;449;75;93;-7.8254918362826675;0.078125;;random_546
0;0.11976282722455167;0.11381499287815962;0.21311315737071004;0.20027198470587917;0.16239950721512783;0.13137395222007486;0.057406782837397564;0.0018567955480993203;1073881088;2147483680;29610352866;34359740416;129;58;499;65;;;;random_547
1;0.2366789100818342;0.1819432033667347;0.02595492144120827;0.25233527557337193;0.12282527776671816;0.1402530047885955;0.006348029328823759;0.033661377652713445;1073881088;2147483680;29610352866;35433613312;137;59;424;131;-7.797110303082841;0.078125;0.046875;random_547
2;0.2500791569798219;0.2354027773027801;0.014862273932091507;0.2486842722487812;0.05416282486031248;0.14072914265149306;0.02574566700541392;0.030333885019305878;1073881088;2147483680;29610352866;35433613312;140;55;410;146;-7.8498405994253755;0.078125;0.046875;random_547
3;0.2500791569798219;0.2354027773027801;0.014862273932091507;0.2486842722487812;0.05416282486031248;0.14072914265149306;0.02574566700541392;0.030333885019305878;1073881088;2147483680;29610352866;35433613312;140;55;410;146;-7.852948369412067;0.078125;;random_547
0;0.0326593932930012;0.08743793988647088;0.05370523710834869;0.1556067993194861;0.1460373169690427;0.10641016210308132;0.21854269465914522;0.19960045666142395;34359740416;29609828386;2415919104;1610752128;48;414;43;246;;;;random_548
1;0.3260953435330009;0.0020322877846169272;0.0020339872323274924;0.10880299471115044;0.031632205231654435;0.18232749800353817;0.07281668529257884;0.27425899821113287;34359740416;29609828386;2415919104;1610752128;63;401;55;232;-7.74560769674808;0.09375;0.03125;random_548
2;0.2380546354771868;0.11173900989189237;0.026105787627590093;0.2538020055267487;0.04185444016434565;0.24887557479368702;0.006384928033296779;0.07318361848525257;35433613312;29610352866;2415919104;1073881088;95;452;78;126;-7.774975090260222;0.078125;0.046875;random_548
3;0.20351755227612883;0.11702777632732324;0.07684897614325388;0.15060676575082368;0.06044924340346322;0.37948267454670465;0.011261351265992668;0.0008056602863097856;35433613312;29610352866;3489800192;1073881088;118;366;111;156;-7.83930818753549;0.09375;0.046875;random_548
4;0.2380546354771868;0.11173900989189237;0.026105787627590093;0.2538020055267487;0.04185444016434565;0.24887557479368702;0.006384928033296779;0.07318361848525257;35433613312;29610352866;3489800192;1073881088;94;439;92;126;-7.828170972157211;0.09375;0.046875;random_548
5;0.20351755227612883;0.11702777632732324;0.07684897614325388;0.15060676575082368;0.06044924340346322;0.37948267454670465;0.011261351265992668;0.0008056602863097856;35433613312;29610352866;3489800192;1073881088;118;366;111;156;-7.841780827439727;0.09375;0.03125;random_548
6;0.2380546354771868;0.11173900989189237;0.026105787627590093;0.2538020055267487;0.04185444016434565;0.24887557479368702;0.006384928033296779;0.07318361848525257;35433613312;29610352866;3489800192;1073881088;94;438;93;126;-7.828170972157211;0.078125;0.03125;random_548
7;0.20351755227612883;0.11702777632732324;0.07684897614325388;0.15060676575082368;0.06044924340346322;0.37948267454670465;0.011261351265992668;0.0008056602863097856;35433613312;29610352866;3489800192;1073881088;118;366;111;156;-7.842241499041476;0.078125;;random_548
0;0.21062169344132056;0.15391328540417248;0.013302421453495685;0.13105708777407715;0.15284364320836924;0.13712569947112888;0.0013700783988523462;0.19976609084858357;1610752128;61744482434;20969631776;11819556962;127;239;202;183;;;;random_549
1;0.37025333210684236;0.022956605155466023;0.07191222226505606;0.4037747516473602;0.08737804219003784;0.0029004357188159953;0.03653897053246483;0.004285640383956738;1073872896;61746587650;21289906192;29532451296;112;213;229;197;-7.765842994607446;0.09375;0.046875;random_549
2;0.22350086628715765;0.0027692807665022075;0.05262966994137647;0.43884178522662964;0.04310337257013177;0.00745609202988119;0.05762348469859703;0.17407544847972403;1073872896;61208149506;21289906192;29532451296;124;214;195;218;-7.896371070190813;0.09375;0.03125;random_549
3;0.22350086628715765;0.0027692807665022075;0.05262966994137647;0.43884178522662964;0.04310337257013177;0.00745609202988119;0.05762348469859703;0.17407544847972403;1073872896;61208149506;21289906192;29532451296;124;214;194;219;-7.878699420353105;0.09375;0.046875;random_549
4;0.22350086628715765;0.0027692807665022075;0.05262966994137647;0.43884178522662964;0.04310337257013177;0.00745609202988119;0.05762348469859703;0.17407544847972403;1073872896;61208149506;21289906192;29532451296;124;214;194;219;-7.878418027027005;0.09375;;random_549
0;0.07938418058648469;0.182451976556527;0.20365731386640784;0.010129795166119181;0.051219333232676356;0.07673627856740174;0.17943764467123657;0.21698347735314658;536870928;42949675010;20961435680;18794684544;50;128;331;242;;;;random_55
1;0.2352763198831601;0.12125265843302892;0.03974170175434457;0.028562860750338478;0.0664960517847493;0.0827786328106641;0.05602917450792914;0.3698626000757854;10200678418;44090656770;29609828386;18794807424;84;227;248;192;-7.711518956168543;0.09375;0.046875;random_55
2;0.28285602862283515;0.2537776207989907;0.0451233842292053;0.02450298610495382;0.05022252087045374;0.006392669873997028;0.004814088301972496;0.3323107011975916;10200678418;44090656770;29609828386;18794807424;78;231;260;182;-7.771700986452996;0.09375;0.03125;random_55
3;0.289043844555905;0.04380639852119489;0.0646811295596687;0.15521353841383523;0.0133797138455192;0.015255197615012128;0.03296691581926518;0.38565326166959957;12348166258;44090656770;29542588512;18794807424;113;226;196;216;-7.758554597454805;0.078125;0.046875;random_55
4;0.39291997443258353;0.046678392075325884;0.08967364259959058;0.08593741867270752;0.0030779983045545484;0.012602836570425146;0.03494607953549779;0.33416365780931495;12348166258;44090656770;29542588512;18794807424;118;214;210;209;-7.762501188309694;0.078125;0.046875;random_55
5;0.28904053468941016;0.03568534105955727;0.07103424143196042;0.027745393099122256;0.17010319863028864;0.03772867566678448;0.03831303094916253;0.33034958447371426;2147483680;44090656770;29609828386;18794807424;55;224;247;225;-7.766589149607326;0.078125;0.0625;random_55
6;0.28285602862283515;0.2537776207989907;0.0451233842292053;0.02450298610495382;0.05022252087045374;0.006392669873997028;0.004814088301972496;0.3323107011975916;2147483680;44090656770;29609828386;18794807424;63;234;244;210;-7.801791141152731;0.078125;0.046875;random_55
7;0.3076469953297204;0.09220441931162156;0.012594904878318753;0.09049487347217217;0.17444898553748314;0.048363992212911135;0.0031122340942089;0.27113359516356395;2147483680;44090656770;29806911586;18794807424;52;229;246;224;-7.790225301193533;0.09375;0.046875;random_55
8;0.2141875990279326;0.14140163163174538;0.04634367787947426;0.10831711571244376;0.05335031274434084;0.00656554995798805;0.03182409513900542;0.3980100179070696;2415919136;44090656770;29806911586;18794807424;53;248;218;232;-7.788256798899563;0.078125;0.046875;random_55
9;0.28285602862283515;0.2537776207989907;0.0451233842292053;0.02450298610495382;0.05022252087045374;0.006392669873997028;0.004814088301972496;0.3323107011975916;2147483680;44090656770;29609828386;18794807424;63;234;244;210;-7.7994330089984025;0.078125;0.03125;random_55
10;0.3076469953297204;0.09220441931162156;0.012594904878318753;0.09049487347217217;0.17444898553748314;0.048363992212911135;0.0031122340942089;0.27113359516356395;2147483680;44090656770;29806911586;18794807424;52;229;246;224;-7.790225301193533;0.078125;0.03125;random_55
11;0.2141875990279326;0.14140163163174538;0.04634367787947426;0.10831711571244376;0.05335031274434084;0.00656554995798805;0.03182409513900542;0.3980100179070696;2415919136;44090656770;29806911586;18794807424;53;248;218;232;-7.788256798899563;0.078125;0.046875;random_55
12;0.28285602862283515;0.2537776207989907;0.0451233842292053;0.02450298610495382;0.05022252087045374;0.006392669873997028;0.004814088301972496;0.3323107011975916;2147483680;44090656770;29609828386;18794807424;63;234;244;210;-7.7994330089984025;0.078125;;random_55
0;0.08875662547175812;0.0153996806731871;0.1736108355878675;0.3174319060309703;0.010151878587665747;0.004738506852260011;0.2026728867986519;0.18723767999763943;536871040;29610352866;18258997248;1073872896;65;424;157;105;;;;random_550
1;0.22350086628715765;0.0027692807665022075;0.05262966994137647;0.43884178522662964;0.04310337257013177;0.00745609202988119;0.05762348469859703;0.17407544847972403;1610752128;29610352866;18257936384;1073872896;140;415;121;75;-7.787556808876338;0.078125;0.03125;random_550
2;0.22350086628715765;0.0027692807665022075;0.05262966994137647;0.43884178522662964;0.04310337257013177;0.00745609202988119;0.05762348469859703;0.17407544847972403;1610752128;29610352866;18257936384;1073872896;140;415;121;75;-7.853764635352317;0.078125;0.046875;random_550
3;0.22350086628715765;0.0027692807665022075;0.05262966994137647;0.43884178522662964;0.04310337257013177;0.00745609202988119;0.05762348469859703;0.17407544847972403;1610752128;29610352866;18257936384;1073872896;140;415;121;75;-7.853764635352317;0.09375;;random_550
0;0.005976075111187968;0.039216409539329984;0.31823801699457605;0.1722234389658784;0.04732784629826545;0.05932585310688885;0.232638935269209;0.12505342471466427;34359740416;68273253739;18257936384;1610752128;20;389;188;154;;;;random_551
1;0.34685403084218114;0.07111847396004561;0.393971529963546;0.04492542708525147;0.010530123027847671;0.01207666591824;0.04711791961856053;0.0734058295843275;34359740416;63971487074;18257936384;1610752128;66;313;171;201;-7.723392120684747;0.078125;0.046875;random_551
2;0.2311990315342253;0.14710921117904507;0.2548637774497749;0.02048703746260963;0.18114829779410857;0.07260572725157706;0.02484676702347581;0.0677401503051835;35433613312;63971487074;18257944576;1610752128;94;290;178;189;-7.76434360651671;0.078125;0.046875;random_551
3;0.2948594136395505;0.07962972976494902;0.22571574919420737;0.049976698536509524;0.24314594570868217;0.03017204125416055;0.009263290749320058;0.06723713115262088;35433613312;29602427378;18257944576;1610752128;110;329;159;153;-7.774439876647149;0.09375;0.046875;random_551
4;0.2724201800493848;0.17128132965489867;0.1835328532257922;0.009388137065105356;0.19172768562618284;0.02602742128328252;0.04221838572375918;0.1034040073715945;35433613312;29602427378;18257944576;1610752128;140;300;146;165;-7.751696237331024;0.078125;0.03125;random_551
5;0.3250249145654498;0.2109996716163224;0.18010986345950306;0.18870116104764156;0.04320458247882977;0.03465384137377731;0.0032645216145741913;0.014041443843901744;35433613312;29602427378;18257944576;1610752128;129;373;126;123;-7.758972089687417;0.078125;0.046875;random_551
6;0.3213706583755633;0.11903814318268968;0.017556143254973008;0.27872367736218245;0.15140872368796396;0.0725830103446137;0.006198745360259357;0.03312089843175478;35433613312;29610352866;18257944576;1610752128;110;434;140;67;-7.813800208706685;0.09375;0.046875;random_551
7;0.2308093585983686;0.12859103137220315;0.012810719944813947;0.2926995990654124;0.00829441579153979;0.08442058700028815;0.0014980813812954942;0.2408762068460784;35433613312;29610352866;1073872896;1610752128;106;437;89;119;-7.806197021655379;0.078125;0.046875;random_551
8;0.2308093585983686;0.12859103137220315;0.012810719944813947;0.2926995990654124;0.00829441579153979;0.08442058700028815;0.0014980813812954942;0.2408762068460784;35433613312;29610352866;1073872896;1610752128;106;437;89;119;-7.824161783082005;0.09375;0.03125;random_551
9;0.2308093585983686;0.12859103137220315;0.012810719944813947;0.2926995990654124;0.00829441579153979;0.08442058700028815;0.0014980813812954942;0.2408762068460784;35433613312;29610352866;1073872896;1610752128;106;437;89;119;-7.824161783082005;0.078125;;random_551
0;0.013105478600342987;0.3242657672002238;0.016494719021714923;0.056224798991686545;0.08094592879028985;0.07304838171495392;0.3882729740337234;0.0476419516470646;536871040;8589934594;2415919104;12348170466;60;45;47;599;;;;random_552
1;0.3462756393079222;0.008205280802740194;0.004277236468970023;0.1072427835096712;0.20480471150285293;0.033308968913574766;0.2223050048994628;0.0735803745948058;34896611456;8589934594;2147483680;29534331042;72;54;37;588;-7.745611193283549;0.078125;0.046875;random_552
2;0.42454000929625346;0.0033256986507659643;0.043745609924104235;0.27976735458040436;0.08648933318160516;0.013617043425939312;0.13689034718363297;0.01162460375729453;1610743936;8589934594;2415919136;29540626790;234;67;50;400;-7.770307163228522;0.078125;0.046875;random_552
3;0.26400356727738417;0.13972626508717423;0.03191848428753177;0.3958529056178151;0.08658313179424464;0.012663840306161888;0.06594451750872049;0.003307288120967658;18811592704;10200686722;2415919136;29530141040;302;182;53;214;-7.83998396150605;0.078125;0.046875;random_552
4;0.22350086628715765;0.0027692807665022075;0.05262966994137647;0.43884178522662964;0.04310337257013177;0.00745609202988119;0.05762348469859703;0.17407544847972403;18257944576;10200690818;2415919136;29058605408;240;268;56;187;-7.923947950142504;0.078125;0.0625;random_552
5;0.22350086628715765;0.0027692807665022075;0.05262966994137647;0.43884178522662964;0.04310337257013177;0.00745609202988119;0.05762348469859703;0.17407544847972403;18257944576;10200690818;2415919136;29058605408;240;268;56;187;-7.8774669435149045;0.078125;0.046875;random_552
6;0.22350086628715765;0.0027692807665022075;0.05262966994137647;0.43884178522662964;0.04310337257013177;0.00745609202988119;0.05762348469859703;0.17407544847972403;18257944576;10200690818;2415919136;29058605408;240;268;56;187;-7.8774669435149045;0.09375;;random_552
0;0.03970785116011102;0.11941494652315099;0.0374217088078065;0.19953516604538843;0.13029556175612095;0.23498637723078858;0.010182207330185803;0.2284561811464478;1073872896;18794807424;44090656770;11819556962;84;193;161;313;;;;random_553
1;0.2380546354771868;0.11173900989189237;0.026105787627590093;0.2538020055267487;0.04185444016434565;0.24887557479368702;0.006384928033296779;0.07318361848525257;1073872896;18794807424;61274851586;29610352866;53;177;169;352;-7.811480154719182;0.078125;0.046875;random_553
2;0.2380546354771868;0.11173900989189237;0.026105787627590093;0.2538020055267487;0.04185444016434565;0.24887557479368702;0.006384928033296779;0.07318361848525257;1073872896;18794807424;61274851586;29610352866;53;177;169;352;-7.830869882492912;0.09375;0.03125;random_553
3;0.2380546354771868;0.11173900989189237;0.026105787627590093;0.2538020055267487;0.04185444016434565;0.24887557479368702;0.006384928033296779;0.07318361848525257;1073872896;18794807424;61274851586;29610352866;53;177;169;352;-7.830869882492912;0.078125;;random_553
0;0.040481990996539846;0.24362073018856192;0.08581178955635622;0.13443460136986235;0.006236118811466025;0.1919043731450005;0.056263139907699246;0.24124725602451388;536871040;29610352866;1073872896;35970484240;80;411;101;159;;;;random_554
1;0.21343438845208576;0.2949086501154172;0.03198713320872365;0.04020669876157109;0.043625903863327944;0.16618120444615808;0.002115214616447896;0.20754080653626839;1610752128;29610352866;1073872896;61274851586;115;304;113;219;-7.782106456958399;0.09375;0.046875;random_554
2;0.31846777647333935;0.2231045860681445;0.004639891248375784;0.017503328947673907;0.11143618279958313;0.16742282687554821;0.027138943169003817;0.13028646441833128;1610752128;29610352866;1073872896;61207611458;126;290;112;223;-7.810590990381944;0.078125;0.03125;random_554
3;0.22794178734514348;0.24706625911771557;0.017721489867657182;0.06295507542077715;0.049887405597615384;0.3409769332128235;0.02364781992100208;0.029803229517265672;1610752128;29610352866;1073872896;61207611458;139;295;111;206;-7.838804957125928;0.09375;0.046875;random_554
4;0.22794178734514348;0.24706625911771557;0.017721489867657182;0.06295507542077715;0.049887405597615384;0.3409769332128235;0.02364781992100208;0.029803229517265672;1610752128;29610352866;1073872896;61207611458;139;295;111;206;-7.852396494987836;0.09375;;random_554
0;0.17203097296961975;0.07372655278583423;0.06782296322073597;0.04431592477007337;0.20844554724454128;0.11398165352904167;0.07199177334235446;0.24768461213779921;1610752128;29610352866;26847870978;3221356576;151;265;191;144;;;;random_555
1;0.2141875990279326;0.14140163163174538;0.04634367787947426;0.10831711571244376;0.05335031274434084;0.00656554995798805;0.03182409513900542;0.3980100179070696;1610752128;29806911586;26847870978;3489792032;186;204;231;130;-7.766406557519612;0.078125;0.046875;random_555
2;0.2141875990279326;0.14140163163174538;0.04634367787947426;0.10831711571244376;0.05335031274434084;0.00656554995798805;0.03182409513900542;0.3980100179070696;1610752128;29806911586;26847870978;3489792032;186;204;231;130;-7.812794892586402;0.078125;0.046875;random_555
3;0.2141875990279326;0.14140163163174538;0.04634367787947426;0.10831711571244376;0.05335031274434084;0.00656554995798805;0.03182409513900542;0.3980100179070696;1610752128;29806911586;26847870978;3489792032;186;204;231;130;-7.812794892586402;0.078125;;random_555
0;0.16185302819747938;0.11828731956564476;0.1618949568239556;0.02423571139219232;0.13560982974827465;0.06539796017858367;0.13870574108738917;0.1940154530064804;536871040;42949675010;29609828386;18794684544;63;116;373;199;;;;random_556
1;0.2141875990279326;0.14140163163174538;0.04634367787947426;0.10831711571244376;0.05335031274434084;0.00656554995798805;0.03182409513900542;0.3980100179070696;536871040;44090656770;29609828386;18794807424;32;259;247;213;-7.727267298003849;0.09375;0.03125;random_556
2;0.2141875990279326;0.14140163163174538;0.04634367787947426;0.10831711571244376;0.05335031274434084;0.00656554995798805;0.03182409513900542;0.3980100179070696;536871040;44090656770;29609828386;18794807424;32;259;248;212;-7.746932521089858;0.078125;0.03125;random_556
3;0.2141875990279326;0.14140163163174538;0.04634367787947426;0.10831711571244376;0.05335031274434084;0.00656554995798805;0.03182409513900542;0.3980100179070696;536871040;44090656770;29609828386;18794807424;32;259;248;212;-7.746965533579958;0.078125;;random_556
0;0.21089904843840843;0.15284725405069563;0.20148691201492247;0.12657075543456905;0.07565764872426337;0.010981706980075922;0.18302008400427272;0.03853659035279226;9126805634;2415919136;29610352866;1073872896;90;39;455;167;;;;random_557
1;0.26944712927038167;0.009030505292281932;0.1843464987843593;0.2648111191012427;0.1051204705266616;0.008471646098846347;0.15656017610759415;0.002212454818632198;43486546050;2415919136;29610352866;1073872896;117;39;433;162;-7.792034025460837;0.078125;0.03125;random_557
2;0.27002795685226705;0.14532099445965768;0.0831791085664718;0.41170311013635125;0.0045732289880018;0.013170908603486808;0.068584978332819;0.0034397140609446495;44585596934;2147483680;29610352866;1073872896;206;46;334;165;-7.819940630507743;0.078125;0.046875;random_557
3;0.22350086628715765;0.0027692807665022075;0.05262966994137647;0.43884178522662964;0.04310337257013177;0.00745609202988119;0.05762348469859703;0.17407544847972403;44090656770;2415919136;64229881568;1073872896;195;48;346;162;-7.825089014722776;0.078125;0.03125;random_557
4;0.22350086628715765;0.0027692807665022075;0.05262966994137647;0.43884178522662964;0.04310337257013177;0.00745609202988119;0.05762348469859703;0.17407544847972403;44090656770;2415919136;64229881568;1073872896;195;48;345;163;-7.864914607260789;0.078125;0.046875;random_557
5;0.22350086628715765;0.0027692807665022075;0.05262966994137647;0.43884178522662964;0.04310337257013177;0.00745609202988119;0.05762348469859703;0.17407544847972403;44090656770;2415919136;64229881568;1073872896;195;48;345;163;-7.86499269525641;0.078125;;random_557
0;0.10985301196654028;0.15945427219565206;0.2131528589426426;0.1457292437138221;0.05206883201510643;0.1133703555381509;0.15966126263292327;0.046710162995162306;536871040;2147483680;9730924610;18257944576;58;84;322;287;;;;random_558
1;0.28781070354548244;0.055796013662973175;0.025259102217814636;0.2890178041962452;0.036218807741291055;0.23046486245127196;0.0734298625641276;0.002002843620793949;536871040;2147483680;27384820166;18257944576;54;119;379;199;-7.757067367034035;0.078125;0.046875;random_558
2;0.34884434049438995;0.00273272513097807;0.06775407423558436;0.38042746609519695;0.011189118644623321;0.09961849730817919;0.034426194101241654;0.05500758398980671;1610752128;2147483680;29610352866;18257936384;148;56;421;126;-7.873954141668539;0.078125;0.03125;random_558
3;0.26400356727738417;0.13972626508717423;0.03191848428753177;0.3958529056178151;0.08658313179424464;0.012663840306161888;0.06594451750872049;0.003307288120967658;1610752128;2147483680;29540626790;18257936384;165;49;403;134;-7.850687493782347;0.078125;0.046875;random_558
4;0.26400356727738417;0.13972626508717423;0.03191848428753177;0.3958529056178151;0.08658313179424464;0.012663840306161888;0.06594451750872049;0.003307288120967658;1610752128;2147483680;29540626790;18257936384;166;49;402;134;-7.861891865860617;0.09375;0.046875;random_558
5;0.26400356727738417;0.13972626508717423;0.03191848428753177;0.3958529056178151;0.08658313179424464;0.012663840306161888;0.06594451750872049;0.003307288120967658;1610752128;2147483680;29540626790;18257936384;166;49;402;134;-7.862340703249008;0.09375;;random_558
0;0.13977760028902478;0.14582031097820894;0.09975513966278265;0.16395219960486515;0.04290467817136502;0.10265849748325952;0.17070327567464433;0.1344282981358495;2684354720;46802282550;29602427378;18257936384;73;217;282;179;;;;random_559
1;0.22350086628715765;0.0027692807665022075;0.05262966994137647;0.43884178522662964;0.04310337257013177;0.00745609202988119;0.05762348469859703;0.17407544847972403;2952790176;46506575906;64229881568;18257936384;91;208;229;223;-7.76951283757103;0.078125;0.046875;random_559
2;0.22350086628715765;0.0027692807665022075;0.05262966994137647;0.43884178522662964;0.04310337257013177;0.00745609202988119;0.05762348469859703;0.17407544847972403;2952790176;46506575906;64229881568;18257936384;91;208;229;223;-7.886525219607982;0.078125;0.03125;random_559
3;0.22350086628715765;0.0027692807665022075;0.05262966994137647;0.43884178522662964;0.04310337257013177;0.00745609202988119;0.05762348469859703;0.17407544847972403;2952790176;46506575906;64229881568;18257936384;91;208;229;223;-7.886525219607982;0.078125;;random_559
0;0.20606832155698562;0.19245266478311268;0.06306773613141091;0.21096807152446648;0.05304341600012254;0.022522745993455332;0.20223625467689468;0.0496407893335517;9126805634;2147483680;27384742082;18796912912;104;46;331;270;;;;random_56
1;0.26400356727738417;0.13972626508717423;0.03191848428753177;0.3958529056178151;0.08658313179424464;0.012663840306161888;0.06594451750872049;0.003307288120967658;29534331042;2415919136;29530141040;18811592704;229;53;175;294;-7.82151834927548;0.09375;0.03125;random_56
2;0.22350086628715765;0.0027692807665022075;0.05262966994137647;0.43884178522662964;0.04310337257013177;0.00745609202988119;0.05762348469859703;0.17407544847972403;63665547266;2415919136;29058605408;18257944576;234;63;187;267;-7.902605594664847;0.09375;0.046875;random_56
3;0.22350086628715765;0.0027692807665022075;0.05262966994137647;0.43884178522662964;0.04310337257013177;0.00745609202988119;0.05762348469859703;0.17407544847972403;63665547266;2415919136;29058605408;18257944576;234;63;187;267;-7.887912672643588;0.078125;0.0625;random_56
4;0.22350086628715765;0.0027692807665022075;0.05262966994137647;0.43884178522662964;0.04310337257013177;0.00745609202988119;0.05762348469859703;0.17407544847972403;63665547266;2415919136;29058605408;18257944576;234;63;187;267;-7.887912672643588;0.078125;;random_56
0;0.18546807257316747;0.05105028638081816;0.1316593038471945;0.07448443562919038;0.15145848466638306;0.12012701642041156;0.14377481243289728;0.14197758804993776;536871040;42949675010;63355365730;18794684544;50;69;407;225;;;;random_560
1;0.27948716124763395;0.07625005045583141;0.024439495800635078;0.06549857974751616;0.33103216046543293;0.1622785440865955;0.002070375701852485;0.05894363249450242;536871040;44090656770;28992155746;18794807424;27;176;304;244;-7.726094240413263;0.078125;0.03125;random_560
2;0.2642177348272221;0.1561322503065899;0.034257331827647695;0.1647989752610174;0.0631296223813709;0.26126611643791275;0.0007830390790511502;0.05541492987918809;1073872896;44090656770;29610352866;1610752128;96;177;362;116;-7.797532197152211;0.078125;0.046875;random_560
3;0.2380546354771868;0.11173900989189237;0.026105787627590093;0.2538020055267487;0.04185444016434565;0.24887557479368702;0.006384928033296779;0.07318361848525257;1073872896;44090656770;29610352866;1610752128;88;172;378;113;-7.8188350987706015;0.078125;0.046875;random_560
4;0.2380546354771868;0.11173900989189237;0.026105787627590093;0.2538020055267487;0.04185444016434565;0.24887557479368702;0.006384928033296779;0.07318361848525257;1073872896;44090656770;29610352866;1610752128;88;172;378;113;-7.829656883650524;0.078125;;random_560
0;0.15253162280636678;0.16546562266697942;0.012816210418738441;0.19642914676119655;0.08418344181970648;0.035230732362917995;0.19096181872357038;0.16238140444052385;2684354720;61807491474;26915008834;18257936384;89;277;213;172;;;;random_561
1;0.22350086628715765;0.0027692807665022075;0.05262966994137647;0.43884178522662964;0.04310337257013177;0.00745609202988119;0.05762348469859703;0.17407544847972403;2684354720;46506575906;29058605408;18257936384;106;204;208;233;-7.779891578506097;0.078125;0.0625;random_561
2;0.22350086628715765;0.0027692807665022075;0.05262966994137647;0.43884178522662964;0.04310337257013177;0.00745609202988119;0.05762348469859703;0.17407544847972403;2684354720;46506575906;29058605408;18257936384;106;204;208;233;-7.898021290110449;0.078125;0.046875;random_561
3;0.22350086628715765;0.0027692807665022075;0.05262966994137647;0.43884178522662964;0.04310337257013177;0.00745609202988119;0.05762348469859703;0.17407544847972403;2684354720;46506575906;29058605408;18257936384;106;204;208;233;-7.898021290110449;0.078125;;random_561
0;0.10505770717979139;0.14993475015330535;0.05653277102516832;0.1032523650843238;0.1002056660504368;0.18845495843622953;0.10789917213008894;0.18866260994065592;536871040;29610352866;2415919104;35433613312;76;430;67;178;;;;random_562
1;0.19231259739623724;0.049601640102730424;0.031164011217917686;0.0673703529948998;0.20801433423983703;0.24869547574379194;0.028723165892810088;0.17411842241177575;1610752128;29610352866;2415919104;1073872896;154;365;94;138;-7.771268006913854;0.078125;0.046875;random_562
2;0.1630698429893746;0.00407268318921882;0.09797735637200568;0.2025790815233156;0.07132255533094715;0.3329994162083449;0.0012882034078602433;0.12669086097893295;1610752128;29610352866;3489800192;1073872896;134;397;101;119;-7.820565336911344;0.078125;0.046875;random_562
3;0.1630698429893746;0.00407268318921882;0.09797735637200568;0.2025790815233156;0.07132255533094715;0.3329994162083449;0.0012882034078602433;0.12669086097893295;1610752128;29610352866;3489800192;1073872896;133;399;100;119;-7.83730789124835;0.09375;0.046875;random_562
4;0.1630698429893746;0.00407268318921882;0.09797735637200568;0.2025790815233156;0.07132255533094715;0.3329994162083449;0.0012882034078602433;0.12669086097893295;1610752128;29610352866;3489800192;1073872896;133;399;100;119;-7.836595514474449;0.078125;;random_562
0;0.20036901625876763;0.09779557543091068;0.11160277516942044;0.13205678783991184;0.0008903341710754748;0.0494671511577926;0.2148392057247776;0.19297915424734374;536871040;42949675010;3489792032;29610352866;63;91;162;435;;;;random_563
1;0.22350086628715765;0.0027692807665022075;0.05262966994137647;0.43884178522662964;0.04310337257013177;0.00745609202988119;0.05762348469859703;0.17407544847972403;1610752128;44090656770;3489792032;29610352866;136;152;180;283;-7.768189296787856;0.078125;0.046875;random_563
2;0.22350086628715765;0.0027692807665022075;0.05262966994137647;0.43884178522662964;0.04310337257013177;0.00745609202988119;0.05762348469859703;0.17407544847972403;1610752128;44090656770;3489792032;29610352866;136;152;180;283;-7.883853662013675;0.078125;0.046875;random_563
3;0.22350086628715765;0.0027692807665022075;0.05262966994137647;0.43884178522662964;0.04310337257013177;0.00745609202988119;0.05762348469859703;0.17407544847972403;1610752128;44090656770;3489792032;29610352866;136;152;180;283;-7.883853662013675;0.09375;;random_563
0;0.026058387008713206;0.21444031302617886;0.007003483973107643;0.18043034071196756;0.05454134233004524;0.28825840527757013;0.20765735314115252;0.021610374531264933;536871040;8589934594;2415919104;12348170466;54;85;100;512;;;;random_564
1;0.03379901133745165;0.009229863395055908;0.1021697361520277;0.21617204921416489;0.22323368334804478;0.3535120839966061;0.034289155376229945;0.02759441718041919;1073881088;9663815682;2415919104;29610352866;173;108;110;360;-7.788680748979777;0.078125;0.03125;random_564
2;0.1630698429893746;0.00407268318921882;0.09797735637200568;0.2025790815233156;0.07132255533094715;0.3329994162083449;0.0012882034078602433;0.12669086097893295;1073872896;9663815682;3489800192;29610352866;151;130;101;369;-7.852037641857817;0.078125;0.046875;random_564
3;0.1630698429893746;0.00407268318921882;0.09797735637200568;0.2025790815233156;0.07132255533094715;0.3329994162083449;0.0012882034078602433;0.12669086097893295;1073872896;9663815682;3489800192;29610352866;151;130;100;370;-7.852862733271729;0.09375;0.046875;random_564
4;0.1630698429893746;0.00407268318921882;0.09797735637200568;0.2025790815233156;0.07132255533094715;0.3329994162083449;0.0012882034078602433;0.12669086097893295;1073872896;9663815682;3489800192;29610352866;151;130;100;370;-7.852505927201398;0.09375;;random_564
0;0.12611512049365162;0.1754682377795861;0.14429772201594354;0.022656788216076654;0.13080360569984828;0.12010663304975659;0.12416769908986477;0.15638419365527223;536871040;42949675010;3221356576;27395236032;69;137;196;349;;;;random_565
1;0.38589812353111147;0.33822650530596715;0.025394866539336865;0.0870196693724164;0.07977728595257258;0.011696213496250043;0.03381265441055873;0.03817468139178661;536871040;64271383026;3221356576;27384742082;47;253;120;331;-7.757161540844612;0.078125;0.0625;random_565
2;0.23100146817560832;0.28560526106641454;0.048180961704098677;0.07155834578377031;0.1489056167349243;0.024893341860084312;0.01694696935742803;0.1729080353176716;1610752128;63355365730;3221356576;27384742082;84;246;136;285;-7.795268348257547;0.078125;0.046875;random_565
3;0.3100584150792658;0.07343233757558437;0.025662999591963033;0.4248499922502482;0.09572582069474;0.01768437276106377;0.01984799302375869;0.03273806902337624;1610752128;63355365730;3221356576;27384742082;160;217;153;221;-7.795313413483091;0.078125;0.046875;random_565
4;0.22350086628715765;0.0027692807665022075;0.05262966994137647;0.43884178522662964;0.04310337257013177;0.00745609202988119;0.05762348469859703;0.17407544847972403;1610752128;63355365730;3489792032;27384742082;144;240;178;189;-7.793685373086017;0.078125;0.03125;random_565
5;0.22350086628715765;0.0027692807665022075;0.05262966994137647;0.43884178522662964;0.04310337257013177;0.00745609202988119;0.05762348469859703;0.17407544847972403;1610752128;63355365730;3489792032;27384742082;144;241;178;188;-7.826753775070928;0.078125;0.046875;random_565
6;0.22350086628715765;0.0027692807665022075;0.05262966994137647;0.43884178522662964;0.04310337257013177;0.00745609202988119;0.05762348469859703;0.17407544847972403;1610752128;63355365730;3489792032;27384742082;144;241;178;188;-7.8265826642750245;0.09375;;random_565
0;0.1399397123629419;0.1634068199201821;0.09277370764069434;0.21016119327720248;0.18840261583631748;0.038661129461693186;0.11152480728236608;0.055130014218602565;2415919136;44090656770;29610352866;1073881088;33;202;376;140;;;;random_566
1;0.3213706583755633;0.11903814318268968;0.017556143254973008;0.27872367736218245;0.15140872368796396;0.0725830103446137;0.006198745360259357;0.03312089843175478;2415919136;44090656770;29610352866;1073881088;61;179;386;125;-7.8244120458454995;0.078125;0.046875;random_566
2;0.2366789100818342;0.1819432033667347;0.02595492144120827;0.25233527557337193;0.12282527776671816;0.1402530047885955;0.006348029328823759;0.033661377652713445;2415919136;44090656770;29610352866;1073881088;66;186;353;146;-7.830293890982107;0.09375;0.046875;random_566
3;0.2366789100818342;0.1819432033667347;0.02595492144120827;0.25233527557337193;0.12282527776671816;0.1402530047885955;0.006348029328823759;0.033661377652713445;2415919136;44090656770;29610352866;1073881088;66;186;353;146;-7.839715740583627;0.078125;;random_566
0;0.12725153997083638;0.042974919708162876;0.07472092660640264;0.18750175060922583;0.13123100437251725;0.11923674088937862;0.2167173916324456;0.10036572621103082;2415919104;46802282550;26915008834;1610752128;55;267;241;188;;;;random_567
1;0.34884434049438995;0.00273272513097807;0.06775407423558436;0.38042746609519695;0.011189118644623321;0.09961849730817919;0.034426194101241654;0.05500758398980671;2415919136;63944488370;26847879232;1610752128;64;280;222;185;-7.778024828172608;0.09375;0.046875;random_567
2;0.22350086628715765;0.0027692807665022075;0.05262966994137647;0.43884178522662964;0.04310337257013177;0.00745609202988119;0.05762348469859703;0.17407544847972403;2415919136;63944488370;26847879232;1610752128;58;274;221;198;-7.846283895703939;0.078125;0.03125;random_567
3;0.22350086628715765;0.0027692807665022075;0.05262966994137647;0.43884178522662964;0.04310337257013177;0.00745609202988119;0.05762348469859703;0.17407544847972403;2415919136;63944488370;26847879232;1610752128;58;274;221;198;-7.854503350465568;0.09375;;random_567
0;0.1984502470922499;0.1297758468887067;0.0910312205800037;0.07772170155959393;0.20288280741140616;0.12694416644453135;0.056530439704079706;0.1166635703194285;1610752128;35500730368;29610352866;11811291170;145;130;331;145;;;;random_568
1;0.2366789100818342;0.1819432033667347;0.02595492144120827;0.25233527557337193;0.12282527776671816;0.1402530047885955;0.006348029328823759;0.033661377652713445;1073881088;35433613312;29532451296;11811291170;137;117;314;183;-7.757674896580628;0.078125;0.046875;random_568
2;0.2366789100818342;0.1819432033667347;0.02595492144120827;0.25233527557337193;0.12282527776671816;0.1402530047885955;0.006348029328823759;0.033661377652713445;1073881088;35433613312;29532451296;11811291170;138;117;313;183;-7.825879415641751;0.09375;0.046875;random_568
3;0.2366789100818342;0.1819432033667347;0.02595492144120827;0.25233527557337193;0.12282527776671816;0.1402530047885955;0.006348029328823759;0.033661377652713445;1073881088;35433613312;29532451296;11811291170;138;117;313;183;-7.826336952710328;0.09375;;random_568
0;0.06907551455918895;0.0665583072776766;0.03571475126033246;0.19063226592771426;0.21600190612842923;0.08949667126186468;0.11319324026008441;0.21932734332470946;34359740416;63971487074;2415919104;1610752128;48;422;50;231;;;;random_569
1;0.32429386405129795;0.004157040430867142;0.0014156520110912357;0.10095164322477827;0.02919755662595877;0.35921252053944347;0.04187065942688594;0.13890106368967722;1073872896;29610352866;2415919104;18794832000;129;299;99;224;-7.765389604435417;0.109375;0.046875;random_569
2;0.1630698429893746;0.00407268318921882;0.09797735637200568;0.2025790815233156;0.07132255533094715;0.3329994162083449;0.0012882034078602433;0.12669086097893295;1073872896;29602427378;3489800192;18794807424;112;365;100;174;-7.830239032208676;0.09375;0.046875;random_569
3;0.1630698429893746;0.00407268318921882;0.09797735637200568;0.2025790815233156;0.07132255533094715;0.3329994162083449;0.0012882034078602433;0.12669086097893295;1073872896;29602427378;3489800192;18794807424;112;365;100;174;-7.8369710359870925;0.09375;0.046875;random_569
4;0.1630698429893746;0.00407268318921882;0.09797735637200568;0.2025790815233156;0.07132255533094715;0.3329994162083449;0.0012882034078602433;0.12669086097893295;1073872896;29602427378;3489800192;18794807424;112;365;100;174;-7.8369710359870925;0.09375;;random_569
0;0.16680682432069047;0.014112332232873833;0.17670755599918447;0.2132266095805295;0.06588347951227162;0.09166741973031574;0.0905161354271341;0.1810796431970002;536871040;43486546050;18796904576;11811295266;41;119;293;298;;;;random_57
1;0.22350086628715765;0.0027692807665022075;0.05262966994137647;0.43884178522662964;0.04310337257013177;0.00745609202988119;0.05762348469859703;0.17407544847972403;1610752128;1073872896;64229881568;11811291170;145;137;274;195;-7.732461299825129;0.078125;0.046875;random_57
2;0.22350086628715765;0.0027692807665022075;0.05262966994137647;0.43884178522662964;0.04310337257013177;0.00745609202988119;0.05762348469859703;0.17407544847972403;1610752128;1073872896;64229881568;11811291170;145;137;272;197;-7.876292910659532;0.078125;0.046875;random_57
3;0.22350086628715765;0.0027692807665022075;0.05262966994137647;0.43884178522662964;0.04310337257013177;0.00745609202988119;0.05762348469859703;0.17407544847972403;1610752128;1073872896;64229881568;11811291170;145;137;272;197;-7.875433991677041;0.078125;;random_57
0;0.004611330548373475;0.0941406349867279;0.08700251646441583;0.15371433125096973;0.2531121495677867;0.011460085702229544;0.2383763569985407;0.15758259448095618;536871040;29610352866;8589934594;18257936384;66;422;72;191;;;;random_570
1;0.22350086628715765;0.0027692807665022075;0.05262966994137647;0.43884178522662964;0.04310337257013177;0.00745609202988119;0.05762348469859703;0.17407544847972403;1610752128;64229881568;9663815682;1073872896;145;284;185;137;-7.746390833407833;0.078125;0.046875;random_570
2;0.22350086628715765;0.0027692807665022075;0.05262966994137647;0.43884178522662964;0.04310337257013177;0.00745609202988119;0.05762348469859703;0.17407544847972403;1610752128;64229881568;9663815682;1073872896;145;284;185;137;-7.894462095249555;0.09375;0.046875;random_570
3;0.22350086628715765;0.0027692807665022075;0.05262966994137647;0.43884178522662964;0.04310337257013177;0.00745609202988119;0.05762348469859703;0.17407544847972403;1610752128;64229881568;9663815682;1073872896;145;284;185;137;-7.894462095249555;0.109375;;random_570
0;0.14854538935655404;0.24189353981302128;0.03242629988388901;0.06992758008407143;0.05815051706433102;0.11850933060650272;0.14656440309579413;0.1839829400958365;536870928;44090656770;20405682208;18794832000;41;250;217;243;;;;random_571
1;0.23386959355405837;0.2545976114421422;0.005681657204304115;0.0162934468314188;0.09427509933986322;0.09896054688487418;0.07815838131231614;0.21816366343102292;10200678418;61271845122;20405682208;18794832000;116;228;209;198;-7.728799861543199;0.078125;0.046875;random_571
2;0.23100146817560832;0.28560526106641454;0.048180961704098677;0.07155834578377031;0.1489056167349243;0.024893341860084312;0.01694696935742803;0.1729080353176716;10200678418;61207611458;3221356576;18794807424;146;258;115;232;-7.766053066281648;0.078125;0.046875;random_571
3;0.3188267260209409;0.3125167311315185;0.01233475156003031;0.05729383544931351;0.06127058421008044;0.16402134228503878;0.02036627212274369;0.05336975722033394;9663815682;61207611458;3296862240;18794807424;128;240;185;198;-7.787532926055691;0.078125;0.046875;random_571
4;0.2964359458958123;0.22263152819462279;0.037580570346368206;0.06022250718964245;0.00047552443683100866;0.25811395670503035;0.00702758194325551;0.11751238528843733;9663815682;61207611458;3296862240;18794807424;113;212;212;214;-7.84123532446491;0.078125;0.046875;random_571
5;0.14480876975819654;0.27717878274482677;0.06999675335462792;0.08090966027334086;0.06549481556128058;0.2780017599870309;0.014266860872314319;0.06934259744838199;9663815682;61207611458;3296862240;18794807424;130;210;213;198;-7.819673307192733;0.078125;0.046875;random_571
6;0.2589038886103786;0.09618123162803908;0.05702794703314539;0.20104364345641731;0.062438033258571925;0.2753629502162146;0.04451446483946561;0.004527840957767457;9663815682;61873748034;3760324640;18794807424;132;243;212;164;-7.807913815404898;0.078125;0.046875;random_571
7;0.2380546354771868;0.11173900989189237;0.026105787627590093;0.2538020055267487;0.04185444016434565;0.24887557479368702;0.006384928033296779;0.07318361848525257;9663815682;61781195090;3221356576;18794807424;146;273;163;169;-7.80488019276821;0.078125;0.046875;random_571
8;0.2366789100818342;0.1819432033667347;0.02595492144120827;0.25233527557337193;0.12282527776671816;0.1402530047885955;0.006348029328823759;0.033661377652713445;9663815682;64271383026;3221356576;18794807424;148;310;132;161;-7.794456896928425;0.078125;0.046875;random_571
9;0.2366789100818342;0.1819432033667347;0.02595492144120827;0.25233527557337193;0.12282527776671816;0.1402530047885955;0.006348029328823759;0.033661377652713445;9663815682;64271383026;3221356576;18794807424;147;311;132;161;-7.817728822143354;0.078125;0.046875;random_571
10;0.2366789100818342;0.1819432033667347;0.02595492144120827;0.25233527557337193;0.12282527776671816;0.1402530047885955;0.006348029328823759;0.033661377652713445;9663815682;64271383026;3221356576;18794807424;147;311;132;161;-7.817780932516219;0.078125;;random_571
0;0.013882004079247664;0.11153127552650871;0.2419112377542387;0.12107486532340107;0.2139972047310523;0.029308585825999732;0.07581867001558863;0.19247615674396332;536871040;29610352866;19595788544;35433613312;83;438;89;141;;;;random_572
1;0.2337700385736786;0.0030813621737787885;0.24985205292281729;0.04691282902530974;0.1648275416836902;0.10245125319663659;0.0009746452323179247;0.1981302771917709;1610752128;29610352866;2415919104;1073872896;145;439;54;113;-7.744318944420399;0.078125;0.046875;random_572
2;0.2337700385736786;0.0030813621737787885;0.24985205292281729;0.04691282902530974;0.1648275416836902;0.10245125319663659;0.0009746452323179247;0.1981302771917709;1610752128;29610352866;2415919104;1073872896;143;441;54;113;-7.808384990728853;0.078125;0.046875;random_572
3;0.2337700385736786;0.0030813621737787885;0.24985205292281729;0.04691282902530974;0.1648275416836902;0.10245125319663659;0.0009746452323179247;0.1981302771917709;1610752128;29610352866;2415919104;1073872896;143;441;54;113;-7.8064486264401225;0.078125;;random_572
0;0.12768454470447438;0.09106519691265083;0.13745778892201443;0.15842933212188587;0.18443262163259025;0.09049031720637975;0.13205241373780724;0.07838778476219735;2415919104;46707902626;26915008834;1610752128;51;270;281;149;;;;random_573
1;0.2366789100818342;0.1819432033667347;0.02595492144120827;0.25233527557337193;0.12282527776671816;0.1402530047885955;0.006348029328823759;0.033661377652713445;2415919104;46707902626;26847748162;1610752128;68;287;253;143;-7.7795485024716395;0.09375;0.046875;random_573
2;0.2366789100818342;0.1819432033667347;0.02595492144120827;0.25233527557337193;0.12282527776671816;0.1402530047885955;0.006348029328823759;0.033661377652713445;2415919104;46707902626;26847748162;1610752128;69;286;253;143;-7.814704561607503;0.09375;0.046875;random_573
3;0.2366789100818342;0.1819432033667347;0.02595492144120827;0.25233527557337193;0.12282527776671816;0.1402530047885955;0.006348029328823759;0.033661377652713445;2415919104;46707902626;26847748162;1610752128;69;286;253;143;-7.8146359690864715;0.09375;;random_573
0;0.21159173805617681;0.10971221923191958;0.0936985985392523;0.21442682192374526;0.0004476469535064047;0.07576975383567962;0.19131373621997494;0.1030394852397452;34896611456;2147483680;26915008834;18796904576;78;59;373;241;;;;random_574
1;0.3213706583755633;0.11903814318268968;0.017556143254973008;0.27872367736218245;0.15140872368796396;0.0725830103446137;0.006198745360259357;0.03312089843175478;35433613312;2147483680;29610352866;18794807424;133;57;391;170;-7.785353417985033;0.09375;0.046875;random_574
2;0.22350086628715765;0.0027692807665022075;0.05262966994137647;0.43884178522662964;0.04310337257013177;0.00745609202988119;0.05762348469859703;0.17407544847972403;1073872896;2415919136;29610352866;18794807424;104;40;402;205;-7.854216141791584;0.078125;0.046875;random_574
3;0.22350086628715765;0.0027692807665022075;0.05262966994137647;0.43884178522662964;0.04310337257013177;0.00745609202988119;0.05762348469859703;0.17407544847972403;1073872896;2415919136;29610352866;18794807424;104;40;402;205;-7.8806399958518725;0.109375;0.0625;random_574
4;0.22350086628715765;0.0027692807665022075;0.05262966994137647;0.43884178522662964;0.04310337257013177;0.00745609202988119;0.05762348469859703;0.17407544847972403;1073872896;2415919136;29610352866;18794807424;104;40;402;205;-7.8806399958518725;0.109375;;random_574
0;0.08428901418058983;0.1422169985665487;0.09790774586031242;0.07972049464003093;0.06434989604547342;0.07573859184602331;0.22359285461759784;0.23218440424342363;34359740416;29609828386;2415919104;1610752128;80;389;35;247;;;;random_575
1;0.326285941382742;0.0635185918034378;0.008643354331733638;0.11122957736487912;0.18147816180187873;0.10093889846655026;0.01777818869520478;0.19012728615357374;1073872896;29610352866;2415919104;1610752128;145;421;53;132;-7.74573145745553;0.09375;0.046875;random_575
2;0.32847331780588296;0.020651715174352617;0.07809634432756934;0.14786647536748324;0.21460205822338568;0.08432963592015;0.018455890861001828;0.10752456232017443;1073872896;29610352866;2415919104;1610752128;135;437;47;132;-7.806117448450867;0.09375;0.046875;random_575
3;0.22350086628715765;0.0027692807665022075;0.05262966994137647;0.43884178522662964;0.04310337257013177;0.00745609202988119;0.05762348469859703;0.17407544847972403;1073872896;29610352866;2415919104;1610752128;136;433;35;147;-7.809285759665178;0.09375;0.046875;random_575
4;0.22350086628715765;0.0027692807665022075;0.05262966994137647;0.43884178522662964;0.04310337257013177;0.00745609202988119;0.05762348469859703;0.17407544847972403;1073872896;29610352866;2415919104;1610752128;136;433;35;147;-7.87348423371578;0.078125;;random_575
0;0.026920641717129486;0.20032069345095257;0.17916914649205837;0.17187067519919652;0.008946257257135107;0.0744865976553271;0.20323228566150825;0.13505370256669266;536871040;29610352866;2415919104;35433613312;48;482;24;197;;;;random_576
1;0.22350086628715765;0.0027692807665022075;0.05262966994137647;0.43884178522662964;0.04310337257013177;0.00745609202988119;0.05762348469859703;0.17407544847972403;1610752128;29610352866;2415919136;1073872896;155;431;46;119;-7.743046101013472;0.078125;0.046875;random_576
2;0.22350086628715765;0.0027692807665022075;0.05262966994137647;0.43884178522662964;0.04310337257013177;0.00745609202988119;0.05762348469859703;0.17407544847972403;1610752128;29610352866;2415919136;1073872896;155;432;46;118;-7.872818554810086;0.078125;0.046875;random_576
3;0.22350086628715765;0.0027692807665022075;0.05262966994137647;0.43884178522662964;0.04310337257013177;0.00745609202988119;0.05762348469859703;0.17407544847972403;1610752128;29610352866;2415919136;1073872896;155;432;46;118;-7.872377247269405;0.078125;;random_576
0;0.005412072635015813;0.11928580246793148;0.19207615921007878;0.19901228731013987;0.20359003100667097;0.11947086103193433;0.1057947920883647;0.055357994249864054;536871040;26847870978;2415919104;63355365730;37;237;53;424;;;;random_577
1;0.1630698429893746;0.00407268318921882;0.09797735637200568;0.2025790815233156;0.07132255533094715;0.3329994162083449;0.0012882034078602433;0.12669086097893295;1073881088;26847870978;3489800192;63967544802;119;210;97;325;-7.735355177888646;0.078125;0.046875;random_577
2;0.1630698429893746;0.00407268318921882;0.09797735637200568;0.2025790815233156;0.07132255533094715;0.3329994162083449;0.0012882034078602433;0.12669086097893295;1073881088;26847870978;3489800192;63967544802;119;210;97;325;-7.839951300469603;0.078125;0.046875;random_577
3;0.1630698429893746;0.00407268318921882;0.09797735637200568;0.2025790815233156;0.07132255533094715;0.3329994162083449;0.0012882034078602433;0.12669086097893295;1073881088;26847870978;3489800192;63967544802;119;210;97;325;-7.839951300469603;0.078125;;random_577
0;0.16093517801505297;0.1486300546418454;0.16047012292327517;0.0419852614104901;0.01819239560034676;0.12978558156962855;0.1696824302234953;0.17031897561586584;536871040;42949675010;29534331042;18794684544;47;118;399;187;;;;random_578
1;0.29359993935849377;0.03169111591059263;0.00446780022984382;0.09521728478031243;0.3115066219706639;0.1736491574169981;0.06860366795592426;0.021264412377171044;536871040;44090656770;29632917990;18794832000;24;175;337;215;-7.727199953840625;0.078125;0.046875;random_578
2;0.2380546354771868;0.11173900989189237;0.026105787627590093;0.2538020055267487;0.04185444016434565;0.24887557479368702;0.006384928033296779;0.07318361848525257;1073872896;44090656770;29610352866;1610752128;88;174;376;113;-7.790086991274223;0.078125;0.046875;random_578
3;0.2380546354771868;0.11173900989189237;0.026105787627590093;0.2538020055267487;0.04185444016434565;0.24887557479368702;0.006384928033296779;0.07318361848525257;1073872896;44090656770;29610352866;1610752128;88;172;378;113;-7.829464519816589;0.09375;0.046875;random_578
4;0.2380546354771868;0.11173900989189237;0.026105787627590093;0.2538020055267487;0.04185444016434565;0.24887557479368702;0.006384928033296779;0.07318361848525257;1073872896;44090656770;29610352866;1610752128;88;172;378;113;-7.829656883650524;0.09375;;random_578
0;0.13041443854340645;0.15840863851459727;0.02765065387361436;0.06791404584390602;0.13266423894765741;0.2172874412508759;0.11943823678391068;0.1462223062420319;536871040;44090656770;29610352866;18790621568;33;200;315;203;;;;random_579
1;0.2380546354771868;0.11173900989189237;0.026105787627590093;0.2538020055267487;0.04185444016434565;0.24887557479368702;0.006384928033296779;0.07318361848525257;1073872896;44090656770;29610352866;1610752128;88;174;376;113;-7.77342906999281;0.078125;0.046875;random_579
2;0.2380546354771868;0.11173900989189237;0.026105787627590093;0.2538020055267487;0.04185444016434565;0.24887557479368702;0.006384928033296779;0.07318361848525257;1073872896;44090656770;29610352866;1610752128;88;174;376;113;-7.829464519816589;0.078125;0.046875;random_579
3;0.2380546354771868;0.11173900989189237;0.026105787627590093;0.2538020055267487;0.04185444016434565;0.24887557479368702;0.006384928033296779;0.07318361848525257;1073872896;44090656770;29610352866;1610752128;88;174;376;113;-7.829464519816589;0.078125;;random_579
0;0.06452817080041809;0.046631742622838854;0.12191373120591324;0.08261644676927657;0.22771105890969523;0.06451042025358839;0.13632163753748838;0.2557667919007812;34359740416;29609828386;2415919104;1610752128;48;431;45;227;;;;random_58
1;0.2141875990279326;0.14140163163174538;0.04634367787947426;0.10831711571244376;0.05335031274434084;0.00656554995798805;0.03182409513900542;0.3980100179070696;1073872896;64163117378;2415919136;1610752128;148;372;49;182;-7.7528301309197385;0.078125;0.03125;random_58
2;0.28285602862283515;0.2537776207989907;0.0451233842292053;0.02450298610495382;0.05022252087045374;0.006392669873997028;0.004814088301972496;0.3323107011975916;1073872896;64163117378;2415919136;1610752128;141;358;65;187;-7.838627081997724;0.078125;0.046875;random_58
3;0.3076469953297204;0.09220441931162156;0.012594904878318753;0.09049487347217217;0.17444898553748314;0.048363992212911135;0.0031122340942089;0.27113359516356395;1073872896;64163117378;2147483680;1610752128;140;375;59;177;-7.830770145013037;0.09375;0.046875;random_58
4;0.28285602862283515;0.2537776207989907;0.0451233842292053;0.02450298610495382;0.05022252087045374;0.006392669873997028;0.004814088301972496;0.3323107011975916;1073872896;64163117378;2147483680;1610752128;150;357;57;187;-7.8353741683759965;0.09375;0.03125;random_58
5;0.28285602862283515;0.2537776207989907;0.0451233842292053;0.02450298610495382;0.05022252087045374;0.006392669873997028;0.004814088301972496;0.3323107011975916;1073872896;64163117378;2147483680;1610752128;150;357;57;187;-7.842126880690075;0.078125;;random_58
0;0.019416110525908227;0.3372529838735536;0.17215763522358676;0.05603219466113639;0.11850774756756033;0.17945753950459173;0.0484260308727395;0.06874975777092336;1610752128;61207611458;29330776354;2147483680;149;261;249;92;;;;random_580
1;0.08922816510716168;0.25961254950769286;0.06657640034426583;0.02785986017088236;0.2539664785206419;0.24572598476350171;0.0505776570364607;0.0064529045493929085;1610752128;61207611458;11005853698;12348170466;215;229;99;208;-7.7803986849351725;0.078125;0.046875;random_580
2;0.16786832599579354;0.2657009403497691;0.03528790422378044;0.0346154285144476;0.09825747519784098;0.30876257311231925;0.05671811068321631;0.03278924192283273;1610752128;61207611458;11005853698;29610352866;217;206;105;223;-7.859592141416108;0.078125;0.046875;random_580
3;0.2940985242496007;0.16691998144413625;0.021869178412160992;0.06509988062962803;0.0625237540796771;0.27062616109209964;0.009538048259700704;0.1093244718329965;1610752128;61207611458;11005853698;29610352866;148;246;104;253;-7.844875244430178;0.09375;0.046875;random_580
4;0.1630698429893746;0.00407268318921882;0.09797735637200568;0.2025790815233156;0.07132255533094715;0.3329994162083449;0.0012882034078602433;0.12669086097893295;1073881088;61207611458;3489800192;29610352866;116;244;101;290;-7.82376961366467;0.078125;0.03125;random_580
5;0.1630698429893746;0.00407268318921882;0.09797735637200568;0.2025790815233156;0.07132255533094715;0.3329994162083449;0.0012882034078602433;0.12669086097893295;1073881088;61207611458;3489800192;29610352866;116;244;101;290;-7.858460353962388;0.078125;0.046875;random_580
6;0.1630698429893746;0.00407268318921882;0.09797735637200568;0.2025790815233156;0.07132255533094715;0.3329994162083449;0.0012882034078602433;0.12669086097893295;1073881088;61207611458;3489800192;29610352866;116;244;101;290;-7.858460353962388;0.078125;;random_580
0;0.24176441326010387;0.23032304609080906;0.032283434098981566;0.07364558669478986;0.16777180341620565;0.068565782799285;0.0005500703452350694;0.1850958632945899;536871040;61274851586;18796904576;11819556962;63;240;224;224;;;;random_581
1;0.3188267260209409;0.3125167311315185;0.01233475156003031;0.05729383544931351;0.06127058421008044;0.16402134228503878;0.02036627212274369;0.05336975722033394;536871040;61207611458;18796904576;11819556962;22;253;240;236;-7.77856587387988;0.078125;0.046875;random_581
2;0.3213706583755633;0.11903814318268968;0.017556143254973008;0.27872367736218245;0.15140872368796396;0.0725830103446137;0.006198745360259357;0.03312089843175478;536871040;61207611458;18796904576;11819556962;22;274;233;222;-7.776955436158425;0.078125;0.0625;random_581
3;0.3213706583755633;0.11903814318268968;0.017556143254973008;0.27872367736218245;0.15140872368796396;0.0725830103446137;0.006198745360259357;0.03312089843175478;536871040;61207611458;18796904576;11819556962;22;274;233;222;-7.799555753339341;0.09375;;random_581
0;0.06591330059459365;0.11093355409457917;0.09693042194568427;0.05201590496010595;0.04632027746709633;0.04947067190000914;0.33028299843654324;0.24813287060138828;34359740416;29609828386;2415919136;1610752128;61;381;35;274;;;;random_582
1;0.25457077390936506;0.11875693030117028;0.04817375888304237;0.05444083226404672;0.1898768495939267;0.03682561999070142;0.06977499416100356;0.22758024089674403;35433613312;29609828386;2415919136;1610752128;189;347;45;170;-7.735926753605987;0.09375;0.046875;random_582
2;0.2141875990279326;0.14140163163174538;0.04634367787947426;0.10831711571244376;0.05335031274434084;0.00656554995798805;0.03182409513900542;0.3980100179070696;1073872896;64163117378;2415919136;1610752128;148;372;49;182;-7.790010304241106;0.109375;0.046875;random_582
3;0.28285602862283515;0.2537776207989907;0.0451233842292053;0.02450298610495382;0.05022252087045374;0.006392669873997028;0.004814088301972496;0.3323107011975916;1073872896;64163117378;2415919136;1610752128;141;358;65;187;-7.838627081997724;0.09375;0.03125;random_582
4;0.3076469953297204;0.09220441931162156;0.012594904878318753;0.09049487347217217;0.17444898553748314;0.048363992212911135;0.0031122340942089;0.27113359516356395;1073872896;64163117378;2147483680;1610752128;140;375;59;177;-7.830770145013037;0.078125;0.03125;random_582
5;0.28285602862283515;0.2537776207989907;0.0451233842292053;0.02450298610495382;0.05022252087045374;0.006392669873997028;0.004814088301972496;0.3323107011975916;1073872896;64163117378;2147483680;1610752128;150;357;57;187;-7.8353741683759965;0.078125;0.03125;random_582
6;0.28285602862283515;0.2537776207989907;0.0451233842292053;0.02450298610495382;0.05022252087045374;0.006392669873997028;0.004814088301972496;0.3323107011975916;1073872896;64163117378;2147483680;1610752128;150;357;57;187;-7.842126880690075;0.09375;;random_582
0;0.219171892955668;0.13325047258013578;0.07717233957978172;0.038218380014908564;0.11269108486933005;0.1150323559117537;0.18126156434573734;0.12320190974268486;536871040;2147483680;25769804098;29534331042;68;50;95;538;;;;random_583
1;0.3462756393079222;0.008205280802740194;0.004277236468970023;0.1072427835096712;0.20480471150285293;0.033308968913574766;0.2223050048994628;0.0735803745948058;536871040;2147483680;25773998146;29534331042;53;38;79;581;-7.749474309053534;0.078125;0.0625;random_583
2;0.3462756393079222;0.008205280802740194;0.004277236468970023;0.1072427835096712;0.20480471150285293;0.033308968913574766;0.2223050048994628;0.0735803745948058;536871040;2147483680;25773998146;29534331042;55;38;79;579;-7.761408473835934;0.09375;0.046875;random_583
3;0.3462756393079222;0.008205280802740194;0.004277236468970023;0.1072427835096712;0.20480471150285293;0.033308968913574766;0.2223050048994628;0.0735803745948058;536871040;2147483680;25773998146;29534331042;55;38;79;579;-7.761222647394634;0.09375;;random_583
0;0.06700256259976212;0.2799731413023895;0.05086340455654647;0.18187596170830195;0.01460374657903348;0.12694906521895327;0.231034868966526;0.04769724906848705;2415919136;46802282550;29632917990;18257936384;39;238;304;170;;;;random_584
1;0.3213706583755633;0.11903814318268968;0.017556143254973008;0.27872367736218245;0.15140872368796396;0.0725830103446137;0.006198745360259357;0.03312089843175478;2415919136;44561336450;29610352866;18257944576;55;191;307;198;-7.769554461626225;0.09375;0.03125;random_584
2;0.2366789100818342;0.1819432033667347;0.02595492144120827;0.25233527557337193;0.12282527776671816;0.1402530047885955;0.006348029328823759;0.033661377652713445;2415919136;61744482434;29610352866;1073881088;64;220;322;145;-7.838788639622144;0.078125;0.046875;random_584
3;0.2366789100818342;0.1819432033667347;0.02595492144120827;0.25233527557337193;0.12282527776671816;0.1402530047885955;0.006348029328823759;0.033661377652713445;2415919136;61744482434;29610352866;1073881088;64;220;322;145;-7.836786044725954;0.09375;0.046875;random_584
4;0.2366789100818342;0.1819432033667347;0.02595492144120827;0.25233527557337193;0.12282527776671816;0.1402530047885955;0.006348029328823759;0.033661377652713445;2415919136;61744482434;29610352866;1073881088;64;220;322;145;-7.836786044725954;0.09375;;random_584
0;0.140396507397871;0.1441303507271454;0.24323708979013778;0.12481545362601329;0.02095753441759505;0.039035754213864245;0.07372064293403566;0.21370666689333748;536871040;34359740416;29610352866;11811291170;90;77;392;192;;;;random_585
1;0.24111278055917468;0.18126867346523648;0.22124955871400626;0.0061871391451279924;0.06596555413423626;0.016543502624265134;0.010683611313661065;0.2569891800442924;1610752128;35433613312;29610352866;11811291170;139;134;327;151;-7.779093095246228;0.09375;0.046875;random_585
2;0.23100146817560832;0.28560526106641454;0.048180961704098677;0.07155834578377031;0.1489056167349243;0.024893341860084312;0.01694696935742803;0.1729080353176716;1610752128;35433613312;29610352866;11811291170;138;173;303;137;-7.780940033739368;0.09375;0.03125;random_585
3;0.3401271709626589;0.2973480132545519;0.000655657923521734;0.13831523557484376;0.21877195122103663;0.0005242223128739071;0.0008825991258984506;0.003375149624614897;1610752128;52617676800;29610352866;11811291170;130;239;260;122;-7.808900775465215;0.078125;0.046875;random_585
4;0.3213706583755633;0.11903814318268968;0.017556143254973008;0.27872367736218245;0.15140872368796396;0.0725830103446137;0.006198745360259357;0.03312089843175478;1610752128;52617676800;29610352866;11811291170;134;161;297;159;-7.800121611666613;0.09375;0.046875;random_585
5;0.22350086628715765;0.0027692807665022075;0.05262966994137647;0.43884178522662964;0.04310337257013177;0.00745609202988119;0.05762348469859703;0.17407544847972403;1610752128;52617676800;64229881568;11811291170;157;171;221;202;-7.822405693772517;0.09375;0.046875;random_585
6;0.22350086628715765;0.0027692807665022075;0.05262966994137647;0.43884178522662964;0.04310337257013177;0.00745609202988119;0.05762348469859703;0.17407544847972403;1610752128;52617676800;64229881568;11811291170;155;173;221;202;-7.861478492562634;0.09375;0.03125;random_585
7;0.22350086628715765;0.0027692807665022075;0.05262966994137647;0.43884178522662964;0.04310337257013177;0.00745609202988119;0.05762348469859703;0.17407544847972403;1610752128;52617676800;64229881568;11811291170;155;173;221;202;-7.861068994770528;0.078125;;random_585
0;0.08427791444526052;0.20133184205158317;0.02589427548630624;0.06678101994192061;0.2045408176060929;0.032421244517825826;0.23638756733424166;0.14836531861676908;2684354720;61873748034;28189917282;1073872896;98;370;99;184;;;;random_586
1;0.23100146817560832;0.28560526106641454;0.048180961704098677;0.07155834578377031;0.1489056167349243;0.024893341860084312;0.01694696935742803;0.1729080353176716;2684354720;61746587650;29062463522;1073872896;132;297;217;105;-7.743995843361904;0.09375;0.03125;random_586
2;0.38589812353111147;0.33822650530596715;0.025394866539336865;0.0870196693724164;0.07977728595257258;0.011696213496250043;0.03381265441055873;0.03817468139178661;2684354720;64271383026;29610352866;1073872896;49;259;302;141;-7.804253576794147;0.078125;0.046875;random_586
3;0.3213706583755633;0.11903814318268968;0.017556143254973008;0.27872367736218245;0.15140872368796396;0.0725830103446137;0.006198745360259357;0.03312089843175478;2684354720;64271383026;29610352866;1073872896;77;234;297;143;-7.8179009701962245;0.09375;0.03125;random_586
4;0.3213706583755633;0.11903814318268968;0.017556143254973008;0.27872367736218245;0.15140872368796396;0.0725830103446137;0.006198745360259357;0.03312089843175478;2684354720;64271383026;29610352866;1073872896;77;234;297;143;-7.841327285928785;0.078125;;random_586
0;0.07293167588238007;0.22797085806330986;0.17560406919165067;0.01674352270938658;0.17483177306145925;0.05175039676485798;0.2400642560680017;0.04010344825895386;9126805634;2147483680;29534331042;34359740416;63;36;522;130;;;;random_587
1;0.3034336142878873;0.33500281983183144;0.15859061253379497;0.03044644322260024;0.008736463602181452;0.0630140721839229;0.03307681908813345;0.06769915524964809;10200686786;2147483680;29610352866;35433613312;182;42;347;180;-7.7634944287737575;0.078125;0.046875;random_587
2;0.26712853714708207;0.19613563362533865;0.11870774977394312;0.0022576630702836084;0.08387012670246848;0.24493148422493202;0.015194099275859345;0.07177470618009273;10200686786;2147483680;29534331042;35433613312;183;55;321;192;-7.787033719612041;0.078125;0.03125;random_587
3;0.22021109110559334;0.18629884611853573;0.11211461055148732;0.011691454556175037;0.22282306090155524;0.21627148867342305;0.0008834490961557;0.02970599899707466;10200686786;2147483680;29610352866;35433613312;203;59;330;159;-7.788408305620804;0.078125;0.0625;random_587
4;0.35768686201392813;0.0793680895964175;0.011793218158730735;0.003750554225985176;0.27092644078014516;0.1550598539226641;0.029284568152687672;0.09213041314944147;10200686786;2147483680;29610352866;35433613312;213;51;303;184;-7.79727765758623;0.078125;0.046875;random_587
5;0.3362367755598817;0.0017171576516613507;0.1341095205318145;0.0484203766852344;0.0473689775128063;0.38236190239940687;0.005343299942294081;0.044441989716900776;10200686786;2147483680;29610352866;35433613312;228;63;311;149;-7.823652382875211;0.078125;0.03125;random_587
6;0.28352667924301206;0.1051106751065324;0.0436051392896673;0.008917201254994641;0.04581660859754534;0.3412105661438268;0.015738707729988453;0.15607442263443316;27384742082;2147483680;29610352866;1073872896;297;74;239;141;-7.806686446157409;0.078125;0.03125;random_587
7;0.326750262895755;0.044198573883272224;0.014990482517601786;0.10046859004418061;0.04507434361085663;0.2955134916421756;0.09702075941669602;0.07598349598946207;27384742082;2147483680;29610352866;1073872896;299;55;272;125;-7.821055009134186;0.09375;0.046875;random_587
8;0.2380546354771868;0.11173900989189237;0.026105787627590093;0.2538020055267487;0.04185444016434565;0.24887557479368702;0.006384928033296779;0.07318361848525257;27384742082;2147483680;29610352866;1073872896;287;78;251;135;-7.834001789798428;0.09375;0.03125;random_587
9;0.2380546354771868;0.11173900989189237;0.026105787627590093;0.2538020055267487;0.04185444016434565;0.24887557479368702;0.006384928033296779;0.07318361848525257;27384742082;2147483680;29610352866;1073872896;287;78;251;135;-7.845479840747082;0.078125;;random_587
0;0.15679541875945321;0.06163267877778702;0.2395490349775482;0.08249688887431408;0.14991710315112788;0.03292819974083382;0.1218819768486043;0.15479869887033143;2952790176;46802282550;29327761760;18257936384;87;244;197;223;;;;random_588
1;0.10403040588226332;0.03516378720626822;0.24048022251951587;0.2457788293963863;0.19266199933623376;0.001588542284027965;0.012814659317654348;0.16748155405765033;2684354720;46506575906;29327761760;18257944576;110;241;210;190;-7.726774168366648;0.078125;0.046875;random_588
2;0.22350086628715765;0.0027692807665022075;0.05262966994137647;0.43884178522662964;0.04310337257013177;0.00745609202988119;0.05762348469859703;0.17407544847972403;2684354720;46506575906;29058605408;18257944576;96;200;206;249;-7.798241445963732;0.078125;0.046875;random_588
3;0.22350086628715765;0.0027692807665022075;0.05262966994137647;0.43884178522662964;0.04310337257013177;0.00745609202988119;0.05762348469859703;0.17407544847972403;2684354720;46506575906;29058605408;18257944576;96;200;206;249;-7.9014183116078645;0.09375;0.046875;random_588
4;0.22350086628715765;0.0027692807665022075;0.05262966994137647;0.43884178522662964;0.04310337257013177;0.00745609202988119;0.05762348469859703;0.17407544847972403;2684354720;46506575906;29058605408;18257944576;96;200;206;249;-7.9014183116078645;0.09375;;random_588
0;0.18738039272340914;0.1354405630167806;0.17106692765138373;0.20886963243606402;0.07258849972299429;0.08270524049906443;0.007190329889271476;0.13475841406103242;2415919104;46506575906;26847748162;1610752128;45;229;306;171;;;;random_589
1;0.22350086628715765;0.0027692807665022075;0.05262966994137647;0.43884178522662964;0.04310337257013177;0.00745609202988119;0.05762348469859703;0.17407544847972403;2415919136;46506575906;26847879232;1610752128;58;220;256;217;-7.779056790770166;0.09375;0.046875;random_589
2;0.22350086628715765;0.0027692807665022075;0.05262966994137647;0.43884178522662964;0.04310337257013177;0.00745609202988119;0.05762348469859703;0.17407544847972403;2415919136;46506575906;26847879232;1610752128;58;220;256;217;-7.8594745906711605;0.09375;0.03125;random_589
3;0.22350086628715765;0.0027692807665022075;0.05262966994137647;0.43884178522662964;0.04310337257013177;0.00745609202988119;0.05762348469859703;0.17407544847972403;2415919136;46506575906;26847879232;1610752128;58;220;256;217;-7.8594745906711605;0.09375;;random_589
0;0.10053840930187583;0.13753346035758557;0.1490970502167493;0.11905517203344132;0.11093756963544557;0.15349853583312556;0.15769059407526667;0.07164920854651022;2684354720;46802282550;29602427378;18257936384;69;209;272;201;;;;random_59
1;0.3213706583755633;0.11903814318268968;0.017556143254973008;0.27872367736218245;0.15140872368796396;0.0725830103446137;0.006198745360259357;0.03312089843175478;2684354720;44090656770;29610352866;18257944576;95;168;297;191;-7.761310011214743;0.09375;0.03125;random_59
2;0.22350086628715765;0.0027692807665022075;0.05262966994137647;0.43884178522662964;0.04310337257013177;0.00745609202988119;0.05762348469859703;0.17407544847972403;2952790176;44090656770;64229881568;18257936384;90;201;237;223;-7.831952963351711;0.078125;0.046875;random_59
3;0.22350086628715765;0.0027692807665022075;0.05262966994137647;0.43884178522662964;0.04310337257013177;0.00745609202988119;0.05762348469859703;0.17407544847972403;2952790176;44090656770;64229881568;18257936384;90;201;237;223;-7.886907146226282;0.09375;0.046875;random_59
4;0.22350086628715765;0.0027692807665022075;0.05262966994137647;0.43884178522662964;0.04310337257013177;0.00745609202988119;0.05762348469859703;0.17407544847972403;2952790176;44090656770;64229881568;18257936384;90;201;237;223;-7.886907146226282;0.09375;;random_59
0;0.1894238461778357;0.14352132332087758;0.193528956687995;0.0885871106223699;0.1457383558477841;0.0314315170794971;0.08228053815215311;0.12548835211148762;2684354720;46506575906;27380421058;18257936384;81;233;226;211;;;;random_590
1;0.2447600051492009;0.14314318544021434;0.145212789654177;0.2490712965086182;0.15598942420100342;0.01939091665609377;0.009623424332912491;0.032808958057779856;4026540160;44090656770;29602427378;18257944576;109;178;287;177;-7.748690018633667;0.09375;0.046875;random_590
2;0.22350086628715765;0.0027692807665022075;0.05262966994137647;0.43884178522662964;0.04310337257013177;0.00745609202988119;0.05762348469859703;0.17407544847972403;4026540160;44090656770;64229881568;18257936384;147;198;219;187;-7.830096576297107;0.09375;0.046875;random_590
3;0.22350086628715765;0.0027692807665022075;0.05262966994137647;0.43884178522662964;0.04310337257013177;0.00745609202988119;0.05762348469859703;0.17407544847972403;4026540160;44090656770;64229881568;18257936384;147;198;219;187;-7.893671802959534;0.09375;0.046875;random_590
4;0.22350086628715765;0.0027692807665022075;0.05262966994137647;0.43884178522662964;0.04310337257013177;0.00745609202988119;0.05762348469859703;0.17407544847972403;4026540160;44090656770;64229881568;18257936384;147;198;219;187;-7.893671802959534;0.09375;;random_590
0;0.13082429930505612;0.008634865183191717;0.09204886175793736;0.19641066459699594;0.11481136394439523;0.13027024622739636;0.24873649019558133;0.07826320878944594;2415919104;42949675010;29610352866;1073881088;47;98;436;170;;;;random_591
1;0.34884434049438995;0.00273272513097807;0.06775407423558436;0.38042746609519695;0.011189118644623321;0.09961849730817919;0.034426194101241654;0.05500758398980671;2415919104;44090656770;29610352866;1073881088;61;148;380;162;-7.811214289961539;0.09375;0.046875;random_591
2;0.26400356727738417;0.13972626508717423;0.03191848428753177;0.3958529056178151;0.08658313179424464;0.012663840306161888;0.06594451750872049;0.003307288120967658;2147483680;61746587650;29530141040;1073881088;45;281;239;186;-7.843483514439557;0.09375;0.046875;random_591
3;0.22350086628715765;0.0027692807665022075;0.05262966994137647;0.43884178522662964;0.04310337257013177;0.00745609202988119;0.05762348469859703;0.17407544847972403;2415919136;61744482434;29530141040;1073872896;51;285;269;146;-7.8415209014721885;0.09375;0.03125;random_591
4;0.22350086628715765;0.0027692807665022075;0.05262966994137647;0.43884178522662964;0.04310337257013177;0.00745609202988119;0.05762348469859703;0.17407544847972403;2415919136;61744482434;29530141040;1073872896;51;286;268;146;-7.83741339380271;0.078125;0.046875;random_591
5;0.22350086628715765;0.0027692807665022075;0.05262966994137647;0.43884178522662964;0.04310337257013177;0.00745609202988119;0.05762348469859703;0.17407544847972403;2415919136;61744482434;29530141040;1073872896;51;286;268;146;-7.837563810108746;0.09375;;random_591
0;0.20263520097178547;0.2782498620276602;0.26554430012847735;0.0785376444168351;0.016808011962075056;0.0910735114185871;0.05803491593590872;0.009116553138671081;536871040;20950556832;61740288386;9730924610;50;268;263;170;;;;random_592
1;0.26712853714708207;0.19613563362533865;0.11870774977394312;0.0022576630702836084;0.08387012670246848;0.24493148422493202;0.015194099275859345;0.07177470618009273;1610752128;29534331042;61740288386;9663815682;89;321;211;130;-7.756233668765186;0.078125;0.046875;random_592
2;0.2652928102179358;0.15373269069199993;0.04602216215185193;0.05001752882531023;0.025126077006584698;0.33905860638957874;0.0012182451395121444;0.11953187957722651;1610752128;29610352866;61274851586;1073872896;139;307;195;110;-7.8052275658680506;0.09375;0.0625;random_592
3;0.2652928102179358;0.15373269069199993;0.04602216215185193;0.05001752882531023;0.025126077006584698;0.33905860638957874;0.0012182451395121444;0.11953187957722651;1610752128;29610352866;61274851586;1073872896;139;307;195;110;-7.850363157258005;0.078125;0.046875;random_592
4;0.2652928102179358;0.15373269069199993;0.04602216215185193;0.05001752882531023;0.025126077006584698;0.33905860638957874;0.0012182451395121444;0.11953187957722651;1610752128;29610352866;61274851586;1073872896;139;307;195;110;-7.850363157258005;0.078125;;random_592
0;0.074702912693834;0.1278286164798078;0.15961512536813421;0.0927510913415969;0.05013946285032068;0.13973120399397723;0.18466175244022834;0.1705698348321008;2684354720;46802282550;29602427378;18257936384;85;211;251;204;;;;random_593
1;0.40072647367377445;0.00310362567010429;0.0033302005369709063;0.3927380356007213;0.046225443549343416;0.03708592971439797;0.06602574663090753;0.05076454462378014;2684354720;63944488370;29530141040;18257936384;94;235;198;224;-7.7307670683928915;0.078125;0.046875;random_593
2;0.22350086628715765;0.0027692807665022075;0.05262966994137647;0.43884178522662964;0.04310337257013177;0.00745609202988119;0.05762348469859703;0.17407544847972403;2684354720;63665547266;29058605408;18257936384;106;224;187;234;-7.88242618718219;0.078125;0.046875;random_593
3;0.22350086628715765;0.0027692807665022075;0.05262966994137647;0.43884178522662964;0.04310337257013177;0.00745609202988119;0.05762348469859703;0.17407544847972403;2684354720;63665547266;29058605408;18257936384;106;224;187;234;-7.895435347196231;0.078125;0.03125;random_593
4;0.22350086628715765;0.0027692807665022075;0.05262966994137647;0.43884178522662964;0.04310337257013177;0.00745609202988119;0.05762348469859703;0.17407544847972403;2684354720;63665547266;29058605408;18257936384;106;224;187;234;-7.895435347196231;0.09375;;random_593
0;0.21109628062520133;0.06499690924960448;0.12390363844522231;0.12031409248916385;0.07921366447927324;0.16908229680572198;0.03306517152347364;0.19832794638233925;536871040;9663815682;29610352866;18794807424;52;180;342;177;;;;random_594
1;0.1630698429893746;0.00407268318921882;0.09797735637200568;0.2025790815233156;0.07132255533094715;0.3329994162083449;0.0012882034078602433;0.12669086097893295;1610752128;9663815682;29610352866;1073872896;130;137;374;110;-7.776680568642517;0.09375;0.03125;random_594
2;0.34884434049438995;0.00273272513097807;0.06775407423558436;0.38042746609519695;0.011189118644623321;0.09961849730817919;0.034426194101241654;0.05500758398980671;1610752128;9663815682;29610352866;1073872896;144;145;337;125;-7.837608070548349;0.078125;0.046875;random_594
3;0.22350086628715765;0.0027692807665022075;0.05262966994137647;0.43884178522662964;0.04310337257013177;0.00745609202988119;0.05762348469859703;0.17407544847972403;1610752128;9663815682;64229881568;1073872896;145;185;284;137;-7.856617140741778;0.078125;0.046875;random_594
4;0.22350086628715765;0.0027692807665022075;0.05262966994137647;0.43884178522662964;0.04310337257013177;0.00745609202988119;0.05762348469859703;0.17407544847972403;1610752128;9663815682;64229881568;1073872896;145;185;284;137;-7.894462095249555;0.078125;0.046875;random_594
5;0.22350086628715765;0.0027692807665022075;0.05262966994137647;0.43884178522662964;0.04310337257013177;0.00745609202988119;0.05762348469859703;0.17407544847972403;1610752128;9663815682;64229881568;1073872896;145;185;284;137;-7.894462095249555;0.078125;;random_594
0;0.011828686251921846;0.1253894373056978;0.19617596481191849;0.13707763097258968;0.21180097165765657;0.012533332896657083;0.28010925449010193;0.025084721613456647;536871040;42949675010;2415919104;26847879232;38;177;19;517;;;;random_595
1;0.31439332737119235;0.1411623241796911;0.08079876092299673;0.3999213473245838;0.02318099039077676;0.012793994955371894;0.024407975550480746;0.003341279304906665;1610752128;64161454086;2147483680;27395236032;196;285;56;214;-7.771528014170763;0.078125;0.046875;random_595
2;0.22350086628715765;0.0027692807665022075;0.05262966994137647;0.43884178522662964;0.04310337257013177;0.00745609202988119;0.05762348469859703;0.17407544847972403;1610752128;61208149506;2415919136;64229881568;214;253;58;226;-7.847308154603709;0.078125;0.046875;random_595
3;0.22350086628715765;0.0027692807665022075;0.05262966994137647;0.43884178522662964;0.04310337257013177;0.00745609202988119;0.05762348469859703;0.17407544847972403;1610752128;61208149506;2415919136;64229881568;214;253;58;226;-7.862486587796971;0.078125;0.03125;random_595
4;0.22350086628715765;0.0027692807665022075;0.05262966994137647;0.43884178522662964;0.04310337257013177;0.00745609202988119;0.05762348469859703;0.17407544847972403;1610752128;61208149506;2415919136;64229881568;214;253;58;226;-7.862486587796971;0.078125;;random_595
0;0.0768976062351963;0.07840019364012271;0.0031570878568867836;0.025127033032026645;0.2276582875455155;0.20732951245366849;0.19722209330285057;0.184208185933733;34359740416;29609828386;8589934594;18790621568;63;364;35;289;;;;random_596
1;0.35536557504575755;0.038265523519394884;0.00450023963246392;0.001360380912786598;0.016291722576489084;0.3531279735521729;0.10437146840750454;0.12671711635343055;34359740416;29534331042;8589934594;18794832000;60;318;56;317;-7.756981374893393;0.078125;0.03125;random_596
2;0.2159357241213121;0.23041296431977767;0.03297370215030217;0.09992625488750015;0.041603100213512045;0.2593815094781196;0.0013750451311851553;0.1183916996982911;35433613312;29610352866;9663815682;18794807424;136;300;139;176;-7.805379790403098;0.078125;0.046875;random_596
3;0.2380546354771868;0.11173900989189237;0.026105787627590093;0.2538020055267487;0.04185444016434565;0.24887557479368702;0.006384928033296779;0.07318361848525257;1073872896;29610352866;9663815682;18794807424;69;359;127;196;-7.804018207098342;0.09375;0.046875;random_596
4;0.34884434049438995;0.00273272513097807;0.06775407423558436;0.38042746609519695;0.011189118644623321;0.09961849730817919;0.034426194101241654;0.05500758398980671;1073872896;29610352866;9663815682;18794807424;83;297;145;226;-7.850869203400529;0.09375;0.03125;random_596
5;0.22350086628715765;0.0027692807665022075;0.05262966994137647;0.43884178522662964;0.04310337257013177;0.00745609202988119;0.05762348469859703;0.17407544847972403;1073872896;64229881568;9663815682;18794807424;112;242;185;212;-7.856338526999448;0.09375;0.046875;random_596
6;0.22350086628715765;0.0027692807665022075;0.05262966994137647;0.43884178522662964;0.04310337257013177;0.00745609202988119;0.05762348469859703;0.17407544847972403;1073872896;64229881568;9663815682;18794807424;112;242;185;212;-7.895425335768;0.078125;0.046875;random_596
7;0.22350086628715765;0.0027692807665022075;0.05262966994137647;0.43884178522662964;0.04310337257013177;0.00745609202988119;0.05762348469859703;0.17407544847972403;1073872896;64229881568;9663815682;18794807424;112;242;185;212;-7.895425335768;0.09375;;random_596
0;0.09933758464577455;0.3980662113379937;0.008761207424018898;0.08066557428043643;0.05049856451506439;0.26514962066730957;0.0750176483039398;0.022503588825462672;1610752128;29610352866;61207611458;34359738369;220;315;181;35;;;;random_597
1;0.2964359458958123;0.22263152819462279;0.037580570346368206;0.06022250718964245;0.00047552443683100866;0.25811395670503035;0.00702758194325551;0.11751238528843733;1610752128;29610352866;61207611458;34359741440;154;303;252;42;-7.770551534224275;0.09375;0.046875;random_597
2;0.28352667924301206;0.1051106751065324;0.0436051392896673;0.008917201254994641;0.04581660859754534;0.3412105661438268;0.015738707729988453;0.15607442263443316;1610752128;29610352866;26847870978;35433613312;155;297;169;130;-7.799409924157356;0.078125;0.046875;random_597
3;0.326750262895755;0.044198573883272224;0.014990482517601786;0.10046859004418061;0.04507434361085663;0.2955134916421756;0.09702075941669602;0.07598349598946207;1610752128;29610352866;26847870978;35433613312;136;313;203;99;-7.812306014499617;0.078125;0.046875;random_597
4;0.2380546354771868;0.11173900989189237;0.026105787627590093;0.2538020055267487;0.04185444016434565;0.24887557479368702;0.006384928033296779;0.07318361848525257;1610752128;29610352866;26847870978;35433613312;132;345;188;86;-7.805370215284393;0.09375;0.046875;random_597
5;0.20642446111882667;0.03247375426306101;0.008323848523663028;0.2607266687233741;0.10171287090797551;0.31275183634833637;0.0006962130348169285;0.07689034707994648;18794807424;29610352866;9663815682;1073872896;184;345;141;81;-7.827097544458979;0.109375;0.046875;random_597
6;0.34884434049438995;0.00273272513097807;0.06775407423558436;0.38042746609519695;0.011189118644623321;0.09961849730817919;0.034426194101241654;0.05500758398980671;18794807424;29610352866;9663815682;1073872896;234;297;145;75;-7.84807832794513;0.09375;0.046875;random_597
7;0.22350086628715765;0.0027692807665022075;0.05262966994137647;0.43884178522662964;0.04310337257013177;0.00745609202988119;0.05762348469859703;0.17407544847972403;18794807424;64229881568;9663815682;1073872896;213;242;185;111;-7.859274440351904;0.078125;0.046875;random_597
8;0.22350086628715765;0.0027692807665022075;0.05262966994137647;0.43884178522662964;0.04310337257013177;0.00745609202988119;0.05762348469859703;0.17407544847972403;18794807424;64229881568;9663815682;1073872896;213;242;185;111;-7.896089742543697;0.09375;0.046875;random_597
9;0.22350086628715765;0.0027692807665022075;0.05262966994137647;0.43884178522662964;0.04310337257013177;0.00745609202988119;0.05762348469859703;0.17407544847972403;18794807424;64229881568;9663815682;1073872896;213;242;185;111;-7.896089742543697;0.09375;;random_597
0;0.04853056662289686;0.15829522912971783;0.011158189407653306;0.19509129521480945;0.13030203145838476;0.1717630794075978;0.13091981697868818;0.1539397917802518;34359740416;29610352866;2415919104;1610752128;80;416;75;180;;;;random_598
1;0.2380546354771868;0.11173900989189237;0.026105787627590093;0.2538020055267487;0.04185444016434565;0.24887557479368702;0.006384928033296779;0.07318361848525257;35433613312;29610352866;2415919104;1073881088;95;452;78;126;-7.797574488671789;0.078125;0.046875;random_598
2;0.20351755227612883;0.11702777632732324;0.07684897614325388;0.15060676575082368;0.06044924340346322;0.37948267454670465;0.011261351265992668;0.0008056602863097856;35433613312;29610352866;3489800192;1073881088;118;366;111;156;-7.83930818753549;0.09375;0.03125;random_598
3;0.2380546354771868;0.11173900989189237;0.026105787627590093;0.2538020055267487;0.04185444016434565;0.24887557479368702;0.006384928033296779;0.07318361848525257;35433613312;29610352866;3489800192;1073881088;94;439;92;126;-7.828170972157211;0.078125;0.046875;random_598
4;0.20351755227612883;0.11702777632732324;0.07684897614325388;0.15060676575082368;0.06044924340346322;0.37948267454670465;0.011261351265992668;0.0008056602863097856;35433613312;29610352866;3489800192;1073881088;118;366;111;156;-7.841780827439727;0.078125;0.046875;random_598
5;0.2380546354771868;0.11173900989189237;0.026105787627590093;0.2538020055267487;0.04185444016434565;0.24887557479368702;0.006384928033296779;0.07318361848525257;35433613312;29610352866;3489800192;1073881088;94;439;92;126;-7.828170972157211;0.09375;0.046875;random_598
6;0.20351755227612883;0.11702777632732324;0.07684897614325388;0.15060676575082368;0.06044924340346322;0.37948267454670465;0.011261351265992668;0.0008056602863097856;35433613312;29610352866;3489800192;1073881088;118;366;111;156;-7.841780827439727;0.078125;;random_598
0;0.0925765364626413;0.07920180887128536;0.20450295029121965;0.1733329278790891;0.15563777931917896;0.0545572816899795;0.0709911653830351;0.16919955010357102;536871040;29610352866;2415919104;1073872896;87;512;38;114;;;;random_599
1;0.22350086628715765;0.0027692807665022075;0.05262966994137647;0.43884178522662964;0.04310337257013177;0.00745609202988119;0.05762348469859703;0.17407544847972403;1610752128;29610352866;2415919136;1073872896;155;431;46;119;-7.797405024414475;0.09375;0.046875;random_599
2;0.22350086628715765;0.0027692807665022075;0.05262966994137647;0.43884178522662964;0.04310337257013177;0.00745609202988119;0.05762348469859703;0.17407544847972403;1610752128;29610352866;2415919136;1073872896;155;432;46;118;-7.872818554810086;0.078125;0.046875;random_599
3;0.22350086628715765;0.0027692807665022075;0.05262966994137647;0.43884178522662964;0.04310337257013177;0.00745609202988119;0.05762348469859703;0.17407544847972403;1610752128;29610352866;2415919136;1073872896;155;432;46;118;-7.872377247269405;0.078125;;random_599
0;0.1001823440852523;0.11551719271691042;0.18109865166823202;0.13930303857992782;0.31391473733795927;0.03241017591640206;0.06634078068503661;0.05123307901027942;1073872896;59943335988;29327761760;10200686722;110;208;225;208;;;;random_6
1;0.22350086628715765;0.0027692807665022075;0.05262966994137647;0.43884178522662964;0.04310337257013177;0.00745609202988119;0.05762348469859703;0.17407544847972403;1073872896;21289906192;29058605408;12348162210;128;203;194;226;-7.774573847034663;0.078125;0.03125;random_6
2;0.22350086628715765;0.0027692807665022075;0.05262966994137647;0.43884178522662964;0.04310337257013177;0.00745609202988119;0.05762348469859703;0.17407544847972403;1073872896;21289906192;29058605408;12348162210;128;205;194;224;-7.886070930422824;0.078125;0.03125;random_6
3;0.22350086628715765;0.0027692807665022075;0.05262966994137647;0.43884178522662964;0.04310337257013177;0.00745609202988119;0.05762348469859703;0.17407544847972403;1073872896;21289906192;29058605408;12348162210;128;205;194;224;-7.886843541656122;0.09375;;random_6
0;0.0240472446531086;0.09934967890994503;0.05169637856354376;0.14165977728848214;0.044548560515210125;0.20498679415686305;0.12989287238663613;0.3038186935262112;34359740416;1610743936;17184063488;29062463522;66;254;51;380;;;;random_60
1;0.2380546354771868;0.11173900989189237;0.026105787627590093;0.2538020055267487;0.04185444016434565;0.24887557479368702;0.006384928033296779;0.07318361848525257;35433613312;1610752128;1073872896;29610352866;102;98;72;479;-7.721592165495011;0.09375;0.046875;random_60
2;0.2366789100818342;0.1819432033667347;0.02595492144120827;0.25233527557337193;0.12282527776671816;0.1402530047885955;0.006348029328823759;0.033661377652713445;35433613312;1610752128;1073872896;29610352866;134;93;75;449;-7.820082848811523;0.09375;0.046875;random_60
3;0.2366789100818342;0.1819432033667347;0.02595492144120827;0.25233527557337193;0.12282527776671816;0.1402530047885955;0.006348029328823759;0.033661377652713445;35433613312;1610752128;1073872896;29610352866;134;93;75;449;-7.8254918362826675;0.09375;;random_60
0;0.10203683659533978;0.23958864897679902;0.13760859171286408;0.10746170719138047;0.23662315413086024;0.022804528186681768;0.06765199836075482;0.08622453484531976;2415919136;63624054786;26915008834;1610752128;40;256;268;187;;;;random_600
1;0.23100146817560832;0.28560526106641454;0.048180961704098677;0.07155834578377031;0.1489056167349243;0.024893341860084312;0.01694696935742803;0.1729080353176716;2415919136;63355365730;26847748162;1610752128;42;249;228;232;-7.779874741628201;0.078125;0.0625;random_600
2;0.23100146817560832;0.28560526106641454;0.048180961704098677;0.07155834578377031;0.1489056167349243;0.024893341860084312;0.01694696935742803;0.1729080353176716;2415919136;63355365730;26847748162;1610752128;42;249;228;232;-7.8074107359844405;0.078125;0.03125;random_600
3;0.23100146817560832;0.28560526106641454;0.048180961704098677;0.07155834578377031;0.1489056167349243;0.024893341860084312;0.01694696935742803;0.1729080353176716;2415919136;63355365730;26847748162;1610752128;42;249;228;232;-7.8074107359844405;0.078125;;random_600
0;0.19756573821967596;0.1774063092731835;0.07053414908646247;0.2019778501726348;0.014480393461177564;0.11422596517605245;0.15154396953098825;0.07226562507982505;9126805634;2147483680;29610352866;1073881088;109;52;421;169;;;;random_601
1;0.21441745143005972;0.1441016272306112;0.044044851136924176;0.40824856950054417;0.1047067635431164;0.013060393434033321;0.06800949180181319;0.0034108519228977572;10200686722;2147483680;29542588512;1073881088;211;45;271;224;-7.806298515772601;0.078125;0.03125;random_601
2;0.37340059868882525;0.034454710893647704;0.021988553198505963;0.4433429767374552;0.03507017768372346;0.0141831083682436;0.0738558143111319;0.0037040601184669896;61746587650;2147483680;29530141040;1073881088;268;46;243;194;-7.909848819761333;0.078125;0.046875;random_601
3;0.22350086628715765;0.0027692807665022075;0.05262966994137647;0.43884178522662964;0.04310337257013177;0.00745609202988119;0.05762348469859703;0.17407544847972403;61744482434;2415919136;29530141040;1073872896;286;50;269;146;-7.8435604507459;0.078125;0.0625;random_601
4;0.22350086628715765;0.0027692807665022075;0.05262966994137647;0.43884178522662964;0.04310337257013177;0.00745609202988119;0.05762348469859703;0.17407544847972403;61744482434;2415919136;29530141040;1073872896;287;50;268;146;-7.837794642550649;0.078125;0.03125;random_601
5;0.22350086628715765;0.0027692807665022075;0.05262966994137647;0.43884178522662964;0.04310337257013177;0.00745609202988119;0.05762348469859703;0.17407544847972403;61744482434;2415919136;29530141040;1073872896;287;50;268;146;-7.837948283050312;0.09375;;random_601
0;0.027352321680862688;0.1016889179578287;0.19129790362912982;0.12578881877393347;0.16436914939616729;0.036824273675345846;0.005644188236714731;0.3470344266500173;2415919104;12348170466;1073872896;29609828386;47;244;89;371;;;;random_602
1;0.24265488072094357;0.04774158604080464;0.12974322700013724;0.165487103809149;0.047542452493914734;0.0021567508552906506;0.0256253964842772;0.33904860259548303;2415919136;12348170466;1073872896;29609828386;48;242;138;323;-7.793343652238775;0.078125;0.03125;random_602
2;0.24265488072094357;0.04774158604080464;0.12974322700013724;0.165487103809149;0.047542452493914734;0.0021567508552906506;0.0256253964842772;0.33904860259548303;2415919136;12348170466;1073872896;29609828386;48;242;138;323;-7.789897873248255;0.078125;0.046875;random_602
3;0.24265488072094357;0.04774158604080464;0.12974322700013724;0.165487103809149;0.047542452493914734;0.0021567508552906506;0.0256253964842772;0.33904860259548303;2415919136;12348170466;1073872896;29609828386;48;242;138;323;-7.789897873248255;0.09375;;random_602
0;0.02313762803354427;0.08673812169765176;0.19669813658986646;0.2501522551798231;0.09516184308962979;0.19315044467906872;0.13985090368310252;0.015110667047313583;536871040;46802282550;2415919104;26847879232;30;350;63;308;;;;random_603
1;0.03379901133745165;0.009229863395055908;0.1021697361520277;0.21617204921416489;0.22323368334804478;0.3535120839966061;0.034289155376229945;0.02759441718041919;1073881088;11811291170;2415919104;26847879232;159;282;117;193;-7.755675702937491;0.09375;0.046875;random_603
2;0.03379901133745165;0.009229863395055908;0.1021697361520277;0.21617204921416489;0.22323368334804478;0.3535120839966061;0.034289155376229945;0.02759441718041919;1073881088;11811291170;2415919104;26847879232;159;282;117;193;-7.8535942612095875;0.078125;0.046875;random_603
3;0.03379901133745165;0.009229863395055908;0.1021697361520277;0.21617204921416489;0.22323368334804478;0.3535120839966061;0.034289155376229945;0.02759441718041919;1073881088;11811291170;2415919104;26847879232;159;282;117;193;-7.8535942612095875;0.09375;;random_603
0;0.11819104389777196;0.008638815103028925;0.2790621503323398;0.2205961320342571;0.0982001658050913;0.06794008334146628;0.11586526107080544;0.09150634841523919;2415919136;9663815682;29610352866;1073881088;47;134;427;143;;;;random_604
1;0.26400356727738417;0.13972626508717423;0.03191848428753177;0.3958529056178151;0.08658313179424464;0.012663840306161888;0.06594451750872049;0.003307288120967658;2147483680;29530141040;29609828386;1073881088;53;202;290;206;-7.823521389863984;0.078125;0.0625;random_604
2;0.37340059868882525;0.034454710893647704;0.021988553198505963;0.4433429767374552;0.03507017768372346;0.0141831083682436;0.0738558143111319;0.0037040601184669896;2147483680;29530141040;29609828386;1073881088;54;206;284;207;-7.887686044636913;0.078125;0.046875;random_604
3;0.37340059868882525;0.034454710893647704;0.021988553198505963;0.4433429767374552;0.03507017768372346;0.0141831083682436;0.0738558143111319;0.0037040601184669896;2147483680;29530141040;29609828386;1073881088;54;206;284;207;-7.888324052900222;0.078125;;random_604
0;0.0880559934668467;0.21817565171867004;0.09606634445937824;0.1760670258259417;0.03723984508597809;0.12673820388741783;0.11725159179160652;0.14040534376416092;2684354720;44090656770;29610352866;1073872896;82;189;372;108;;;;random_605
1;0.40072647367377445;0.00310362567010429;0.0033302005369709063;0.3927380356007213;0.046225443549343416;0.03708592971439797;0.06602574663090753;0.05076454462378014;2684354720;61271845122;29610352866;1073872896;83;193;303;172;-7.801697164730644;0.078125;0.03125;random_605
2;0.22350086628715765;0.0027692807665022075;0.05262966994137647;0.43884178522662964;0.04310337257013177;0.00745609202988119;0.05762348469859703;0.17407544847972403;2684354720;61208149506;27395236032;1073872896;105;236;260;150;-7.845570889699832;0.078125;0.046875;random_605
3;0.22350086628715765;0.0027692807665022075;0.05262966994137647;0.43884178522662964;0.04310337257013177;0.00745609202988119;0.05762348469859703;0.17407544847972403;2684354720;61208149506;27395236032;1073872896;105;236;260;150;-7.86841256604295;0.078125;0.046875;random_605
4;0.22350086628715765;0.0027692807665022075;0.05262966994137647;0.43884178522662964;0.04310337257013177;0.00745609202988119;0.05762348469859703;0.17407544847972403;2684354720;61208149506;27395236032;1073872896;105;236;260;150;-7.86841256604295;0.078125;;random_605
0;0.1632488999471484;0.2067407899171628;0.0552178126723985;0.09161078088038772;0.013730252981287069;0.14987319053276874;0.2244467356805427;0.09513153738830399;536871040;2147483680;26915008834;18794832000;48;106;343;254;;;;random_606
1;0.40072647367377445;0.00310362567010429;0.0033302005369709063;0.3927380356007213;0.046225443549343416;0.03708592971439797;0.06602574663090753;0.05076454462378014;34896611456;2147483680;29610352866;18794832000;63;50;394;244;-7.76527651013535;0.09375;0.046875;random_606
2;0.22350086628715765;0.0027692807665022075;0.05262966994137647;0.43884178522662964;0.04310337257013177;0.00745609202988119;0.05762348469859703;0.17407544847972403;34896611456;2415919136;29610352866;18257944576;78;44;426;203;-7.860234532547143;0.09375;0.046875;random_606
3;0.22350086628715765;0.0027692807665022075;0.05262966994137647;0.43884178522662964;0.04310337257013177;0.00745609202988119;0.05762348469859703;0.17407544847972403;34896611456;2415919136;29610352866;18257944576;78;44;426;203;-7.862394168033043;0.09375;0.03125;random_606
4;0.22350086628715765;0.0027692807665022075;0.05262966994137647;0.43884178522662964;0.04310337257013177;0.00745609202988119;0.05762348469859703;0.17407544847972403;34896611456;2415919136;29610352866;18257944576;78;44;426;203;-7.862394168033043;0.078125;;random_606
0;0.21864734983806258;0.13452399517754218;0.04753123926042462;0.119145859733605;0.14401245853066333;0.14991368866394358;0.14356161074698692;0.04266379804877166;536871040;19331547168;20961435680;29805125826;46;56;296;353;;;;random_607
1;0.2380546354771868;0.11173900989189237;0.026105787627590093;0.2538020055267487;0.04185444016434565;0.24887557479368702;0.006384928033296779;0.07318361848525257;1610752128;20405682208;1073872896;29800542402;118;166;96;371;-7.745202346348278;0.09375;0.046875;random_607
2;0.1536894198364882;0.002031259805225586;0.015509271266870073;0.24031944545001954;0.08378739188450274;0.3347126832399806;0.042266667114845044;0.12768386140206808;1610752128;20405682208;1073872896;29805125826;123;194;105;329;-7.852317528548629;0.09375;0.046875;random_607
3;0.1630698429893746;0.00407268318921882;0.09797735637200568;0.2025790815233156;0.07132255533094715;0.3329994162083449;0.0012882034078602433;0.12669086097893295;1610752128;54840657953;1073872896;29800542402;125;217;107;302;-7.854867683995964;0.09375;0.046875;random_607
4;0.1630698429893746;0.00407268318921882;0.09797735637200568;0.2025790815233156;0.07132255533094715;0.3329994162083449;0.0012882034078602433;0.12669086097893295;1610752128;54840657953;1073872896;29800542402;125;217;107;302;-7.831077214021287;0.09375;0.03125;random_607
5;0.1630698429893746;0.00407268318921882;0.09797735637200568;0.2025790815233156;0.07132255533094715;0.3329994162083449;0.0012882034078602433;0.12669086097893295;1610752128;54840657953;1073872896;29800542402;125;217;107;302;-7.831077214021287;0.078125;;random_607
0;0.0497404471875969;0.05765659982879908;0.17502444666886274;0.11923598195010066;0.16028255214010909;0.190872169103197;0.13468864283808607;0.1124991602832483;2415919104;11811291170;29610352866;1610752128;80;156;352;163;;;;random_608
1;0.1630698429893746;0.00407268318921882;0.09797735637200568;0.2025790815233156;0.07132255533094715;0.3329994162083449;0.0012882034078602433;0.12669086097893295;37849409536;11811291170;29610352866;1073872896;116;146;334;155;-7.769807307781256;0.078125;0.046875;random_608
2;0.1630698429893746;0.00407268318921882;0.09797735637200568;0.2025790815233156;0.07132255533094715;0.3329994162083449;0.0012882034078602433;0.12669086097893295;37849409536;11811291170;29610352866;1073872896;116;146;334;155;-7.809565870142485;0.09375;0.03125;random_608
3;0.1630698429893746;0.00407268318921882;0.09797735637200568;0.2025790815233156;0.07132255533094715;0.3329994162083449;0.0012882034078602433;0.12669086097893295;37849409536;11811291170;29610352866;1073872896;116;146;334;155;-7.809565870142485;0.078125;;random_608
0;0.07665168313474864;0.10212151519911834;0.02848450248960079;0.14976424966214114;0.17381840416930858;0.15470015360408784;0.15651506990898548;0.15794442183200924;34359740416;29610352866;2415919104;1610752128;62;427;66;196;;;;random_609
1;0.20351755227612883;0.11702777632732324;0.07684897614325388;0.15060676575082368;0.06044924340346322;0.37948267454670465;0.011261351265992668;0.0008056602863097856;35433613312;29610352866;3489800192;1610752128;114;348;111;178;-7.7947402788678986;0.078125;0.046875;random_609
2;0.24030796296979348;0.11197583844660527;0.027281348089047464;0.0250298090018953;0.021351447986262304;0.4082625053048089;0.1443111028754692;0.021479985326118143;35433613312;29632917990;2415919104;1610752128;143;278;109;221;-7.8458049566861305;0.09375;0.046875;random_609
3;0.2940985242496007;0.16691998144413625;0.021869178412160992;0.06509988062962803;0.0625237540796771;0.27062616109209964;0.009538048259700704;0.1093244718329965;35433613312;29610352866;2415919104;1073881088;131;405;93;122;-7.829429004733969;0.125;0.046875;random_609
4;0.2380546354771868;0.11173900989189237;0.026105787627590093;0.2538020055267487;0.04185444016434565;0.24887557479368702;0.006384928033296779;0.07318361848525257;35433613312;29610352866;2415919104;1073881088;95;452;78;126;-7.8102110904077575;0.09375;0.0625;random_609
5;0.20351755227612883;0.11702777632732324;0.07684897614325388;0.15060676575082368;0.06044924340346322;0.37948267454670465;0.011261351265992668;0.0008056602863097856;35433613312;29610352866;3489800192;1073881088;118;366;111;156;-7.83930818753549;0.09375;0.046875;random_609
6;0.2380546354771868;0.11173900989189237;0.026105787627590093;0.2538020055267487;0.04185444016434565;0.24887557479368702;0.006384928033296779;0.07318361848525257;35433613312;29610352866;3489800192;1073881088;94;438;93;126;-7.828170972157211;0.09375;0.046875;random_609
7;0.20351755227612883;0.11702777632732324;0.07684897614325388;0.15060676575082368;0.06044924340346322;0.37948267454670465;0.011261351265992668;0.0008056602863097856;35433613312;29610352866;3489800192;1073881088;118;366;111;156;-7.842241499041476;0.09375;0.046875;random_609
8;0.2380546354771868;0.11173900989189237;0.026105787627590093;0.2538020055267487;0.04185444016434565;0.24887557479368702;0.006384928033296779;0.07318361848525257;35433613312;29610352866;3489800192;1073881088;94;438;93;126;-7.828170972157211;0.109375;0.046875;random_609
9;0.20351755227612883;0.11702777632732324;0.07684897614325388;0.15060676575082368;0.06044924340346322;0.37948267454670465;0.011261351265992668;0.0008056602863097856;35433613312;29610352866;3489800192;1073881088;118;366;111;156;-7.842241499041476;0.09375;;random_609
0;0.21463815663227556;0.12128850323820285;0.06095055713198197;0.13134526267682026;0.19888429596643464;0.09020559642969299;0.12244029346191679;0.06024733446267497;536871040;2147483680;1073881088;29610352866;49;47;156;499;;;;random_61
1;0.40072647367377445;0.00310362567010429;0.0033302005369709063;0.3927380356007213;0.046225443549343416;0.03708592971439797;0.06602574663090753;0.05076454462378014;536871040;2147483680;1073881088;29610352866;61;52;152;486;-7.81960748464746;0.078125;0.046875;random_61
2;0.22350086628715765;0.0027692807665022075;0.05262966994137647;0.43884178522662964;0.04310337257013177;0.00745609202988119;0.05762348469859703;0.17407544847972403;1610752128;2415919136;1073872896;29610352866;155;46;118;432;-7.832680106205965;0.078125;0.03125;random_61
3;0.22350086628715765;0.0027692807665022075;0.05262966994137647;0.43884178522662964;0.04310337257013177;0.00745609202988119;0.05762348469859703;0.17407544847972403;1610752128;2415919136;1073872896;29610352866;155;46;119;431;-7.872377247269405;0.078125;0.046875;random_61
4;0.22350086628715765;0.0027692807665022075;0.05262966994137647;0.43884178522662964;0.04310337257013177;0.00745609202988119;0.05762348469859703;0.17407544847972403;1610752128;2415919136;1073872896;29610352866;155;46;119;431;-7.872818554810086;0.09375;;random_61
0;0.03213692407485792;0.1821948146473164;0.12023931783264077;0.0770132035366436;0.16247366234225885;0.10654752555428466;0.18179445582465634;0.13760009618734143;34359740416;29609828386;2415919104;1610752128;96;401;44;210;;;;random_610
1;0.2538209476784505;0.2462455461066731;0.0017851341317653726;0.06518141635621134;0.09857463484899046;0.2368442390233459;0.011257734080949443;0.08629034777361407;35433613312;29565784290;2415919104;1073881088;154;369;82;146;-7.748107443985721;0.09375;0.046875;random_610
2;0.30897672711074536;0.23176805819176835;0.03233262408093428;0.014013834292101117;0.08721495695692494;0.19627977090001192;0.011318697475461837;0.118095330992052;35433613312;29565784290;2415919104;1073881088;162;399;68;122;-7.82147964474335;0.078125;0.046875;random_610
3;0.23305217935049427;0.24520217241991435;0.013850355910538516;0.23175226723291628;0.10393040132183767;0.15078164055193224;0.014373299585556198;0.007057683626810569;35433613312;29610352866;2415919104;1073881088;148;422;48;133;-7.8069799490525025;0.09375;0.03125;random_610
4;0.2500791569798219;0.2354027773027801;0.014862273932091507;0.2486842722487812;0.05416282486031248;0.14072914265149306;0.02574566700541392;0.030333885019305878;35433613312;29610352866;2415919104;1073881088;146;425;48;132;-7.843904980874218;0.09375;0.046875;random_610
5;0.2500791569798219;0.2354027773027801;0.014862273932091507;0.2486842722487812;0.05416282486031248;0.14072914265149306;0.02574566700541392;0.030333885019305878;35433613312;29610352866;2415919104;1073881088;146;425;48;132;-7.842837961199372;0.09375;;random_610
0;0.08792834182207873;0.1776608504880833;0.1746816013465998;0.07488423983875571;0.2115423057066202;0.03367854424659097;0.08739308449794027;0.15223103205333094;2415919104;50466031650;26915008834;1610752128;37;207;305;202;;;;random_611
1;0.38589812353111147;0.33822650530596715;0.025394866539336865;0.0870196693724164;0.07977728595257258;0.011696213496250043;0.03381265441055873;0.03817468139178661;2147483680;64271383026;26915008834;1610752128;48;256;259;188;-7.779240408279774;0.078125;0.03125;random_611
2;0.3213706583755633;0.11903814318268968;0.017556143254973008;0.27872367736218245;0.15140872368796396;0.0725830103446137;0.006198745360259357;0.03312089843175478;2147483680;64271383026;26847748162;1610752128;56;297;231;167;-7.813770012533688;0.078125;0.046875;random_611
3;0.2366789100818342;0.1819432033667347;0.02595492144120827;0.25233527557337193;0.12282527776671816;0.1402530047885955;0.006348029328823759;0.033661377652713445;2147483680;64271383026;26847748162;1610752128;75;309;230;137;-7.816873276283931;0.078125;0.0625;random_611
4;0.2500791569798219;0.2354027773027801;0.014862273932091507;0.2486842722487812;0.05416282486031248;0.14072914265149306;0.02574566700541392;0.030333885019305878;2147483680;64271383026;26915008834;1610752128;74;302;236;139;-7.824954682434872;0.078125;0.0625;random_611
5;0.2500791569798219;0.2354027773027801;0.014862273932091507;0.2486842722487812;0.05416282486031248;0.14072914265149306;0.02574566700541392;0.030333885019305878;2147483680;64271383026;26915008834;1610752128;74;302;236;139;-7.82631920518415;0.09375;0.046875;random_611
6;0.2500791569798219;0.2354027773027801;0.014862273932091507;0.2486842722487812;0.05416282486031248;0.14072914265149306;0.02574566700541392;0.030333885019305878;2147483680;64271383026;26915008834;1610752128;74;302;236;139;-7.82631920518415;0.09375;;random_611
0;0.11023825201341536;0.15602716986663548;0.22946681252473178;0.01794512822653564;0.17462026575619874;0.188069488303271;0.06492768458869298;0.058705198720519096;1073881088;12348170466;27380547970;29803290626;128;204;166;253;;;;random_612
1;0.27337713437480227;0.1530064252977965;0.180061957362705;0.0439491571521411;0.024832752194494906;0.30229512215981075;0.008756886516312705;0.013720564941936646;1073881088;12348170466;27380547970;29800542402;133;205;225;188;-7.795983296388753;0.078125;0.03125;random_612
2;0.09498590198239189;0.007689443366208946;0.10897705822302128;0.08311941671988932;0.17371738825196714;0.37435627241092406;0.022322878163480872;0.1348316408821165;1073872896;11819556962;27380547970;20673732608;116;230;252;153;-7.845039907877263;0.09375;0.046875;random_612
3;0.09498590198239189;0.007689443366208946;0.10897705822302128;0.08311941671988932;0.17371738825196714;0.37435627241092406;0.022322878163480872;0.1348316408821165;1073872896;11819556962;27380547970;20673732608;116;230;252;153;-7.852882625840925;0.09375;0.046875;random_612
4;0.09498590198239189;0.007689443366208946;0.10897705822302128;0.08311941671988932;0.17371738825196714;0.37435627241092406;0.022322878163480872;0.1348316408821165;1073872896;11819556962;27380547970;20673732608;116;230;252;153;-7.852882625840925;0.078125;;random_612
0;0.10006257404062671;0.08929339594969216;0.11513040768353615;0.047969398825250247;0.11195217674285084;0.18426349808556924;0.20016326952192853;0.15116527915054587;536871040;42949675010;29534331042;18794684544;43;101;429;178;;;;random_613
1;0.248592860017819;0.13442306969108006;0.024135543543755588;0.03117941321711681;0.11031541645687838;0.29561096242853657;0.009765796344783305;0.14597693830003033;18257944576;44090656770;29610352866;1610752128;142;168;311;130;-7.723009943753696;0.078125;0.046875;random_613
2;0.24583922759881016;0.08743795752925479;0.10132649713046628;0.051382160824446486;0.08725840913364279;0.3248062312263;0.004794632639486017;0.09715488391759348;18257944576;44090656770;29610352866;1610752128;125;159;313;154;-7.81612563218428;0.078125;0.03125;random_613
3;0.2380546354771868;0.11173900989189237;0.026105787627590093;0.2538020055267487;0.04185444016434565;0.24887557479368702;0.006384928033296779;0.07318361848525257;1073872896;44090656770;29610352866;1610752128;88;172;378;113;-7.7946811030807535;0.078125;0.046875;random_613
4;0.2380546354771868;0.11173900989189237;0.026105787627590093;0.2538020055267487;0.04185444016434565;0.24887557479368702;0.006384928033296779;0.07318361848525257;1073872896;44090656770;29610352866;1610752128;88;172;378;113;-7.829656883650524;0.09375;0.046875;random_613
5;0.2380546354771868;0.11173900989189237;0.026105787627590093;0.2538020055267487;0.04185444016434565;0.24887557479368702;0.006384928033296779;0.07318361848525257;1073872896;44090656770;29610352866;1610752128;88;172;378;113;-7.829656883650524;0.09375;;random_613
0;0.08165999291921963;0.2474892422114187;0.1193815737422531;0.06569723054021404;0.03814666158493395;0.2725497021529764;0.024934458620537975;0.15014113822844613;1073881088;44090656770;11819556962;18794807424;89;190;252;220;;;;random_614
1;0.2380546354771868;0.11173900989189237;0.026105787627590093;0.2538020055267487;0.04185444016434565;0.24887557479368702;0.006384928033296779;0.07318361848525257;1073872896;61274851586;29610352866;18794807424;53;169;352;177;-7.8028160962832205;0.078125;0.046875;random_614
2;0.2380546354771868;0.11173900989189237;0.026105787627590093;0.2538020055267487;0.04185444016434565;0.24887557479368702;0.006384928033296779;0.07318361848525257;1073872896;61274851586;29610352866;18794807424;53;169;352;177;-7.830869882492912;0.078125;0.046875;random_614
3;0.2380546354771868;0.11173900989189237;0.026105787627590093;0.2538020055267487;0.04185444016434565;0.24887557479368702;0.006384928033296779;0.07318361848525257;1073872896;61274851586;29610352866;18794807424;53;169;352;177;-7.830869882492912;0.078125;;random_614
0;0.04833148268637746;0.20756674861111554;0.04650257393908449;0.17605915079062748;0.039471793773194215;0.22426040057095709;0.15857114144967854;0.09923670817896536;2684354720;46802282550;29632917990;18257936384;80;251;245;175;;;;random_615
1;0.3213706583755633;0.11903814318268968;0.017556143254973008;0.27872367736218245;0.15140872368796396;0.0725830103446137;0.006198745360259357;0.03312089843175478;2684354720;44090656770;29610352866;18257944576;95;168;297;191;-7.792295705452966;0.09375;0.046875;random_615
2;0.22350086628715765;0.0027692807665022075;0.05262966994137647;0.43884178522662964;0.04310337257013177;0.00745609202988119;0.05762348469859703;0.17407544847972403;2952790176;44090656770;64229881568;18257936384;90;201;237;223;-7.831952963351711;0.09375;0.046875;random_615
3;0.22350086628715765;0.0027692807665022075;0.05262966994137647;0.43884178522662964;0.04310337257013177;0.00745609202988119;0.05762348469859703;0.17407544847972403;2952790176;44090656770;64229881568;18257936384;90;201;237;223;-7.886907146226282;0.078125;0.03125;random_615
4;0.22350086628715765;0.0027692807665022075;0.05262966994137647;0.43884178522662964;0.04310337257013177;0.00745609202988119;0.05762348469859703;0.17407544847972403;2952790176;44090656770;64229881568;18257936384;90;201;237;223;-7.886907146226282;0.078125;;random_615
0;0.25173737866028467;0.137065545439875;0.10045451512232473;0.042495481123709065;0.18860096931331027;0.15597092992326084;0.05829764224575157;0.06537753817148373;1073872896;19327418400;29534331042;29800542402;163;61;322;205;;;;random_616
1;0.1630698429893746;0.00407268318921882;0.09797735637200568;0.2025790815233156;0.07132255533094715;0.3329994162083449;0.0012882034078602433;0.12669086097893295;1073872896;3221356576;29534331042;29800542402;161;78;267;245;-7.7595623305109305;0.078125;0.03125;random_616
2;0.1630698429893746;0.00407268318921882;0.09797735637200568;0.2025790815233156;0.07132255533094715;0.3329994162083449;0.0012882034078602433;0.12669086097893295;1073872896;3221356576;29534331042;29800542402;161;78;267;245;-7.812368158377179;0.078125;0.046875;random_616
3;0.1630698429893746;0.00407268318921882;0.09797735637200568;0.2025790815233156;0.07132255533094715;0.3329994162083449;0.0012882034078602433;0.12669086097893295;1073872896;3221356576;29534331042;29800542402;161;78;267;245;-7.812368158377179;0.09375;;random_616
0;0.05545549733661571;0.1247703588324056;0.011899569124571173;0.07278431892989948;0.18535916449988937;0.15632217331847226;0.2059861054540308;0.1874228125041157;34359740416;29609828386;2415919104;1610752128;69;383;69;230;;;;random_617
1;0.35536557504575755;0.038265523519394884;0.00450023963246392;0.001360380912786598;0.016291722576489084;0.3531279735521729;0.10437146840750454;0.12671711635343055;1073872896;29611143330;2415919104;18790621568;120;262;103;266;-7.7605040376428684;0.09375;0.046875;random_617
2;0.173774107802524;0.005944439597428946;0.1460460754256834;0.05636071752935284;0.15193135180814402;0.2964315205646726;0.0005845289065144723;0.16892725836567982;1073872896;29610352866;3489800192;18790621568;133;324;107;187;-7.84019409383866;0.09375;0.046875;random_617
3;0.08365946100027769;0.041121742231133386;0.09186568040930077;0.044696011818012756;0.21723168090227032;0.3311928691550277;0.0033295270512081624;0.18690302743276893;1073872896;29610352866;3489800192;18790621568;127;325;113;186;-7.829578817853172;0.09375;0.046875;random_617
4;0.08365946100027769;0.041121742231133386;0.09186568040930077;0.044696011818012756;0.21723168090227032;0.3311928691550277;0.0033295270512081624;0.18690302743276893;1073872896;29610352866;3489800192;18790621568;127;325;113;186;-7.832793975440205;0.09375;;random_617
0;0.005564383776620538;0.14895196686711532;0.11465339298377528;0.09448607539619361;0.25952457802426;0.17180703864187946;0.06565907275464872;0.139353491555507;536871040;29610352866;2415919104;35433613312;60;447;88;156;;;;random_618
1;0.08365946100027769;0.041121742231133386;0.09186568040930077;0.044696011818012756;0.21723168090227032;0.3311928691550277;0.0033295270512081624;0.18690302743276893;1610752128;29610352866;3489800192;1073872896;130;374;113;134;-7.767223287004627;0.078125;0.046875;random_618
2;0.08365946100027769;0.041121742231133386;0.09186568040930077;0.044696011818012756;0.21723168090227032;0.3311928691550277;0.0033295270512081624;0.18690302743276893;1610752128;29610352866;3489800192;1073872896;130;374;113;134;-7.831225413677393;0.078125;0.046875;random_618
3;0.08365946100027769;0.041121742231133386;0.09186568040930077;0.044696011818012756;0.21723168090227032;0.3311928691550277;0.0033295270512081624;0.18690302743276893;1610752128;29610352866;3489800192;1073872896;130;374;113;134;-7.831225413677393;0.09375;;random_618
0;0.03131320422025766;0.24505324683052984;0.11431134037925557;0.0555305281603375;0.05340578810224567;0.005007401990358447;0.2557747431423299;0.2396037471746856;34359740416;68265867626;2415919104;12348170466;70;321;26;334;;;;random_619
1;0.38589812353111147;0.33822650530596715;0.025394866539336865;0.0870196693724164;0.07977728595257258;0.011696213496250043;0.03381265441055873;0.03817468139178661;1073872896;64271383026;2147483680;27384742082;124;257;41;329;-7.743773817403428;0.09375;0.046875;random_619
2;0.3213706583755633;0.11903814318268968;0.017556143254973008;0.27872367736218245;0.15140872368796396;0.0725830103446137;0.006198745360259357;0.03312089843175478;1073872896;64271383026;2147483680;27384742082;133;295;64;259;-7.834356113831973;0.09375;0.03125;random_619
3;0.2500791569798219;0.2354027773027801;0.014862273932091507;0.2486842722487812;0.05416282486031248;0.14072914265149306;0.02574566700541392;0.030333885019305878;1073881088;64271383026;2147483680;27384742082;122;280;68;281;-7.819286216550825;0.09375;0.046875;random_619
4;0.2500791569798219;0.2354027773027801;0.014862273932091507;0.2486842722487812;0.05416282486031248;0.14072914265149306;0.02574566700541392;0.030333885019305878;1073881088;64271383026;2147483680;27384742082;122;280;68;281;-7.825333772904754;0.09375;0.0625;random_619
5;0.2500791569798219;0.2354027773027801;0.014862273932091507;0.2486842722487812;0.05416282486031248;0.14072914265149306;0.02574566700541392;0.030333885019305878;1073881088;64271383026;2147483680;27384742082;122;280;68;281;-7.825333772904754;0.078125;;random_619
0;0.12756043174461199;0.11251160449103234;0.06957544387258788;0.14168265066916233;0.08693121256479822;0.10447930520104716;0.14703330001708922;0.210226051439671;536871040;29610352866;2415919104;35433613312;68;472;42;169;;;;random_62
1;0.22350086628715765;0.0027692807665022075;0.05262966994137647;0.43884178522662964;0.04310337257013177;0.00745609202988119;0.05762348469859703;0.17407544847972403;1610752128;29610352866;2415919136;1073872896;155;431;46;119;-7.772941476670255;0.0625;0.046875;random_62
2;0.22350086628715765;0.0027692807665022075;0.05262966994137647;0.43884178522662964;0.04310337257013177;0.00745609202988119;0.05762348469859703;0.17407544847972403;1610752128;29610352866;2415919136;1073872896;155;432;46;118;-7.872818554810086;0.078125;0.046875;random_62
3;0.22350086628715765;0.0027692807665022075;0.05262966994137647;0.43884178522662964;0.04310337257013177;0.00745609202988119;0.05762348469859703;0.17407544847972403;1610752128;29610352866;2415919136;1073872896;155;432;46;118;-7.872377247269405;0.078125;;random_62
0;0.16419484615377128;0.10357763740244938;0.13257151023563996;0.2992887104900529;0.04106336949555621;0.010008492395285184;0.0730287668750021;0.1762666669522428;2415919136;46506575906;26915008834;1610752128;42;209;300;200;;;;random_620
1;0.22350086628715765;0.0027692807665022075;0.05262966994137647;0.43884178522662964;0.04310337257013177;0.00745609202988119;0.05762348469859703;0.17407544847972403;2415919136;46506575906;26847879232;1610752128;58;220;256;217;-7.817320564244116;0.09375;0.046875;random_620
2;0.22350086628715765;0.0027692807665022075;0.05262966994137647;0.43884178522662964;0.04310337257013177;0.00745609202988119;0.05762348469859703;0.17407544847972403;2415919136;46506575906;26847879232;1610752128;58;220;256;217;-7.8594745906711605;0.09375;0.046875;random_620
3;0.22350086628715765;0.0027692807665022075;0.05262966994137647;0.43884178522662964;0.04310337257013177;0.00745609202988119;0.05762348469859703;0.17407544847972403;2415919136;46506575906;26847879232;1610752128;58;220;256;217;-7.8594745906711605;0.09375;;random_620
0;0.0020371237485265915;0.027645766968750683;0.18503845213886494;0.11880374929363775;0.2515313719589442;0.24148951702339297;0.07330273887295498;0.10015127999492791;34359740416;61822614598;2415919104;12348170466;28;311;93;319;;;;random_621
1;0.22837669674309316;0.012187574629471723;0.0690915665638123;0.04103872449577563;0.361056208047885;0.27383426886967105;0.011429030478758087;0.002985930171533131;34359740416;27384742082;3489800192;29602427378;54;336;138;223;-7.789295525816426;0.109375;0.046875;random_621
2;0.22837669674309316;0.012187574629471723;0.0690915665638123;0.04103872449577563;0.361056208047885;0.27383426886967105;0.011429030478758087;0.002985930171533131;34359740416;27384742082;3489800192;29602427378;54;336;138;223;-7.885231956596732;0.09375;0.046875;random_621
3;0.22837669674309316;0.012187574629471723;0.0690915665638123;0.04103872449577563;0.361056208047885;0.27383426886967105;0.011429030478758087;0.002985930171533131;34359740416;27384742082;3489800192;29602427378;54;336;138;223;-7.885231956596732;0.09375;;random_621
0;0.17272765846248053;0.10897069095821202;0.06955256541990545;0.15057354884169097;0.17391891330878187;0.1266983899487859;0.04343788090484577;0.15412035215529757;2684354720;46707902626;26915008834;1073872896;108;274;261;108;;;;random_622
1;0.37025333210684236;0.022956605155466023;0.07191222226505606;0.4037747516473602;0.08737804219003784;0.0029004357188159953;0.03653897053246483;0.004285640383956738;2684354720;64161454086;29532451296;1073872896;76;282;226;167;-7.806809952973071;0.09375;0.046875;random_622
2;0.22350086628715765;0.0027692807665022075;0.05262966994137647;0.43884178522662964;0.04310337257013177;0.00745609202988119;0.05762348469859703;0.17407544847972403;2684354720;63624054786;27395236032;1073872896;102;234;266;149;-7.847987644225835;0.09375;0.046875;random_622
3;0.22350086628715765;0.0027692807665022075;0.05262966994137647;0.43884178522662964;0.04310337257013177;0.00745609202988119;0.05762348469859703;0.17407544847972403;2684354720;63624054786;27395236032;1073872896;102;234;266;149;-7.864897286543851;0.09375;0.046875;random_622
4;0.22350086628715765;0.0027692807665022075;0.05262966994137647;0.43884178522662964;0.04310337257013177;0.00745609202988119;0.05762348469859703;0.17407544847972403;2684354720;63624054786;27395236032;1073872896;102;234;266;149;-7.864897286543851;0.09375;;random_622
0;0.13201128246221375;0.21913030077071657;0.15267579171064158;0.29535566167440586;0.02146430833028351;0.04890759396053982;0.061078734513036324;0.06937632657816263;2415919104;44090656770;29610352866;1073872896;40;203;393;115;;;;random_623
1;0.29367196430529735;0.0431497126012566;0.2162087121398788;0.3542349238155285;0.010690672475181013;0.005330983715718444;0.007158337437897366;0.06955469350924194;2415919136;44090656770;29610352866;1073872896;49;155;421;126;-7.81276225873244;0.09375;0.046875;random_623
2;0.26400356727738417;0.13972626508717423;0.03191848428753177;0.3958529056178151;0.08658313179424464;0.012663840306161888;0.06594451750872049;0.003307288120967658;2415919136;61746587650;29530141040;1073872896;50;280;244;177;-7.8304160620156535;0.109375;0.046875;random_623
3;0.22350086628715765;0.0027692807665022075;0.05262966994137647;0.43884178522662964;0.04310337257013177;0.00745609202988119;0.05762348469859703;0.17407544847972403;2415919136;29534331042;29532451296;1073872896;57;313;229;152;-7.83968953012572;0.09375;0.046875;random_623
4;0.22350086628715765;0.0027692807665022075;0.05262966994137647;0.43884178522662964;0.04310337257013177;0.00745609202988119;0.05762348469859703;0.17407544847972403;2415919136;29534331042;29532451296;1073872896;57;313;229;152;-7.840728370389008;0.078125;0.03125;random_623
5;0.22350086628715765;0.0027692807665022075;0.05262966994137647;0.43884178522662964;0.04310337257013177;0.00745609202988119;0.05762348469859703;0.17407544847972403;2415919136;29534331042;29532451296;1073872896;57;313;229;152;-7.840728370389008;0.09375;;random_623
0;0.07620315953577321;0.049474520563103065;0.22428340036989777;0.07061260443727803;0.07621153075642;0.06389058913882677;0.12904699125180752;0.3102772039468938;536871040;29609828386;2415919104;1073872896;144;423;37;147;;;;random_624
1;0.2141875990279326;0.14140163163174538;0.04634367787947426;0.10831711571244376;0.05335031274434084;0.00656554995798805;0.03182409513900542;0.3980100179070696;1610752128;64163117378;2415919136;1073872896;183;372;49;147;-7.797738574966697;0.078125;0.03125;random_624
2;0.28285602862283515;0.2537776207989907;0.0451233842292053;0.02450298610495382;0.05022252087045374;0.006392669873997028;0.004814088301972496;0.3323107011975916;1610752128;64163117378;2415919136;1073872896;188;358;65;140;-7.83845647426124;0.078125;0.046875;random_624
3;0.3076469953297204;0.09220441931162156;0.012594904878318753;0.09049487347217217;0.17444898553748314;0.048363992212911135;0.0031122340942089;0.27113359516356395;1610752128;64163117378;2147483680;1073872896;178;375;65;133;-7.830757497264006;0.09375;0.046875;random_624
4;0.28285602862283515;0.2537776207989907;0.0451233842292053;0.02450298610495382;0.05022252087045374;0.006392669873997028;0.004814088301972496;0.3323107011975916;1610752128;64163117378;2147483680;1073872896;188;357;66;140;-7.838093287538329;0.078125;0.03125;random_624
5;0.2513448966457677;0.08915769942608719;0.016629634072666266;0.1181371434798492;0.2008391403663697;0.12327716479800704;0.007096098510675712;0.19351822270057709;1610752128;64163117378;2147483680;1073872896;163;382;84;122;-7.806852670832182;0.09375;0.046875;random_624
6;0.2513448966457677;0.08915769942608719;0.016629634072666266;0.1181371434798492;0.2008391403663697;0.12327716479800704;0.007096098510675712;0.19351822270057709;1610752128;64163117378;2147483680;1073872896;163;382;84;122;-7.807805306963473;0.078125;;random_624
0;0.1570144833695288;0.12740956114079055;0.02936671268234677;0.15091306810786256;0.099400513731103;0.3266006056004757;0.04778681863694204;0.06150823673095057;1073881088;19331547168;29610352866;29805125826;202;79;271;199;;;;random_625
1;0.1536894198364882;0.002031259805225586;0.015509271266870073;0.24031944545001954;0.08378739188450274;0.3347126832399806;0.042266667114845044;0.12768386140206808;1073881088;19331547168;29610352866;29805125826;180;88;275;208;-7.8028419218118;0.078125;0.046875;random_625
2;0.1536894198364882;0.002031259805225586;0.015509271266870073;0.24031944545001954;0.08378739188450274;0.3347126832399806;0.042266667114845044;0.12768386140206808;1073881088;19331547168;29610352866;29805125826;180;88;275;208;-7.810224890144298;0.078125;;random_625
0;0.06993447104324206;0.07232408960213654;0.21250879375922613;0.1986928446974936;0.14529651796501594;0.07246517109605187;0.08007096645488311;0.14870714538195076;536871040;29610352866;2415919104;1073872896;75;522;38;116;;;;random_626
1;0.22350086628715765;0.0027692807665022075;0.05262966994137647;0.43884178522662964;0.04310337257013177;0.00745609202988119;0.05762348469859703;0.17407544847972403;1610752128;29610352866;2415919136;1073872896;155;431;46;119;-7.791945072931301;0.078125;0.03125;random_626
2;0.22350086628715765;0.0027692807665022075;0.05262966994137647;0.43884178522662964;0.04310337257013177;0.00745609202988119;0.05762348469859703;0.17407544847972403;1610752128;29610352866;2415919136;1073872896;155;432;46;118;-7.872818554810086;0.078125;0.03125;random_626
3;0.22350086628715765;0.0027692807665022075;0.05262966994137647;0.43884178522662964;0.04310337257013177;0.00745609202988119;0.05762348469859703;0.17407544847972403;1610752128;29610352866;2415919136;1073872896;155;432;46;118;-7.872377247269405;0.09375;;random_626
0;0.187111951151112;0.09713824158328245;0.12886802935294517;0.2245832182777311;0.16433184281479873;0.1354404101097478;0.01801213139338488;0.04451417531699765;1610752128;2147483680;1073872896;29610352866;122;64;96;469;;;;random_627
1;0.22350086628715765;0.0027692807665022075;0.05262966994137647;0.43884178522662964;0.04310337257013177;0.00745609202988119;0.05762348469859703;0.17407544847972403;1610752128;2415919136;1073872896;29610352866;155;46;119;431;-7.832688152497992;0.09375;0.046875;random_627
2;0.22350086628715765;0.0027692807665022075;0.05262966994137647;0.43884178522662964;0.04310337257013177;0.00745609202988119;0.05762348469859703;0.17407544847972403;1610752128;2415919136;1073872896;29610352866;155;46;118;432;-7.872818554810086;0.078125;0.046875;random_627
3;0.22350086628715765;0.0027692807665022075;0.05262966994137647;0.43884178522662964;0.04310337257013177;0.00745609202988119;0.05762348469859703;0.17407544847972403;1610752128;2415919136;1073872896;29610352866;155;46;118;432;-7.872377247269405;0.078125;;random_627
0;0.056996624925381136;0.17671063048279906;0.03065830838075178;0.008222283230620017;0.10218719205166436;0.2038520528761029;0.19658969135326426;0.22478321669941648;34359740416;29609828386;2415919104;1610752128;91;340;78;242;;;;random_628
1;0.35536557504575755;0.038265523519394884;0.00450023963246392;0.001360380912786598;0.016291722576489084;0.3531279735521729;0.10437146840750454;0.12671711635343055;1073872896;29611143330;2415919104;18790621568;120;262;103;266;-7.768306837097106;0.078125;0.03125;random_628
2;0.173774107802524;0.005944439597428946;0.1460460754256834;0.05636071752935284;0.15193135180814402;0.2964315205646726;0.0005845289065144723;0.16892725836567982;1073872896;29610352866;3489800192;18790621568;133;324;107;187;-7.84019409383866;0.09375;0.046875;random_628
3;0.08365946100027769;0.041121742231133386;0.09186568040930077;0.044696011818012756;0.21723168090227032;0.3311928691550277;0.0033295270512081624;0.18690302743276893;1073872896;29610352866;3489800192;18790621568;127;325;113;186;-7.829578817853172;0.078125;0.046875;random_628
4;0.08365946100027769;0.041121742231133386;0.09186568040930077;0.044696011818012756;0.21723168090227032;0.3311928691550277;0.0033295270512081624;0.18690302743276893;1073872896;29610352866;3489800192;18790621568;127;325;113;186;-7.832793975440205;0.078125;;random_628
0;0.17860498348424153;0.15732299456541696;0.12471266172690727;0.05348500158087586;0.14584670799806065;0.163310071681428;0.03174323946780085;0.14497433949526903;1610752128;44090656770;29610352866;1073881088;119;175;370;87;;;;random_629
1;0.2974917125345751;0.1582250205584557;0.028171560021803113;0.0038976108717114484;0.09750972133049703;0.3424556922626322;0.011659367323852872;0.060589315096472626;1610752128;61207611458;29610352866;1073872896;150;200;291;110;-7.808855268962534;0.078125;0.0625;random_629
2;0.22794178734514348;0.24706625911771557;0.017721489867657182;0.06295507542077715;0.049887405597615384;0.3409769332128235;0.02364781992100208;0.029803229517265672;1610752128;61207611458;29610352866;1073872896;140;206;294;111;-7.861869948579356;0.078125;0.03125;random_629
3;0.22794178734514348;0.24706625911771557;0.017721489867657182;0.06295507542077715;0.049887405597615384;0.3409769332128235;0.02364781992100208;0.029803229517265672;1610752128;61207611458;29610352866;1073872896;140;206;294;111;-7.852978289395159;0.078125;;random_629
0;0.10040696781775318;0.278230591685342;0.2596127507232229;0.014658877184211046;0.07636253872111887;0.13431517629042883;0.031499651838018554;0.1049134457399046;1610752128;61207611458;18325057792;11811291170;144;269;154;184;;;;random_63
1;0.24146741736636146;0.2695804368884007;0.1742973628111623;0.012673678582980876;0.15271231322656062;0.09258135460373468;0.044908320208141186;0.011779116312658197;1610752128;61746587650;18796912912;11811291170;112;245;209;185;-7.772795352282405;0.078125;0.046875;random_63
2;0.19833818186193894;0.2859264500050963;0.09371777500905382;0.14038160623357085;0.0397757093227793;0.17112249020894763;0.0011888858650433577;0.06954890149356974;1073881088;61207611458;18257944576;12348170466;94;219;141;297;-7.793883473429292;0.09375;0.03125;random_63
3;0.3213706583755633;0.11903814318268968;0.017556143254973008;0.27872367736218245;0.15140872368796396;0.0725830103446137;0.006198745360259357;0.03312089843175478;1073881088;61207611458;18257944576;12348170466;91;213;138;309;-7.798407968363198;0.078125;0.046875;random_63
4;0.3213706583755633;0.11903814318268968;0.017556143254973008;0.27872367736218245;0.15140872368796396;0.0725830103446137;0.006198745360259357;0.03312089843175478;1073881088;61207611458;18257944576;12348170466;91;213;138;309;-7.81966083277311;0.09375;;random_63
0;0.03497108739027878;0.19572503859740534;0.05685564795901303;0.042578904868123095;0.04046326354060106;0.3259331482623288;0.2139748254714268;0.08949808391082321;2684354720;46802282550;29602427378;18257936384;73;233;238;207;;;;random_630
1;0.28909016927830317;0.22810312962887647;0.013560648150540614;0.05837504960095136;0.17938559344973792;0.025647219325050128;0.12435925006450231;0.08147894050203804;2684354720;63355365730;29610352866;18257936384;53;235;314;149;-7.7264699724675685;0.09375;0.046875;random_630
2;0.30066927944335803;0.1799858733805785;0.03054242137742733;0.15768471195620315;0.23672132318086012;0.018285620245463662;0.026784670187408117;0.049326100228701215;2684354720;63355365730;29610352866;18257936384;74;219;292;166;-7.802499093003898;0.078125;0.03125;random_630
3;0.3213706583755633;0.11903814318268968;0.017556143254973008;0.27872367736218245;0.15140872368796396;0.0725830103446137;0.006198745360259357;0.03312089843175478;2684354720;63355365730;29610352866;18257944576;91;190;273;197;-7.8423437210536004;0.078125;0.046875;random_630
4;0.3213706583755633;0.11903814318268968;0.017556143254973008;0.27872367736218245;0.15140872368796396;0.0725830103446137;0.006198745360259357;0.03312089843175478;2684354720;63355365730;29610352866;18257944576;91;190;273;197;-7.851173937666385;0.09375;0.046875;random_630
5;0.3213706583755633;0.11903814318268968;0.017556143254973008;0.27872367736218245;0.15140872368796396;0.0725830103446137;0.006198745360259357;0.03312089843175478;2684354720;63355365730;29610352866;18257944576;91;190;273;197;-7.851173937666385;0.078125;;random_630
0;0.018551191808573234;0.13921568285665578;0.03759705908165918;0.20210677265068483;0.1288113355499332;0.18861727406838125;0.10274759023198869;0.1823530937521238;536871040;29610352866;2415919104;35433613312;56;465;81;149;;;;random_631
1;0.1630698429893746;0.00407268318921882;0.09797735637200568;0.2025790815233156;0.07132255533094715;0.3329994162083449;0.0012882034078602433;0.12669086097893295;1610752128;29610352866;3489800192;1073872896;133;399;100;119;-7.784433592508346;0.09375;0.046875;random_631
2;0.1630698429893746;0.00407268318921882;0.09797735637200568;0.2025790815233156;0.07132255533094715;0.3329994162083449;0.0012882034078602433;0.12669086097893295;1610752128;29610352866;3489800192;1073872896;134;397;101;119;-7.836595514474449;0.09375;0.046875;random_631
3;0.1630698429893746;0.00407268318921882;0.09797735637200568;0.2025790815233156;0.07132255533094715;0.3329994162083449;0.0012882034078602433;0.12669086097893295;1610752128;29610352866;3489800192;1073872896;134;397;101;119;-7.83730789124835;0.078125;;random_631
0;0.13667731330931712;0.11208187245440447;0.1688445763442655;0.11628579268904815;0.11541472510685;0.0614861538707124;0.1859671399002241;0.1032424263251782;2684354720;46802282550;29602427378;18257936384;53;225;268;205;;;;random_632
1;0.22350086628715765;0.0027692807665022075;0.05262966994137647;0.43884178522662964;0.04310337257013177;0.00745609202988119;0.05762348469859703;0.17407544847972403;2952790176;46506575906;64229881568;18257936384;91;208;229;223;-7.739516642731962;0.09375;0.046875;random_632
2;0.22350086628715765;0.0027692807665022075;0.05262966994137647;0.43884178522662964;0.04310337257013177;0.00745609202988119;0.05762348469859703;0.17407544847972403;2952790176;46506575906;64229881568;18257936384;91;208;229;223;-7.886525219607982;0.09375;0.046875;random_632
3;0.22350086628715765;0.0027692807665022075;0.05262966994137647;0.43884178522662964;0.04310337257013177;0.00745609202988119;0.05762348469859703;0.17407544847972403;2952790176;46506575906;64229881568;18257936384;91;208;229;223;-7.886525219607982;0.078125;;random_632
0;0.12442186686962774;0.17204397075467256;0.04613383160449996;0.08421277151385989;0.09741256572471926;0.16363190541002673;0.22091784082438057;0.09122524729821316;536871040;2147483680;26915008834;18794832000;47;126;332;246;;;;random_633
1;0.2922335917537173;0.009794192293161646;0.151569100731467;0.1749620121306112;0.029451923915210225;0.2425339634163405;0.09705565923056397;0.0023995565289282052;34896611456;2147483680;27384820166;1073881088;48;140;449;114;-7.746352987111833;0.09375;0.046875;random_633
2;0.28781070354548244;0.055796013662973175;0.025259102217814636;0.2890178041962452;0.036218807741291055;0.23046486245127196;0.0734298625641276;0.002002843620793949;34896611456;2147483680;27384820166;1073881088;66;117;427;141;-7.811202598472185;0.078125;0.046875;random_633
3;0.34884434049438995;0.00273272513097807;0.06775407423558436;0.38042746609519695;0.011189118644623321;0.09961849730817919;0.034426194101241654;0.05500758398980671;34896611456;2147483680;29610352866;1073872896;65;70;473;143;-7.844674606704943;0.09375;0.046875;random_633
4;0.22350086628715765;0.0027692807665022075;0.05262966994137647;0.43884178522662964;0.04310337257013177;0.00745609202988119;0.05762348469859703;0.17407544847972403;1610752128;2415919136;29610352866;1073872896;155;46;431;119;-7.823056000117302;0.09375;0.046875;random_633
5;0.22350086628715765;0.0027692807665022075;0.05262966994137647;0.43884178522662964;0.04310337257013177;0.00745609202988119;0.05762348469859703;0.17407544847972403;1610752128;2415919136;29610352866;1073872896;155;46;431;119;-7.872818554810086;0.09375;0.046875;random_633
6;0.22350086628715765;0.0027692807665022075;0.05262966994137647;0.43884178522662964;0.04310337257013177;0.00745609202988119;0.05762348469859703;0.17407544847972403;1610752128;2415919136;29610352866;1073872896;155;46;431;119;-7.872818554810086;0.09375;;random_633
0;0.0370707666257204;0.15269395445155642;0.2333612647874649;0.11419784462146826;0.12990930753989002;0.0789680892756769;0.22085133242908975;0.03294744026913321;536871040;42949675010;19595788544;12348170466;32;145;110;464;;;;random_634
1;0.3213706583755633;0.11903814318268968;0.017556143254973008;0.27872367736218245;0.15140872368796396;0.0725830103446137;0.006198745360259357;0.03312089843175478;1610752128;44090656770;20673732608;29610352866;144;166;145;296;-7.709407170656577;0.09375;0.046875;random_634
2;0.22350086628715765;0.0027692807665022075;0.05262966994137647;0.43884178522662964;0.04310337257013177;0.00745609202988119;0.05762348469859703;0.17407544847972403;1610752128;44090656770;20673732608;64229881568;160;212;156;223;-7.826093761047033;0.09375;0.03125;random_634
3;0.22350086628715765;0.0027692807665022075;0.05262966994137647;0.43884178522662964;0.04310337257013177;0.00745609202988119;0.05762348469859703;0.17407544847972403;1610752128;44090656770;20673732608;64229881568;160;212;156;223;-7.870340835642279;0.078125;0.046875;random_634
4;0.22350086628715765;0.0027692807665022075;0.05262966994137647;0.43884178522662964;0.04310337257013177;0.00745609202988119;0.05762348469859703;0.17407544847972403;1610752128;44090656770;20673732608;64229881568;160;212;156;223;-7.870340835642279;0.09375;;random_634
0;0.033056972994881244;0.19320700505494576;0.13181458143803554;0.10589215845657568;0.15362709023521362;0.19261303040710756;0.036879848260102356;0.15290931315313844;1610752128;29610352866;2415919104;35433613312;116;409;85;141;;;;random_635
1;0.12961102506719674;0.2121446348816462;0.009650034826341298;0.011627904301703115;0.228667349850816;0.2936266473663647;0.10472314378615677;0.009949259919775369;1610752128;29632917990;2415919104;35433613312;242;269;112;128;-7.770022956572992;0.078125;0.046875;random_635
2;0.2940985242496007;0.16691998144413625;0.021869178412160992;0.06509988062962803;0.0625237540796771;0.27062616109209964;0.009538048259700704;0.1093244718329965;1073881088;29610352866;2415919104;35433613312;123;405;93;130;-7.84767074652097;0.09375;0.046875;random_635
3;0.2380546354771868;0.11173900989189237;0.026105787627590093;0.2538020055267487;0.04185444016434565;0.24887557479368702;0.006384928033296779;0.07318361848525257;1073881088;29610352866;2415919104;35433613312;127;452;78;94;-7.809998319914187;0.078125;0.03125;random_635
4;0.20351755227612883;0.11702777632732324;0.07684897614325388;0.15060676575082368;0.06044924340346322;0.37948267454670465;0.011261351265992668;0.0008056602863097856;1073881088;29610352866;3489800192;35433613312;157;366;111;117;-7.8389890202691825;0.078125;0.046875;random_635
5;0.2380546354771868;0.11173900989189237;0.026105787627590093;0.2538020055267487;0.04185444016434565;0.24887557479368702;0.006384928033296779;0.07318361848525257;1073881088;29610352866;3489800192;35433613312;127;439;92;93;-7.828050269163359;0.09375;0.046875;random_635
6;0.20351755227612883;0.11702777632732324;0.07684897614325388;0.15060676575082368;0.06044924340346322;0.37948267454670465;0.011261351265992668;0.0008056602863097856;1073881088;29610352866;3489800192;35433613312;157;366;111;117;-7.841468061155869;0.09375;0.03125;random_635
7;0.2380546354771868;0.11173900989189237;0.026105787627590093;0.2538020055267487;0.04185444016434565;0.24887557479368702;0.006384928033296779;0.07318361848525257;1073881088;29610352866;3489800192;35433613312;127;439;92;93;-7.828050269163359;0.078125;0.046875;random_635
8;0.20351755227612883;0.11702777632732324;0.07684897614325388;0.15060676575082368;0.06044924340346322;0.37948267454670465;0.011261351265992668;0.0008056602863097856;1073881088;29610352866;3489800192;35433613312;157;366;111;117;-7.841468061155869;0.09375;;random_635
0;0.08127474712152495;0.17369181035432973;0.16809245772891568;0.23713621672723778;0.02657329138934834;0.000504851165683119;0.17762340234526758;0.135103223167693;2415919104;46506575906;26915008834;1610752128;21;212;309;209;;;;random_636
1;0.22350086628715765;0.0027692807665022075;0.05262966994137647;0.43884178522662964;0.04310337257013177;0.00745609202988119;0.05762348469859703;0.17407544847972403;2415919136;46506575906;26847879232;1610752128;58;220;256;217;-7.783135411637315;0.09375;0.03125;random_636
2;0.22350086628715765;0.0027692807665022075;0.05262966994137647;0.43884178522662964;0.04310337257013177;0.00745609202988119;0.05762348469859703;0.17407544847972403;2415919136;46506575906;26847879232;1610752128;58;220;256;217;-7.8594745906711605;0.078125;0.046875;random_636
3;0.22350086628715765;0.0027692807665022075;0.05262966994137647;0.43884178522662964;0.04310337257013177;0.00745609202988119;0.05762348469859703;0.17407544847972403;2415919136;46506575906;26847879232;1610752128;58;220;256;217;-7.8594745906711605;0.09375;;random_636
0;0.13927385366104095;0.15190369878225773;0.09948637022431295;0.07187407265070865;0.15530067505848705;0.07663068844887512;0.12542822430723372;0.18010241686708384;2684354720;46802282550;26915008834;18257936384;124;282;180;165;;;;random_637
1;0.40072647367377445;0.00310362567010429;0.0033302005369709063;0.3927380356007213;0.046225443549343416;0.03708592971439797;0.06602574663090753;0.05076454462378014;2684354720;63944488370;27395236032;18257936384;98;259;170;224;-7.75545678654067;0.078125;0.046875;random_637
2;0.22350086628715765;0.0027692807665022075;0.05262966994137647;0.43884178522662964;0.04310337257013177;0.00745609202988119;0.05762348469859703;0.17407544847972403;2684354720;46506575906;27395236032;18257936384;96;207;224;224;-7.882689426997026;0.078125;0.046875;random_637
3;0.22350086628715765;0.0027692807665022075;0.05262966994137647;0.43884178522662964;0.04310337257013177;0.00745609202988119;0.05762348469859703;0.17407544847972403;2684354720;46506575906;27395236032;18257936384;96;207;224;224;-7.888156417095052;0.078125;0.03125;random_637
4;0.22350086628715765;0.0027692807665022075;0.05262966994137647;0.43884178522662964;0.04310337257013177;0.00745609202988119;0.05762348469859703;0.17407544847972403;2684354720;46506575906;27395236032;18257936384;96;207;224;224;-7.888156417095052;0.09375;;random_637
0;0.04464035081884898;0.0025100726494369143;0.07236314586199384;0.22475595972021303;0.15975162802756956;0.2666617862623956;0.15441040920896903;0.07490664745057314;2415919104;11811291170;29610352866;1073881088;91;175;319;166;;;;random_638
1;0.1536894198364882;0.002031259805225586;0.015509271266870073;0.24031944545001954;0.08378739188450274;0.3347126832399806;0.042266667114845044;0.12768386140206808;36775659520;11811291170;29610352866;1073881088;106;158;312;175;-7.811910471324128;0.09375;0.046875;random_638
2;0.1536894198364882;0.002031259805225586;0.015509271266870073;0.24031944545001954;0.08378739188450274;0.3347126832399806;0.042266667114845044;0.12768386140206808;36775659520;11811291170;29610352866;1073881088;106;158;312;175;-7.820841256181863;0.09375;0.046875;random_638
3;0.1536894198364882;0.002031259805225586;0.015509271266870073;0.24031944545001954;0.08378739188450274;0.3347126832399806;0.042266667114845044;0.12768386140206808;36775659520;11811291170;29610352866;1073881088;106;158;312;175;-7.820841256181863;0.09375;;random_638
0;0.19124728363935833;0.16419524488934428;0.20493076751523578;0.166804211062217;0.11285504506526271;0.06918961296498323;0.013883851525759452;0.07689398333783946;1610752128;2415919136;29610352866;1073872896;129;50;476;96;;;;random_639
1;0.22350086628715765;0.0027692807665022075;0.05262966994137647;0.43884178522662964;0.04310337257013177;0.00745609202988119;0.05762348469859703;0.17407544847972403;1610752128;2415919136;29610352866;1073872896;155;46;431;119;-7.799988660190541;0.09375;0.046875;random_639
2;0.22350086628715765;0.0027692807665022075;0.05262966994137647;0.43884178522662964;0.04310337257013177;0.00745609202988119;0.05762348469859703;0.17407544847972403;1610752128;2415919136;29610352866;1073872896;155;46;431;119;-7.872818554810086;0.078125;;random_639
0;0.15242068642841955;0.14014975155294734;0.12817805564910756;0.14633102141429583;0.0422033690840569;0.07037161916669307;0.13926994723400085;0.18107554947047888;536871040;44090656770;3221356576;27395236032;64;205;135;347;;;;random_64
1;0.22350086628715765;0.0027692807665022075;0.05262966994137647;0.43884178522662964;0.04310337257013177;0.00745609202988119;0.05762348469859703;0.17407544847972403;1610752128;46506575906;3489792032;27395236032;133;201;182;235;-7.779182009190063;0.078125;0.03125;random_64
2;0.22350086628715765;0.0027692807665022075;0.05262966994137647;0.43884178522662964;0.04310337257013177;0.00745609202988119;0.05762348469859703;0.17407544847972403;1610752128;46506575906;3489792032;27395236032;133;201;182;235;-7.887225293643956;0.078125;0.046875;random_64
3;0.22350086628715765;0.0027692807665022075;0.05262966994137647;0.43884178522662964;0.04310337257013177;0.00745609202988119;0.05762348469859703;0.17407544847972403;1610752128;46506575906;3489792032;27395236032;133;201;182;235;-7.887225293643956;0.078125;;random_64
0;0.01774957666335336;0.16500323532347697;0.08664039669067454;0.2699926116110792;0.0844834469770567;0.031245745304539056;0.32185012091094495;0.023034866518875072;1610752128;63355365730;12088123456;10276184194;174;248;157;172;;;;random_640
1;0.22350086628715765;0.0027692807665022075;0.05262966994137647;0.43884178522662964;0.04310337257013177;0.00745609202988119;0.05762348469859703;0.17407544847972403;1610752128;63691236451;12088123456;11811291170;250;196;133;172;-7.7626443827854965;0.078125;0.046875;random_640
2;0.22350086628715765;0.0027692807665022075;0.05262966994137647;0.43884178522662964;0.04310337257013177;0.00745609202988119;0.05762348469859703;0.17407544847972403;1610752128;63691236451;12088123456;11811291170;250;196;133;172;-7.829111891081951;0.078125;0.0625;random_640
3;0.22350086628715765;0.0027692807665022075;0.05262966994137647;0.43884178522662964;0.04310337257013177;0.00745609202988119;0.05762348469859703;0.17407544847972403;1610752128;63691236451;12088123456;11811291170;250;196;133;172;-7.829111891081951;0.078125;;random_640
0;0.1669029852730294;0.2065678328320146;0.023809798657942485;0.12438803650689764;0.10039774574769607;0.1775159351461462;0.1385704801395541;0.06184718569671942;9126805634;2147483680;29610352866;18257944576;112;56;352;231;;;;random_641
1;0.34884434049438995;0.00273272513097807;0.06775407423558436;0.38042746609519695;0.011189118644623321;0.09961849730817919;0.034426194101241654;0.05500758398980671;44561336450;2147483680;29610352866;18257944576;169;71;299;212;-7.821352578218502;0.09375;0.046875;random_641
2;0.22350086628715765;0.0027692807665022075;0.05262966994137647;0.43884178522662964;0.04310337257013177;0.00745609202988119;0.05762348469859703;0.17407544847972403;46707902626;2415919136;64229881568;18257944576;247;47;245;212;-7.852535326495634;0.09375;0.046875;random_641
3;0.22350086628715765;0.0027692807665022075;0.05262966994137647;0.43884178522662964;0.04310337257013177;0.00745609202988119;0.05762348469859703;0.17407544847972403;46707902626;2415919136;64229881568;18257944576;248;46;245;212;-7.857029227851668;0.078125;0.03125;random_641
4;0.22350086628715765;0.0027692807665022075;0.05262966994137647;0.43884178522662964;0.04310337257013177;0.00745609202988119;0.05762348469859703;0.17407544847972403;46707902626;2415919136;64229881568;18257944576;248;46;245;212;-7.857334575561211;0.078125;;random_641
0;0.0004324977964329204;0.14216361842814706;0.26323928147934084;0.266552715364612;0.036889341376676175;0.2533964161801229;0.01013709528228867;0.027189034092379473;536871040;44090656770;2415919104;29004800096;38;258;82;373;;;;random_642
1;0.03379901133745165;0.009229863395055908;0.1021697361520277;0.21617204921416489;0.22323368334804478;0.3535120839966061;0.034289155376229945;0.02759441718041919;1073881088;9663815682;2415919104;29004800096;183;139;112;317;-7.763045201524991;0.09375;0.03125;random_642
2;0.03379901133745165;0.009229863395055908;0.1021697361520277;0.21617204921416489;0.22323368334804478;0.3535120839966061;0.034289155376229945;0.02759441718041919;1073881088;9663815682;2415919104;29004800096;183;139;112;317;-7.864818273244353;0.078125;0.03125;random_642
3;0.03379901133745165;0.009229863395055908;0.1021697361520277;0.21617204921416489;0.22323368334804478;0.3535120839966061;0.034289155376229945;0.02759441718041919;1073881088;9663815682;2415919104;29004800096;183;139;112;317;-7.864818273244353;0.078125;;random_642
0;0.3539411569702839;0.14175195779109467;0.025929201643689948;0.1723348434352852;0.01690068143338756;0.005996632954617323;0.20577752371975028;0.07736800205189115;536871040;2415919136;18257944576;29610352866;54;36;225;436;;;;random_643
1;0.22350086628715765;0.0027692807665022075;0.05262966994137647;0.43884178522662964;0.04310337257013177;0.00745609202988119;0.05762348469859703;0.17407544847972403;1610752128;2415919136;1073872896;29610352866;155;46;119;431;-7.824446318258718;0.078125;0.046875;random_643
2;0.22350086628715765;0.0027692807665022075;0.05262966994137647;0.43884178522662964;0.04310337257013177;0.00745609202988119;0.05762348469859703;0.17407544847972403;1610752128;2415919136;1073872896;29610352866;155;46;118;432;-7.872818554810086;0.09375;0.046875;random_643
3;0.22350086628715765;0.0027692807665022075;0.05262966994137647;0.43884178522662964;0.04310337257013177;0.00745609202988119;0.05762348469859703;0.17407544847972403;1610752128;2415919136;1073872896;29610352866;155;46;118;432;-7.872377247269405;0.09375;;random_643
0;0.21327987333840356;0.11478239510047639;0.045431922842235864;0.3375926248872188;0.0857153791567266;0.021254559051587473;0.09562475501369372;0.08631849060965746;2415919136;61744482434;27395236032;1073881088;43;285;261;162;;;;random_644
1;0.22350086628715765;0.0027692807665022075;0.05262966994137647;0.43884178522662964;0.04310337257013177;0.00745609202988119;0.05762348469859703;0.17407544847972403;2415919136;61744482434;27395236032;1073872896;53;269;279;150;-7.835649336715179;0.09375;0.046875;random_644
2;0.22350086628715765;0.0027692807665022075;0.05262966994137647;0.43884178522662964;0.04310337257013177;0.00745609202988119;0.05762348469859703;0.17407544847972403;2415919136;61744482434;27395236032;1073872896;53;269;279;150;-7.840132792828875;0.09375;0.03125;random_644
3;0.22350086628715765;0.0027692807665022075;0.05262966994137647;0.43884178522662964;0.04310337257013177;0.00745609202988119;0.05762348469859703;0.17407544847972403;2415919136;61744482434;27395236032;1073872896;53;269;279;150;-7.840132792828875;0.078125;;random_644
0;0.09651325031087302;0.11455931750814832;0.259336115748491;0.019256003328293483;0.11419163142620574;0.033415461548860804;0.31635628213774064;0.04637193799138689;9126805634;2415919136;29534331042;34359740416;60;31;589;71;;;;random_645
1;0.27356904969331863;0.10794156650280054;0.01126416113656236;0.01936273034428741;0.2848569033839976;0.001951781044166814;0.22200316525852926;0.07905064263633733;9126805634;2147483680;29534331042;34359740416;61;34;573;83;-7.75068937691397;0.09375;0.046875;random_645
2;0.3462756393079222;0.008205280802740194;0.004277236468970023;0.1072427835096712;0.20480471150285293;0.033308968913574766;0.2223050048994628;0.0735803745948058;9126805634;2147483680;29534331042;34359740416;72;40;590;49;-7.762215091553805;0.09375;0.046875;random_645
3;0.3462756393079222;0.008205280802740194;0.004277236468970023;0.1072427835096712;0.20480471150285293;0.033308968913574766;0.2223050048994628;0.0735803745948058;9126805634;2147483680;29534331042;34359740416;72;40;590;49;-7.765729742913057;0.09375;;random_645
0;0.12597493925653416;0.12624014786001309;0.20543152110169993;0.07156797218316997;0.19401719622525287;0.006926422432915618;0.243818788858733;0.026023012081681573;9126805634;2415919136;29534331042;34359740416;70;27;572;82;;;;random_646
1;0.3654385366671609;0.13866785552606806;0.0018778672905659368;0.16532125704780357;0.137943764862944;0.06497480183749599;0.08000235854611207;0.045773558221849565;9126805634;2415919136;29610352866;35433613312;77;46;452;176;-7.751296245204342;0.078125;0.0625;random_646
2;0.40072647367377445;0.00310362567010429;0.0033302005369709063;0.3927380356007213;0.046225443549343416;0.03708592971439797;0.06602574663090753;0.05076454462378014;61744482434;2415919136;29530141040;1073872896;263;51;283;154;-7.810693325914403;0.078125;0.046875;random_646
3;0.22350086628715765;0.0027692807665022075;0.05262966994137647;0.43884178522662964;0.04310337257013177;0.00745609202988119;0.05762348469859703;0.17407544847972403;61744482434;2415919136;29530141040;1073872896;286;50;269;146;-7.839014175019674;0.078125;0.03125;random_646
4;0.22350086628715765;0.0027692807665022075;0.05262966994137647;0.43884178522662964;0.04310337257013177;0.00745609202988119;0.05762348469859703;0.17407544847972403;61744482434;2415919136;29530141040;1073872896;286;50;269;146;-7.837794642550649;0.078125;;random_646
0;0.13281834211829183;0.04790605979813378;0.10182209747214299;0.1773437359120909;0.03935473573489678;0.07985972982057929;0.18760885221114426;0.23328644693272035;536871040;29610352866;2415919104;1073872896;83;482;38;148;;;;random_647
1;0.22350086628715765;0.0027692807665022075;0.05262966994137647;0.43884178522662964;0.04310337257013177;0.00745609202988119;0.05762348469859703;0.17407544847972403;1610752128;29610352866;2415919136;1073872896;155;431;46;119;-7.793280540746254;0.09375;0.046875;random_647
2;0.22350086628715765;0.0027692807665022075;0.05262966994137647;0.43884178522662964;0.04310337257013177;0.00745609202988119;0.05762348469859703;0.17407544847972403;1610752128;29610352866;2415919136;1073872896;155;432;46;118;-7.872818554810086;0.09375;0.046875;random_647
3;0.22350086628715765;0.0027692807665022075;0.05262966994137647;0.43884178522662964;0.04310337257013177;0.00745609202988119;0.05762348469859703;0.17407544847972403;1610752128;29610352866;2415919136;1073872896;155;432;46;118;-7.872377247269405;0.109375;;random_647
0;0.16591006812875417;0.14634634662029525;0.03067179511623714;0.04100629063173514;0.26812986276984657;0.0007345123272897749;0.13555446208681105;0.211646662319031;12348170466;64163117378;28189917282;1073872896;225;275;105;146;;;;random_648
1;0.23100146817560832;0.28560526106641454;0.048180961704098677;0.07155834578377031;0.1489056167349243;0.024893341860084312;0.01694696935742803;0.1729080353176716;12348170466;64163117378;28189917282;1073872896;223;282;118;128;-7.787154270925224;0.09375;0.046875;random_648
2;0.38589812353111147;0.33822650530596715;0.025394866539336865;0.0870196693724164;0.07977728595257258;0.011696213496250043;0.03381265441055873;0.03817468139178661;12348170466;64271383026;28189917282;1073872896;248;260;116;127;-7.812155031773699;0.09375;0.046875;random_648
3;0.23100146817560832;0.28560526106641454;0.048180961704098677;0.07155834578377031;0.1489056167349243;0.024893341860084312;0.01694696935742803;0.1729080353176716;12348170466;64205240658;28189917282;1073872896;215;285;118;133;-7.805958951828299;0.078125;0.046875;random_648
4;0.38589812353111147;0.33822650530596715;0.025394866539336865;0.0870196693724164;0.07977728595257258;0.011696213496250043;0.03381265441055873;0.03817468139178661;12348170466;64271383026;28189917282;1073872896;248;259;117;127;-7.810338220712282;0.078125;0.046875;random_648
5;0.23100146817560832;0.28560526106641454;0.048180961704098677;0.07155834578377031;0.1489056167349243;0.024893341860084312;0.01694696935742803;0.1729080353176716;12348170466;64205240658;28189917282;1073872896;215;285;118;133;-7.805786542822163;0.078125;0.046875;random_648
6;0.38589812353111147;0.33822650530596715;0.025394866539336865;0.0870196693724164;0.07977728595257258;0.011696213496250043;0.03381265441055873;0.03817468139178661;12348170466;64271383026;28189917282;1073872896;248;259;117;127;-7.810338220712282;0.09375;;random_648
0;0.05269011100207104;0.11532727072023058;0.12373344419821675;0.06534652853141687;0.22052216009835943;0.23216745240515355;0.18804568493663162;0.0021673481079202226;1073881088;46802282550;29803290626;9730924610;112;283;204;152;;;;random_649
1;0.1630698429893746;0.00407268318921882;0.09797735637200568;0.2025790815233156;0.07132255533094715;0.3329994162083449;0.0012882034078602433;0.12669086097893295;1073872896;46707902626;29803290626;9730924610;141;260;204;146;-7.786681228797776;0.09375;0.046875;random_649
2;0.1630698429893746;0.00407268318921882;0.09797735637200568;0.2025790815233156;0.07132255533094715;0.3329994162083449;0.0012882034078602433;0.12669086097893295;1073872896;46707902626;29803290626;9730924610;141;260;204;146;-7.838970412460958;0.09375;0.0625;random_649
3;0.1630698429893746;0.00407268318921882;0.09797735637200568;0.2025790815233156;0.07132255533094715;0.3329994162083449;0.0012882034078602433;0.12669086097893295;1073872896;46707902626;29803290626;9730924610;141;260;204;146;-7.838970412460958;0.078125;;random_649
0;0.15989770815781618;0.08314300340969547;0.008892300188827392;0.20891266471642506;0.0023187437363017364;0.10960628026675101;0.1560329391699949;0.2711963603541883;536871040;29610352866;1073872896;27380809746;75;374;134;168;;;;random_65
1;0.22350086628715765;0.0027692807665022075;0.05262966994137647;0.43884178522662964;0.04310337257013177;0.00745609202988119;0.05762348469859703;0.17407544847972403;1610752128;64229881568;1073872896;29062463522;145;244;129;233;-7.786003025292289;0.09375;0.046875;random_65
2;0.22350086628715765;0.0027692807665022075;0.05262966994137647;0.43884178522662964;0.04310337257013177;0.00745609202988119;0.05762348469859703;0.17407544847972403;1610752128;64229881568;1073872896;29062463522;145;244;129;233;-7.868888683652145;0.078125;0.046875;random_65
3;0.22350086628715765;0.0027692807665022075;0.05262966994137647;0.43884178522662964;0.04310337257013177;0.00745609202988119;0.05762348469859703;0.17407544847972403;1610752128;64229881568;1073872896;29062463522;145;244;129;233;-7.868888683652145;0.078125;;random_65
0;0.18190913126621133;0.06713555693587696;0.0772799385503106;0.05316307600668034;0.1655630984328048;0.12920798071209005;0.05598608291067698;0.269755135185349;1610752128;29610352866;20673732608;1073872896;147;344;145;115;;;;random_650
1;0.24133863354290885;0.0034479921744328826;0.10899294801921862;0.00953337496740819;0.14839113593438724;0.2304924863812504;0.00859613419616861;0.24920729478422524;1610752128;29610352866;29272178690;1073872896;146;302;190;113;-7.795314820320526;0.078125;0.046875;random_650
2;0.173774107802524;0.005944439597428946;0.1460460754256834;0.05636071752935284;0.15193135180814402;0.2964315205646726;0.0005845289065144723;0.16892725836567982;1610752128;29610352866;29272178690;1073872896;138;298;203;112;-7.81709137784154;0.078125;0.046875;random_650
3;0.173774107802524;0.005944439597428946;0.1460460754256834;0.05636071752935284;0.15193135180814402;0.2964315205646726;0.0005845289065144723;0.16892725836567982;1610752128;29610352866;29272178690;1073872896;138;298;203;112;-7.817734263667189;0.09375;;random_650
0;0.06542530492911976;0.21297783895562158;0.0067527313123874055;0.05018010121817206;0.22395224467096736;0.1467076682084886;0.1767043943115481;0.11729971639369516;2952790176;64163117378;27917353058;1073872896;93;329;155;174;;;;random_651
1;0.35536557504575755;0.038265523519394884;0.00450023963246392;0.001360380912786598;0.016291722576489084;0.3531279735521729;0.10437146840750454;0.12671711635343055;2952790176;64205240658;29058605408;1073872896;66;259;230;196;-7.759556910470688;0.078125;0.03125;random_651
2;0.20513901474327248;0.0038860390042853073;0.09344825267747821;0.17578699463296443;0.1817638091753376;0.2906260616697872;0.030928702288541565;0.018421125808333223;2952790176;64161454086;29602427378;1073881088;53;223;302;173;-7.769893829778664;0.078125;0.046875;random_651
3;0.2380546354771868;0.11173900989189237;0.026105787627590093;0.2538020055267487;0.04185444016434565;0.24887557479368702;0.006384928033296779;0.07318361848525257;2952790144;61274851586;29610352866;1073881088;90;185;331;145;-7.796287855342476;0.078125;0.046875;random_651
4;0.2380546354771868;0.11173900989189237;0.026105787627590093;0.2538020055267487;0.04185444016434565;0.24887557479368702;0.006384928033296779;0.07318361848525257;2952790144;61274851586;29610352866;1073881088;90;186;330;145;-7.830295984453066;0.078125;0.046875;random_651
5;0.2380546354771868;0.11173900989189237;0.026105787627590093;0.2538020055267487;0.04185444016434565;0.24887557479368702;0.006384928033296779;0.07318361848525257;2952790144;61274851586;29610352866;1073881088;90;186;330;145;-7.830135535640805;0.078125;;random_651
0;0.13356513113519233;0.03844896279751114;0.05242647092661306;0.2817651791991565;0.14031033891681777;0.1448550775304728;0.20429750469612803;0.004331334798108383;34896611456;2147483680;18811592704;29609828386;44;68;261;378;;;;random_652
1;0.2748234757230447;0.21107162672169047;0.041540260369392845;0.31832114545405027;0.0938230725975187;0.005885045538085677;0.0060247892412228716;0.04851058435499433;35433613312;2147483680;18257944576;29610352866;126;48;180;397;-7.814997013346272;0.09375;0.046875;random_652
2;0.3213706583755633;0.11903814318268968;0.017556143254973008;0.27872367736218245;0.15140872368796396;0.0725830103446137;0.006198745360259357;0.03312089843175478;35433613312;2147483680;18257944576;29610352866;108;53;165;425;-7.879412760253278;0.09375;0.046875;random_652
3;0.2366789100818342;0.1819432033667347;0.02595492144120827;0.25233527557337193;0.12282527776671816;0.1402530047885955;0.006348029328823759;0.033661377652713445;35433613312;2147483680;1073881088;29610352866;132;61;134;424;-7.8571242994327495;0.09375;0.046875;random_652
4;0.2500791569798219;0.2354027773027801;0.014862273932091507;0.2486842722487812;0.05416282486031248;0.14072914265149306;0.02574566700541392;0.030333885019305878;35433613312;2147483680;1073881088;29610352866;146;57;137;411;-7.8511574801110315;0.078125;0.046875;random_652
5;0.2500791569798219;0.2354027773027801;0.014862273932091507;0.2486842722487812;0.05416282486031248;0.14072914265149306;0.02574566700541392;0.030333885019305878;35433613312;2147483680;1073881088;29610352866;146;57;137;411;-7.854430361141777;0.078125;;random_652
0;0.10840993882037368;0.18017688462292736;0.0849266976975489;0.08397002278861213;0.09225432014807532;0.17402398844805003;0.12414286886791372;0.15209527860649869;2684354720;46802282550;29602427378;18257936384;92;206;253;200;;;;random_653
1;0.3213706583755633;0.11903814318268968;0.017556143254973008;0.27872367736218245;0.15140872368796396;0.0725830103446137;0.006198745360259357;0.03312089843175478;2684354720;44090656770;29610352866;18257944576;95;168;297;191;-7.761519300438589;0.078125;0.046875;random_653
2;0.22350086628715765;0.0027692807665022075;0.05262966994137647;0.43884178522662964;0.04310337257013177;0.00745609202988119;0.05762348469859703;0.17407544847972403;2952790176;44090656770;64229881568;18257936384;90;201;237;223;-7.831952963351711;0.09375;0.03125;random_653
3;0.22350086628715765;0.0027692807665022075;0.05262966994137647;0.43884178522662964;0.04310337257013177;0.00745609202988119;0.05762348469859703;0.17407544847972403;2952790176;44090656770;64229881568;18257936384;90;201;237;223;-7.886907146226282;0.09375;0.046875;random_653
4;0.22350086628715765;0.0027692807665022075;0.05262966994137647;0.43884178522662964;0.04310337257013177;0.00745609202988119;0.05762348469859703;0.17407544847972403;2952790176;44090656770;64229881568;18257936384;90;201;237;223;-7.886907146226282;0.078125;;random_653
0;0.16084503287124996;0.011391124735231923;0.21875269652350682;0.15817037081771906;0.12993141242972076;0.010118257876667217;0.20562384859408722;0.10516725615181705;2415919136;42949675010;29610352866;1610752128;29;91;412;219;;;;random_654
1;0.22350086628715765;0.0027692807665022075;0.05262966994137647;0.43884178522662964;0.04310337257013177;0.00745609202988119;0.05762348469859703;0.17407544847972403;2415919136;44090656770;29610352866;1610752128;64;180;293;214;-7.784627385656853;0.078125;0.03125;random_654
2;0.22350086628715765;0.0027692807665022075;0.05262966994137647;0.43884178522662964;0.04310337257013177;0.00745609202988119;0.05762348469859703;0.17407544847972403;2415919136;44090656770;29610352866;1610752128;64;180;293;214;-7.858092923643183;0.09375;0.046875;random_654
3;0.22350086628715765;0.0027692807665022075;0.05262966994137647;0.43884178522662964;0.04310337257013177;0.00745609202988119;0.05762348469859703;0.17407544847972403;2415919136;44090656770;29610352866;1610752128;64;180;293;214;-7.858092923643183;0.09375;;random_654
0;0.21451550329381602;0.09850255090772041;0.13591078589125183;0.21040161810411573;0.10849012954333592;0.04226579380878673;0.10006999146725032;0.08984362698372315;536871040;2415919104;1073872896;29610352866;64;34;133;520;;;;random_655
1;0.22350086628715765;0.0027692807665022075;0.05262966994137647;0.43884178522662964;0.04310337257013177;0.00745609202988119;0.05762348469859703;0.17407544847972403;1610752128;2415919136;1073872896;29610352866;155;46;119;431;-7.805713315791849;0.09375;0.046875;random_655
2;0.22350086628715765;0.0027692807665022075;0.05262966994137647;0.43884178522662964;0.04310337257013177;0.00745609202988119;0.05762348469859703;0.17407544847972403;1610752128;2415919136;1073872896;29610352866;155;46;118;432;-7.872818554810086;0.09375;0.03125;random_655
3;0.22350086628715765;0.0027692807665022075;0.05262966994137647;0.43884178522662964;0.04310337257013177;0.00745609202988119;0.05762348469859703;0.17407544847972403;1610752128;2415919136;1073872896;29610352866;155;46;118;432;-7.872377247269405;0.078125;;random_655
0;0.18222852693928826;0.20962292078822642;0.002825510779146998;0.12337390866768162;0.06663858282038264;0.0409985512580179;0.16598261567185918;0.20832938307539708;536870928;61271845122;20405682208;18794832000;48;290;182;231;;;;random_656
1;0.204010366811844;0.2987667435432591;0.03065162719019198;0.08078032796635412;0.016787901371500866;0.042166449379253054;0.01703437799657975;0.3098022057410172;27394187346;61207611458;3221356576;12348170466;160;246;155;190;-7.754154806675528;0.078125;0.046875;random_656
2;0.204010366811844;0.2987667435432591;0.03065162719019198;0.08078032796635412;0.016787901371500866;0.042166449379253054;0.01703437799657975;0.3098022057410172;27394187346;61207611458;3221356576;12348170466;160;246;155;190;-7.79094368308115;0.078125;0.03125;random_656
3;0.204010366811844;0.2987667435432591;0.03065162719019198;0.08078032796635412;0.016787901371500866;0.042166449379253054;0.01703437799657975;0.3098022057410172;27394187346;61207611458;3221356576;12348170466;160;246;155;190;-7.79094368308115;0.078125;;random_656
0;0.12048288256456179;0.04288874336061483;0.16626757002915823;0.11537655924976045;0.17807512177683685;0.2135035975592025;0.09280691087534619;0.07059861458451927;2415919104;50466031650;29610352866;1073881088;78;142;387;144;;;;random_657
1;0.32527253356693814;0.010901490558701125;0.11535445860469405;0.11489880856417176;0.16248782408225748;0.2197583773069824;0.04865566503930241;0.002670842276952704;2415919104;50466031650;29610352866;1073881088;67;124;407;153;-7.7835660273072005;0.078125;0.03125;random_657
2;0.2707557842411004;0.004459164430717684;0.05689192840260163;0.03302906760105304;0.23277874036623328;0.2534360908709698;0.07794904675664802;0.07070017733067614;2415919104;50466031650;29610352866;1073881088;84;99;394;174;-7.779071969489523;0.078125;0.03125;random_657
3;0.3176667200710401;0.05959310465136654;0.012438993131487969;0.09500272423262729;0.16531513640357978;0.27428750040976596;0.04603104412735019;0.02966477697278239;2415919104;61271845122;29610352866;1073881088;84;212;302;153;-7.795780271646746;0.09375;0.046875;random_657
4;0.2380546354771868;0.11173900989189237;0.026105787627590093;0.2538020055267487;0.04185444016434565;0.24887557479368702;0.006384928033296779;0.07318361848525257;2415919104;61274851586;29610352866;1073881088;71;186;349;145;-7.833553594764246;0.09375;0.046875;random_657
5;0.2380546354771868;0.11173900989189237;0.026105787627590093;0.2538020055267487;0.04185444016434565;0.24887557479368702;0.006384928033296779;0.07318361848525257;2415919104;61274851586;29610352866;1073881088;71;185;350;145;-7.834284017301091;0.078125;0.03125;random_657
6;0.2380546354771868;0.11173900989189237;0.026105787627590093;0.2538020055267487;0.04185444016434565;0.24887557479368702;0.006384928033296779;0.07318361848525257;2415919104;61274851586;29610352866;1073881088;71;185;350;145;-7.834414632761595;0.09375;;random_657
0;0.0630988211642868;0.15456787922372614;0.21740082779859587;0.06393530367017439;0.10340776101270026;0.12892039617776385;0.2133847094341887;0.055284301518563915;2684354720;46802282550;29530141040;29534331042;57;226;207;261;;;;random_658
1;0.246713772795404;0.03261140991774152;0.20130486848185897;0.049312512624761926;0.13330535741591693;0.011684861136874919;0.31822519685809636;0.006842020769345416;2684354720;46802282550;29530141040;29534331042;55;218;200;278;-7.719761428536819;0.078125;0.046875;random_658
2;0.246713772795404;0.03261140991774152;0.20130486848185897;0.049312512624761926;0.13330535741591693;0.011684861136874919;0.31822519685809636;0.006842020769345416;2684354720;46802282550;29530141040;29534331042;55;218;200;278;-7.733504425048632;0.09375;;random_658
0;0.16088805829366506;0.08767330466673645;0.12186433595916149;0.13072390706724474;0.027540298517550178;0.16308172743411622;0.16331193750275602;0.14491643055877004;536871040;42949675010;29610352866;18257944576;57;106;391;197;;;;random_659
1;0.29733882025190816;0.006585438005213238;0.09639513903075424;0.2184823345993384;0.06785395966563444;0.29924815921097253;0.009175559626182243;0.004920589609996752;1610752128;44090656770;29610352866;18257936384;127;178;340;106;-7.777698558306868;0.078125;0.046875;random_659
2;0.2380546354771868;0.11173900989189237;0.026105787627590093;0.2538020055267487;0.04185444016434565;0.24887557479368702;0.006384928033296779;0.07318361848525257;1610752128;44090656770;29610352866;1073872896;113;174;376;88;-7.812328271301435;0.078125;0.046875;random_659
3;0.2380546354771868;0.11173900989189237;0.026105787627590093;0.2538020055267487;0.04185444016434565;0.24887557479368702;0.006384928033296779;0.07318361848525257;1610752128;44090656770;29610352866;1073872896;113;172;378;88;-7.829464519816589;0.09375;0.046875;random_659
4;0.2380546354771868;0.11173900989189237;0.026105787627590093;0.2538020055267487;0.04185444016434565;0.24887557479368702;0.006384928033296779;0.07318361848525257;1610752128;44090656770;29610352866;1073872896;113;172;378;88;-7.829656883650524;0.078125;;random_659
0;0.0428385322882756;0.19431322054794478;0.011638047776342053;0.16399828290807605;0.2978445814220001;0.1335820111317262;0.10040142656162886;0.05538389736400639;1610752128;68196170103;2415919104;63355365730;189;105;66;391;;;;random_66
1;0.2526542830843927;0.18668396011088545;0.021331413327387593;0.2591310565658573;0.0622932278017316;0.20683089346856998;0.0006388279167979416;0.010436337724377494;1610752128;68196170103;2415919104;63355365730;190;134;71;356;-7.775850278504742;0.09375;0.046875;random_66
2;0.20351755227612883;0.11702777632732324;0.07684897614325388;0.15060676575082368;0.06044924340346322;0.37948267454670465;0.011261351265992668;0.0008056602863097856;1610752128;29610352866;3489800192;63355365730;217;236;106;192;-7.7791834518195895;0.078125;0.046875;random_66
3;0.1657600163164408;0.14888604226054425;0.009407055089102766;0.33332426016479777;0.12822586376960893;0.19375635429193583;0.014621385557562072;0.006019022550007571;1073881088;29610352866;3489800192;63355365730;169;310;70;202;-7.807322141480715;0.09375;0.046875;random_66
4;0.2500791569798219;0.2354027773027801;0.014862273932091507;0.2486842722487812;0.05416282486031248;0.14072914265149306;0.02574566700541392;0.030333885019305878;1073881088;29610352866;2415919104;63355365730;152;333;50;216;-7.826601014993917;0.078125;0.046875;random_66
5;0.2366789100818342;0.1819432033667347;0.02595492144120827;0.25233527557337193;0.12282527776671816;0.1402530047885955;0.006348029328823759;0.033661377652713445;1073881088;29610352866;2415919104;63355365730;152;336;52;211;-7.833389862915061;0.09375;0.046875;random_66
6;0.2366789100818342;0.1819432033667347;0.02595492144120827;0.25233527557337193;0.12282527776671816;0.1402530047885955;0.006348029328823759;0.033661377652713445;1073881088;29610352866;2415919104;63355365730;152;336;52;211;-7.831307335014411;0.078125;;random_66
0;0.1801304913944977;0.06968617423244977;0.18199119451385637;0.18973621600410828;0.0569268589544625;0.03645012536953552;0.161681597776883;0.12339734175420684;2415919104;46506575906;26915008834;1610752128;34;203;314;200;;;;random_660
1;0.22350086628715765;0.0027692807665022075;0.05262966994137647;0.43884178522662964;0.04310337257013177;0.00745609202988119;0.05762348469859703;0.17407544847972403;2415919136;46506575906;26847879232;1610752128;58;220;256;217;-7.776337194951804;0.078125;0.046875;random_660
2;0.22350086628715765;0.0027692807665022075;0.05262966994137647;0.43884178522662964;0.04310337257013177;0.00745609202988119;0.05762348469859703;0.17407544847972403;2415919136;46506575906;26847879232;1610752128;58;220;256;217;-7.8594745906711605;0.09375;0.046875;random_660
3;0.22350086628715765;0.0027692807665022075;0.05262966994137647;0.43884178522662964;0.04310337257013177;0.00745609202988119;0.05762348469859703;0.17407544847972403;2415919136;46506575906;26847879232;1610752128;58;220;256;217;-7.8594745906711605;0.078125;;random_660
0;0.02646558951955612;0.09802371162356076;0.08146035239726432;0.16210878139446466;0.10315167967530052;0.1591608695037307;0.19613989302117488;0.1734891228649482;34359740416;29610352866;2415919104;1610752128;46;460;63;182;;;;random_661
1;0.07875748377580077;0.06824572229552896;0.02422925712423981;0.2365179417909969;0.01898997692468593;0.38733241173825605;0.0021838770097076686;0.18374332934078405;35433613312;29565784290;3489800192;1073881088;86;444;106;115;-7.76299148405486;0.078125;0.046875;random_661
2;0.2380546354771868;0.11173900989189237;0.026105787627590093;0.2538020055267487;0.04185444016434565;0.24887557479368702;0.006384928033296779;0.07318361848525257;35433613312;29565784290;3489800192;1073881088;95;437;93;126;-7.827953891978627;0.078125;0.046875;random_661
3;0.2380546354771868;0.11173900989189237;0.026105787627590093;0.2538020055267487;0.04185444016434565;0.24887557479368702;0.006384928033296779;0.07318361848525257;35433613312;29565784290;3489800192;1073881088;95;437;93;126;-7.831183102143811;0.078125;;random_661
0;0.14860839110186758;0.21813927326089383;0.05962808223632803;0.12214224749098188;0.18195644595382154;0.05391333738358402;0.05094356436103904;0.16466865821148408;2684354720;61744482434;9730924610;1073872896;115;322;174;140;;;;random_662
1;0.3213706583755633;0.11903814318268968;0.017556143254973008;0.27872367736218245;0.15140872368796396;0.0725830103446137;0.006198745360259357;0.03312089843175478;2684354720;61744482434;9730924610;1073881088;113;290;186;162;-7.818995742889088;0.078125;0.0625;random_662
2;0.2366789100818342;0.1819432033667347;0.02595492144120827;0.25233527557337193;0.12282527776671816;0.1402530047885955;0.006348029328823759;0.033661377652713445;2684354720;61744482434;9730924610;1073881088;129;279;182;161;-7.832366083463449;0.078125;0.03125;random_662
3;0.2500791569798219;0.2354027773027801;0.014862273932091507;0.2486842722487812;0.05416282486031248;0.14072914265149306;0.02574566700541392;0.030333885019305878;2684354720;61744482434;9730924610;1073881088;125;277;189;160;-7.836708943901832;0.09375;0.046875;random_662
4;0.2500791569798219;0.2354027773027801;0.014862273932091507;0.2486842722487812;0.05416282486031248;0.14072914265149306;0.02574566700541392;0.030333885019305878;2684354720;61744482434;9730924610;1073881088;125;277;189;160;-7.8423508288603125;0.09375;;random_662
0;0.19052401137045086;0.21632757407256267;0.10941613885776821;0.17482034262283658;0.04172221509990983;0.07682063455897745;0.154276392831481;0.03609269058601315;536871040;2147483680;1073881088;29610352866;45;38;160;508;;;;random_663
1;0.26400356727738417;0.13972626508717423;0.03191848428753177;0.3958529056178151;0.08658313179424464;0.012663840306161888;0.06594451750872049;0.003307288120967658;536871040;2147483680;1073881088;29540626790;45;40;198;468;-7.7974591159203115;0.09375;0.046875;random_663
2;0.26400356727738417;0.13972626508717423;0.03191848428753177;0.3958529056178151;0.08658313179424464;0.012663840306161888;0.06594451750872049;0.003307288120967658;536871040;2147483680;1073881088;29540626790;45;40;198;468;-7.839098398635262;0.09375;0.046875;random_663
3;0.26400356727738417;0.13972626508717423;0.03191848428753177;0.3958529056178151;0.08658313179424464;0.012663840306161888;0.06594451750872049;0.003307288120967658;536871040;2147483680;1073881088;29540626790;45;40;198;468;-7.839098398635262;0.09375;;random_663
0;0.19250138699631258;0.02575410209844955;0.1564622112189208;0.06417781658529499;0.14762779435575576;0.08152961808900512;0.150593535436789;0.18135353521947192;536871040;42949675010;63355365730;18794684544;62;64;394;231;;;;random_664
1;0.3310389393792861;0.01910381444899541;0.09102043589922114;0.08553560419947706;0.08319288485292389;0.10114580301757789;0.02737587598855686;0.2615866422139616;536871040;9663807490;63355365730;18794807424;36;142;316;257;-7.723570186772923;0.09375;0.046875;random_664
2;0.3310389393792861;0.01910381444899541;0.09102043589922114;0.08553560419947706;0.08319288485292389;0.10114580301757789;0.02737587598855686;0.2615866422139616;536871040;9663807490;63355365730;18794807424;36;142;316;257;-7.763805590442979;0.078125;0.03125;random_664
3;0.3310389393792861;0.01910381444899541;0.09102043589922114;0.08553560419947706;0.08319288485292389;0.10114580301757789;0.02737587598855686;0.2615866422139616;536871040;9663807490;63355365730;18794807424;36;142;316;257;-7.763805590442979;0.078125;;random_664
0;0.1310817599895562;0.03604498815070279;0.2091239579647956;0.11708450478069526;0.05264600350694281;0.0898062027702972;0.15855596289283713;0.20565661994417295;536871040;42949675010;63355365730;18794684544;72;73;396;210;;;;random_665
1;0.24265488072094357;0.04774158604080464;0.12974322700013724;0.165487103809149;0.047542452493914734;0.0021567508552906506;0.0256253964842772;0.33904860259548303;2684354720;42949675010;63355365730;18805301248;142;86;294;229;-7.717713315057176;0.09375;0.03125;random_665
2;0.2141875990279326;0.14140163163174538;0.04634367787947426;0.10831711571244376;0.05335031274434084;0.00656554995798805;0.03182409513900542;0.3980100179070696;2684354720;42949675010;63355365730;18805301248;152;61;297;241;-7.757786214586384;0.09375;0.03125;random_665
3;0.2141875990279326;0.14140163163174538;0.04634367787947426;0.10831711571244376;0.05335031274434084;0.00656554995798805;0.03182409513900542;0.3980100179070696;2684354720;42949675010;63355365730;18805301248;152;61;297;241;-7.762340841452257;0.078125;;random_665
0;0.18051341319776343;0.027933468114617513;0.17358492018203742;0.11751014767605127;0.08157263913147464;0.09246166073835135;0.15821777874602816;0.16820597221367636;536871040;42949675010;63355365730;18794684544;60;71;409;211;;;;random_666
1;0.40072647367377445;0.00310362567010429;0.0033302005369709063;0.3927380356007213;0.046225443549343416;0.03708592971439797;0.06602574663090753;0.05076454462378014;536871040;44090656770;29610352866;18794832000;22;180;276;273;-7.729945559433953;0.09375;0.03125;random_666
2;0.22350086628715765;0.0027692807665022075;0.05262966994137647;0.43884178522662964;0.04310337257013177;0.00745609202988119;0.05762348469859703;0.17407544847972403;1073872896;44090656770;29610352866;1610752128;138;157;305;151;-7.825253816647806;0.078125;0.046875;random_666
3;0.22350086628715765;0.0027692807665022075;0.05262966994137647;0.43884178522662964;0.04310337257013177;0.00745609202988119;0.05762348469859703;0.17407544847972403;1073872896;44090656770;29610352866;1610752128;139;157;304;151;-7.8761050239141195;0.078125;0.046875;random_666
4;0.22350086628715765;0.0027692807665022075;0.05262966994137647;0.43884178522662964;0.04310337257013177;0.00745609202988119;0.05762348469859703;0.17407544847972403;1073872896;44090656770;29610352866;1610752128;139;157;304;151;-7.876445880685877;0.09375;;random_666
0;0.20921735645958187;0.01859123713656453;0.25709899812404474;0.008186900390483491;0.12331389042135665;0.14124939314815282;0.16094665513370648;0.08139556918610932;9126805634;2147483680;29534331042;34359740416;97;56;541;57;;;;random_667
1;0.3654385366671609;0.13866785552606806;0.0018778672905659368;0.16532125704780357;0.137943764862944;0.06497480183749599;0.08000235854611207;0.045773558221849565;9126805634;2147483680;29610352866;35433613312;77;46;453;175;-7.749315331404746;0.078125;0.046875;random_667
2;0.40072647367377445;0.00310362567010429;0.0033302005369709063;0.3927380356007213;0.046225443549343416;0.03708592971439797;0.06602574663090753;0.05076454462378014;61744482434;2147483680;29530141040;1073872896;263;61;277;150;-7.810555435038211;0.078125;0.046875;random_667
3;0.22350086628715765;0.0027692807665022075;0.05262966994137647;0.43884178522662964;0.04310337257013177;0.00745609202988119;0.05762348469859703;0.17407544847972403;61744482434;2415919136;29530141040;1073872896;286;50;269;146;-7.839396573345442;0.078125;0.03125;random_667
4;0.22350086628715765;0.0027692807665022075;0.05262966994137647;0.43884178522662964;0.04310337257013177;0.00745609202988119;0.05762348469859703;0.17407544847972403;61744482434;2415919136;29530141040;1073872896;287;50;268;146;-7.837794642550649;0.078125;0.0625;random_667
5;0.22350086628715765;0.0027692807665022075;0.05262966994137647;0.43884178522662964;0.04310337257013177;0.00745609202988119;0.05762348469859703;0.17407544847972403;61744482434;2415919136;29530141040;1073872896;287;50;268;146;-7.837948283050312;0.078125;;random_667
0;0.10907622850065615;0.2049211910746099;0.07060630794999699;0.21167616898172936;0.0032732928871277603;0.03716826161804747;0.24084096938403465;0.1224375796037977;2684354720;46802282550;26915008834;18257936384;73;260;243;175;;;;random_668
1;0.22350086628715765;0.0027692807665022075;0.05262966994137647;0.43884178522662964;0.04310337257013177;0.00745609202988119;0.05762348469859703;0.17407544847972403;2684354720;46506575906;29058605408;18257936384;106;204;208;233;-7.7482704086364285;0.078125;0.046875;random_668
2;0.22350086628715765;0.0027692807665022075;0.05262966994137647;0.43884178522662964;0.04310337257013177;0.00745609202988119;0.05762348469859703;0.17407544847972403;2684354720;46506575906;29058605408;18257936384;106;204;208;233;-7.898021290110449;0.078125;0.046875;random_668
3;0.22350086628715765;0.0027692807665022075;0.05262966994137647;0.43884178522662964;0.04310337257013177;0.00745609202988119;0.05762348469859703;0.17407544847972403;2684354720;46506575906;29058605408;18257936384;106;204;208;233;-7.898021290110449;0.078125;;random_668
0;0.013793077752937042;0.16575359137252973;0.12381954322206926;0.02405420027498209;0.09448221870598075;0.166835049246984;0.170441634252685;0.24082068517183225;536871040;29534331042;2415919104;35433613312;89;414;56;192;;;;random_669
1;0.22394237358506447;0.001756607287801618;0.016734533059291477;0.11485199358479467;0.0031443148704906046;0.27735355638418424;0.014467932471169535;0.34774868875720333;1610752128;29610352866;2415919104;1073872896;152;378;74;147;-7.770339031637265;0.078125;0.046875;random_669
2;0.24133863354290885;0.0034479921744328826;0.10899294801921862;0.00953337496740819;0.14839113593438724;0.2304924863812504;0.00859613419616861;0.24920729478422524;1610752128;29610352866;2415919104;1073872896;142;384;80;145;-7.81749872262981;0.078125;0.046875;random_669
3;0.22981236824301193;0.06474314081029917;0.05554132337516681;0.016073467164186665;0.18053825708676366;0.2551802717984384;0.02254044521833937;0.17557072630379392;1610752128;29610352866;2415919104;1073872896;159;346;98;148;-7.812135104331264;0.078125;0.03125;random_669
4;0.173774107802524;0.005944439597428946;0.1460460754256834;0.05636071752935284;0.15193135180814402;0.2964315205646726;0.0005845289065144723;0.16892725836567982;1610752128;29610352866;3489800192;1073872896;137;383;107;124;-7.820884856819001;0.078125;0.046875;random_669
5;0.173774107802524;0.005944439597428946;0.1460460754256834;0.05636071752935284;0.15193135180814402;0.2964315205646726;0.0005845289065144723;0.16892725836567982;1610752128;29610352866;3489800192;1073872896;137;383;107;124;-7.83074865801356;0.078125;0.046875;random_669
6;0.173774107802524;0.005944439597428946;0.1460460754256834;0.05636071752935284;0.15193135180814402;0.2964315205646726;0.0005845289065144723;0.16892725836567982;1610752128;29610352866;3489800192;1073872896;137;383;107;124;-7.83074865801356;0.078125;;random_669
0;0.12195868964125775;0.14692134146863686;0.14199497125912514;0.20050905813225647;0.0005712310442520652;0.13676269618505627;0.12687219660362248;0.124409815665793;2684354720;44090656770;29610352866;18257936384;81;185;326;159;;;;random_67
1;0.22350086628715765;0.0027692807665022075;0.05262966994137647;0.43884178522662964;0.04310337257013177;0.00745609202988119;0.05762348469859703;0.17407544847972403;2952790176;44090656770;64229881568;18257936384;90;202;236;223;-7.788695941964372;0.09375;0.03125;random_67
2;0.22350086628715765;0.0027692807665022075;0.05262966994137647;0.43884178522662964;0.04310337257013177;0.00745609202988119;0.05762348469859703;0.17407544847972403;2952790176;44090656770;64229881568;18257936384;90;201;237;223;-7.886741110651297;0.078125;0.046875;random_67
3;0.22350086628715765;0.0027692807665022075;0.05262966994137647;0.43884178522662964;0.04310337257013177;0.00745609202988119;0.05762348469859703;0.17407544847972403;2952790176;44090656770;64229881568;18257936384;90;201;237;223;-7.886907146226282;0.078125;;random_67
0;0.1745037838064969;0.03711048806149287;0.04023391238089526;0.14768092353675683;0.06566261945745418;0.32631054113130703;0.07514314362809546;0.1333545879975015;1610752128;9663807490;20405682208;29805125826;176;141;234;200;;;;random_670
1;0.1630698429893746;0.00407268318921882;0.09797735637200568;0.2025790815233156;0.07132255533094715;0.3329994162083449;0.0012882034078602433;0.12669086097893295;1073872896;9663815682;20405682208;29800542402;138;125;221;267;-7.814789946534339;0.078125;0.046875;random_670
2;0.1630698429893746;0.00407268318921882;0.09797735637200568;0.2025790815233156;0.07132255533094715;0.3329994162083449;0.0012882034078602433;0.12669086097893295;1073872896;9663815682;20405682208;29800542402;138;125;221;267;-7.838204867453303;0.078125;0.046875;random_670
3;0.1630698429893746;0.00407268318921882;0.09797735637200568;0.2025790815233156;0.07132255533094715;0.3329994162083449;0.0012882034078602433;0.12669086097893295;1073872896;9663815682;20405682208;29800542402;138;125;221;267;-7.838204867453303;0.078125;;random_670
0;0.10385481866995415;0.06696931650004904;0.1347071922081622;0.12267940802692927;0.19040068542077934;0.1686300010625094;0.1222144634423208;0.09054411466929586;2415919104;50466031650;29610352866;1610752128;63;158;359;171;;;;random_671
1;0.2380546354771868;0.11173900989189237;0.026105787627590093;0.2538020055267487;0.04185444016434565;0.24887557479368702;0.006384928033296779;0.07318361848525257;2415919104;44090656770;29610352866;1073881088;70;179;358;144;-7.77022218548389;0.078125;0.046875;random_671
2;0.20642446111882667;0.03247375426306101;0.008323848523663028;0.2607266687233741;0.10171287090797551;0.31275183634833637;0.0006962130348169285;0.07689034707994648;2415919104;44090656770;29565784290;1073881088;84;159;336;172;-7.851099297758951;0.078125;0.046875;random_671
3;0.1536894198364882;0.002031259805225586;0.015509271266870073;0.24031944545001954;0.08378739188450274;0.3347126832399806;0.042266667114845044;0.12768386140206808;2415919104;44090656770;29565784290;1073881088;98;138;339;176;-7.847482670748459;0.078125;0.046875;random_671
4;0.1630698429893746;0.00407268318921882;0.09797735637200568;0.2025790815233156;0.07132255533094715;0.3329994162083449;0.0012882034078602433;0.12669086097893295;3489800192;44090656770;29610352866;1073872896;102;140;372;137;-7.846846156902229;0.078125;0.046875;random_671
5;0.1630698429893746;0.00407268318921882;0.09797735637200568;0.2025790815233156;0.07132255533094715;0.3329994162083449;0.0012882034078602433;0.12669086097893295;3489800192;44090656770;29610352866;1073872896;102;140;372;137;-7.845462033926394;0.09375;0.046875;random_671
6;0.1630698429893746;0.00407268318921882;0.09797735637200568;0.2025790815233156;0.07132255533094715;0.3329994162083449;0.0012882034078602433;0.12669086097893295;3489800192;44090656770;29610352866;1073872896;102;140;372;137;-7.845462033926394;0.09375;;random_671
0;0.21209361563980456;0.21495406914847345;0.09300267081850791;0.06141500964479138;0.17905452340175604;0.10600395503130529;0.13290221602790583;0.0005739402874556172;9126805634;2415919136;12348162210;18811592704;72;53;312;314;;;;random_672
1;0.3462756393079222;0.008205280802740194;0.004277236468970023;0.1072427835096712;0.20480471150285293;0.033308968913574766;0.2223050048994628;0.0735803745948058;43486546050;2147483680;29632917990;18257944576;87;38;407;219;-7.764286977283864;0.09375;0.046875;random_672
2;0.40072647367377445;0.00310362567010429;0.0033302005369709063;0.3927380356007213;0.046225443549343416;0.03708592971439797;0.06602574663090753;0.05076454462378014;61744482434;2147483680;29530141040;18257944576;231;58;235;227;-7.819781222958173;0.09375;0.03125;random_672
3;0.22350086628715765;0.0027692807665022075;0.05262966994137647;0.43884178522662964;0.04310337257013177;0.00745609202988119;0.05762348469859703;0.17407544847972403;61744482434;2415919136;29530141040;18257944576;259;49;237;206;-7.866983082327938;0.078125;0.046875;random_672
4;0.22350086628715765;0.0027692807665022075;0.05262966994137647;0.43884178522662964;0.04310337257013177;0.00745609202988119;0.05762348469859703;0.17407544847972403;61744482434;2415919136;29530141040;18257944576;259;49;237;206;-7.8540047159226445;0.09375;0.046875;random_672
5;0.22350086628715765;0.0027692807665022075;0.05262966994137647;0.43884178522662964;0.04310337257013177;0.00745609202988119;0.05762348469859703;0.17407544847972403;61744482434;2415919136;29530141040;18257944576;259;49;237;206;-7.8540047159226445;0.078125;;random_672
0;0.17687597983583814;0.015053355345861021;0.19083385529077734;0.05395964789599635;0.0427517898995473;0.15582720052807708;0.25518315862401175;0.10951501257989107;34896611456;2147483680;8589934594;27386847234;76;114;42;519;;;;random_673
1;0.20513901474327248;0.0038860390042853073;0.09344825267747821;0.17578699463296443;0.1817638091753376;0.2906260616697872;0.030928702288541565;0.018421125808333223;1073881088;3296862240;8589934594;27384742082;122;235;63;331;-7.745553727674997;0.09375;0.046875;random_673
2;0.1630698429893746;0.00407268318921882;0.09797735637200568;0.2025790815233156;0.07132255533094715;0.3329994162083449;0.0012882034078602433;0.12669086097893295;1073872896;3296862240;9663815682;27384742082;123;213;106;309;-7.8276875847071095;0.078125;0.0625;random_673
3;0.1630698429893746;0.00407268318921882;0.09797735637200568;0.2025790815233156;0.07132255533094715;0.3329994162083449;0.0012882034078602433;0.12669086097893295;1073872896;3296862240;9663815682;27384742082;123;213;106;309;-7.833673617838076;0.078125;0.046875;random_673
4;0.1630698429893746;0.00407268318921882;0.09797735637200568;0.2025790815233156;0.07132255533094715;0.3329994162083449;0.0012882034078602433;0.12669086097893295;1073872896;3296862240;9663815682;27384742082;123;213;106;309;-7.833673617838076;0.078125;;random_673
0;0.28703646446847386;0.020418953464442453;0.1679548256269527;0.22510912598768149;0.1239480346890755;0.04274894442413494;0.005086983283444746;0.12769666805579427;1610752128;44090656770;29610352866;1073872896;124;155;374;98;;;;random_674
1;0.22350086628715765;0.0027692807665022075;0.05262966994137647;0.43884178522662964;0.04310337257013177;0.00745609202988119;0.05762348469859703;0.17407544847972403;1610752128;44090656770;29610352866;1073872896;151;157;304;139;-7.813939732503661;0.078125;0.03125;random_674
2;0.22350086628715765;0.0027692807665022075;0.05262966994137647;0.43884178522662964;0.04310337257013177;0.00745609202988119;0.05762348469859703;0.17407544847972403;1610752128;44090656770;29610352866;1073872896;151;157;304;139;-7.876445880685877;0.078125;;random_674
0;0.18535469572911736;0.2471979348717675;0.11556246116452845;0.0735982934958803;0.08651272242336348;0.02294193443130491;0.11232836981055765;0.15650358807348036;536871040;61746587650;26915008834;11811291170;87;300;223;141;;;;random_675
1;0.3147206550394717;0.2919604700063795;0.07985384768947054;0.04363332011682688;0.03181972198217738;0.00026978738715805357;0.0548642670738047;0.18287793070471114;1610752128;64163117378;26847879232;3221356576;163;269;207;112;-7.759198288071825;0.078125;0.046875;random_675
2;0.38589812353111147;0.33822650530596715;0.025394866539336865;0.0870196693724164;0.07977728595257258;0.011696213496250043;0.03381265441055873;0.03817468139178661;1610752128;64271383026;26915008834;3221356576;144;254;238;115;-7.802149532705889;0.078125;0.046875;random_675
3;0.3401271709626589;0.2973480132545519;0.000655657923521734;0.13831523557484376;0.21877195122103663;0.0005242223128739071;0.0008825991258984506;0.003375149624614897;18794807424;64271383026;29565784290;3221356576;153;253;241;104;-7.8332606832516465;0.078125;0.046875;random_675
4;0.3213706583755633;0.11903814318268968;0.017556143254973008;0.27872367736218245;0.15140872368796396;0.0725830103446137;0.006198745360259357;0.03312089843175478;18794807424;64271383026;29610352866;3221356576;180;204;244;123;-7.860740842386922;0.078125;0.0625;random_675
5;0.3213706583755633;0.11903814318268968;0.017556143254973008;0.27872367736218245;0.15140872368796396;0.0725830103446137;0.006198745360259357;0.03312089843175478;18794807424;64271383026;29610352866;3221356576;180;204;244;123;-7.851620975214135;0.078125;0.046875;random_675
6;0.3213706583755633;0.11903814318268968;0.017556143254973008;0.27872367736218245;0.15140872368796396;0.0725830103446137;0.006198745360259357;0.03312089843175478;18794807424;64271383026;29610352866;3221356576;180;204;244;123;-7.851620975214135;0.078125;;random_675
0;0.13880010317155325;0.0028422170229575948;0.14106037251388062;0.1481730145519729;0.11174403525394538;0.21031766332540255;0.0574373548653028;0.18962523929498482;536870928;42949675010;63971487074;18794807424;39;109;354;249;;;;random_676
1;0.1630698429893746;0.00407268318921882;0.09797735637200568;0.2025790815233156;0.07132255533094715;0.3329994162083449;0.0012882034078602433;0.12669086097893295;1073872896;44090656770;29610352866;1610752128;106;150;372;123;-7.7387079754598185;0.09375;0.046875;random_676
2;0.29733882025190816;0.006585438005213238;0.09639513903075424;0.2184823345993384;0.06785395966563444;0.29924815921097253;0.009175559626182243;0.004920589609996752;1073872896;44090656770;29610352866;1610752128;102;162;363;124;-7.842945546409206;0.09375;0.046875;random_676
3;0.29733882025190816;0.006585438005213238;0.09639513903075424;0.2184823345993384;0.06785395966563444;0.29924815921097253;0.009175559626182243;0.004920589609996752;1073872896;44090656770;29610352866;1610752128;102;162;363;124;-7.849687072973529;0.09375;;random_676
0;0.055110231615992475;0.08286236227990827;0.06481412923272226;0.28004663390139084;0.2510101679277269;0.14249823410034265;0.11957727041868889;0.004080970523227622;1073881088;8589934594;2415919104;29540626790;177;115;59;400;;;;random_677
1;0.34884434049438995;0.00273272513097807;0.06775407423558436;0.38042746609519695;0.011189118644623321;0.09961849730817919;0.034426194101241654;0.05500758398980671;1073872896;9663815682;2415919104;29610352866;168;145;56;382;-7.85542671521865;0.078125;0.03125;random_677
2;0.22350086628715765;0.0027692807665022075;0.05262966994137647;0.43884178522662964;0.04310337257013177;0.00745609202988119;0.05762348469859703;0.17407544847972403;1073872896;9663815682;2415919136;64229881568;163;185;48;355;-7.842330636300534;0.078125;0.046875;random_677
3;0.22350086628715765;0.0027692807665022075;0.05262966994137647;0.43884178522662964;0.04310337257013177;0.00745609202988119;0.05762348469859703;0.17407544847972403;1073872896;9663815682;2415919136;64229881568;163;185;48;355;-7.8749392109611875;0.078125;0.046875;random_677
4;0.22350086628715765;0.0027692807665022075;0.05262966994137647;0.43884178522662964;0.04310337257013177;0.00745609202988119;0.05762348469859703;0.17407544847972403;1073872896;9663815682;2415919136;64229881568;163;185;48;355;-7.8749392109611875;0.078125;;random_677
0;0.17522871603105628;0.24088236580573907;0.19434570112598734;0.058184092500431876;0.06602897472730322;0.1055464094944394;0.10178411431570131;0.057999625999341636;9126805634;2147483680;29610352866;1073872896;91;50;461;149;;;;random_678
1;0.4119807570143515;4.829496155221253e-05;0.15409063363725392;0.24826915988256826;0.05781067310387891;0.06990611589670567;0.041094391249730515;0.01679997425395898;43486546050;2147483680;29610352866;1073872896;113;53;456;129;-7.805888845752524;0.09375;0.046875;random_678
2;0.21441745143005972;0.1441016272306112;0.044044851136924176;0.40824856950054417;0.1047067635431164;0.013060393434033321;0.06800949180181319;0.0034108519228977572;44585596934;2147483680;29610352866;1073872896;216;47;312;176;-7.808730480813337;0.09375;0.046875;random_678
3;0.22350086628715765;0.0027692807665022075;0.05262966994137647;0.43884178522662964;0.04310337257013177;0.00745609202988119;0.05762348469859703;0.17407544847972403;44090656770;2415919136;64229881568;1073872896;195;48;346;162;-7.8325962964626115;0.09375;0.046875;random_678
4;0.22350086628715765;0.0027692807665022075;0.05262966994137647;0.43884178522662964;0.04310337257013177;0.00745609202988119;0.05762348469859703;0.17407544847972403;44090656770;2415919136;64229881568;1073872896;195;48;345;163;-7.864914607260789;0.09375;0.0625;random_678
5;0.22350086628715765;0.0027692807665022075;0.05262966994137647;0.43884178522662964;0.04310337257013177;0.00745609202988119;0.05762348469859703;0.17407544847972403;44090656770;2415919136;64229881568;1073872896;195;48;345;163;-7.86499269525641;0.09375;;random_678
0;0.1880189234991536;0.18670498484131673;0.16779547893731536;0.0011782036499270359;0.2178885855852487;0.08017418572326508;0.00684480748187224;0.1513948302819011;1610752128;44090656770;29543374898;27384742082;125;181;268;177;;;;random_679
1;0.24874953628586127;0.05087574898210077;0.2230341727019335;0.04848322749482564;0.07014227356801668;0.3002122465074512;0.04985868421220569;0.00864411024760533;1610752128;44090656770;12348170466;27384742082;106;123;276;246;-7.751368514170615;0.078125;0.046875;random_679
2;0.20513901474327248;0.0038860390042853073;0.09344825267747821;0.17578699463296443;0.1817638091753376;0.2906260616697872;0.030928702288541565;0.018421125808333223;1610752128;44090656770;12348170466;27395236032;143;145;277;186;-7.821740495860293;0.09375;0.046875;random_679
3;0.2380546354771868;0.11173900989189237;0.026105787627590093;0.2538020055267487;0.04185444016434565;0.24887557479368702;0.006384928033296779;0.07318361848525257;1073881088;61274851586;29565784290;26847879232;143;176;315;117;-7.820789973697635;0.078125;0.046875;random_679
4;0.20642446111882667;0.03247375426306101;0.008323848523663028;0.2607266687233741;0.10171287090797551;0.31275183634833637;0.0006962130348169285;0.07689034707994648;1073881088;61274851586;29565784290;26847879232;169;165;310;107;-7.8366930269600426;0.09375;0.03125;random_679
5;0.20642446111882667;0.03247375426306101;0.008323848523663028;0.2607266687233741;0.10171287090797551;0.31275183634833637;0.0006962130348169285;0.07689034707994648;1073881088;61274851586;29565784290;26847879232;169;165;310;107;-7.852943230045497;0.078125;;random_679
0;0.22805501243490756;0.003996456476598247;0.1649784025546928;0.19273910999517394;0.12075994052686735;0.0791075097759148;0.18732927214538295;0.023034296090462467;43486546050;2415919136;29610352866;1073872896;102;43;442;164;;;;random_68
1;0.26944712927038167;0.009030505292281932;0.1843464987843593;0.2648111191012427;0.1051204705266616;0.008471646098846347;0.15656017610759415;0.002212454818632198;43486546050;2415919136;29610352866;1073872896;117;39;433;162;-7.792989871236521;0.078125;0.03125;random_68
2;0.27002795685226705;0.14532099445965768;0.0831791085664718;0.41170311013635125;0.0045732289880018;0.013170908603486808;0.068584978332819;0.0034397140609446495;44585596934;2147483680;29610352866;1073872896;206;46;334;165;-7.819940630507743;0.078125;0.03125;random_68
3;0.22350086628715765;0.0027692807665022075;0.05262966994137647;0.43884178522662964;0.04310337257013177;0.00745609202988119;0.05762348469859703;0.17407544847972403;44090656770;2415919136;64229881568;1073872896;195;48;346;162;-7.825089014722776;0.09375;0.046875;random_68
4;0.22350086628715765;0.0027692807665022075;0.05262966994137647;0.43884178522662964;0.04310337257013177;0.00745609202988119;0.05762348469859703;0.17407544847972403;44090656770;2415919136;64229881568;1073872896;195;48;345;163;-7.864914607260789;0.09375;0.046875;random_68
5;0.22350086628715765;0.0027692807665022075;0.05262966994137647;0.43884178522662964;0.04310337257013177;0.00745609202988119;0.05762348469859703;0.17407544847972403;44090656770;2415919136;64229881568;1073872896;195;48;345;163;-7.86499269525641;0.09375;;random_68
0;0.14170809327107742;0.1289055001334118;0.07510310342504015;0.1654478152603893;0.06849266474770944;0.10341055203383846;0.17708851203300047;0.13984375909553282;2684354720;46506575906;29610352866;1073872896;65;199;358;129;;;;random_680
1;0.22350086628715765;0.0027692807665022075;0.05262966994137647;0.43884178522662964;0.04310337257013177;0.00745609202988119;0.05762348469859703;0.17407544847972403;2684354720;46506575906;27395236032;1073872896;107;212;278;154;-7.78074594546728;0.09375;0.046875;random_680
2;0.22350086628715765;0.0027692807665022075;0.05262966994137647;0.43884178522662964;0.04310337257013177;0.00745609202988119;0.05762348469859703;0.17407544847972403;2684354720;46506575906;27395236032;1073872896;107;212;278;154;-7.8745988348027565;0.078125;0.046875;random_680
3;0.22350086628715765;0.0027692807665022075;0.05262966994137647;0.43884178522662964;0.04310337257013177;0.00745609202988119;0.05762348469859703;0.17407544847972403;2684354720;46506575906;27395236032;1073872896;107;212;278;154;-7.8745988348027565;0.078125;;random_680
0;0.022376753170344443;0.18369227435513508;0.21313271382274326;0.19509704318901766;0.1126930190178869;0.19504019810703346;0.01787644957741085;0.06009154876042838;1073881088;9663815682;2415919104;63355365730;87;100;79;485;;;;random_681
1;0.06434548158992463;0.11375202612622563;0.23919063652855185;0.2921084337103393;0.015737302594663296;0.24704372522214033;0.007100810902627066;0.020721583325527787;1073881088;9663815682;2415919104;29610352866;140;122;74;415;-7.81006462746967;0.09375;0.046875;random_681
2;0.1630698429893746;0.00407268318921882;0.09797735637200568;0.2025790815233156;0.07132255533094715;0.3329994162083449;0.0012882034078602433;0.12669086097893295;1073872896;9663815682;3489800192;29610352866;151;130;101;369;-7.824875785409784;0.09375;0.046875;random_681
3;0.1630698429893746;0.00407268318921882;0.09797735637200568;0.2025790815233156;0.07132255533094715;0.3329994162083449;0.0012882034078602433;0.12669086097893295;1073872896;9663815682;3489800192;29610352866;151;130;100;370;-7.852862733271729;0.078125;0.03125;random_681
4;0.1630698429893746;0.00407268318921882;0.09797735637200568;0.2025790815233156;0.07132255533094715;0.3329994162083449;0.0012882034078602433;0.12669086097893295;1073872896;9663815682;3489800192;29610352866;151;130;100;370;-7.852505927201398;0.09375;;random_681
0;0.22292618775451678;0.010643418284808004;0.1023648098892959;0.2212811126855012;0.11465739937738151;0.021761340142342274;0.11806680474139541;0.18829892712475885;2415919136;46506575906;26915008834;1610752128;42;187;299;223;;;;random_682
1;0.22350086628715765;0.0027692807665022075;0.05262966994137647;0.43884178522662964;0.04310337257013177;0.00745609202988119;0.05762348469859703;0.17407544847972403;2415919136;46506575906;26847879232;1610752128;58;220;256;217;-7.802980196067079;0.078125;0.03125;random_682
2;0.22350086628715765;0.0027692807665022075;0.05262966994137647;0.43884178522662964;0.04310337257013177;0.00745609202988119;0.05762348469859703;0.17407544847972403;2415919136;46506575906;26847879232;1610752128;58;220;256;217;-7.8594745906711605;0.09375;0.046875;random_682
3;0.22350086628715765;0.0027692807665022075;0.05262966994137647;0.43884178522662964;0.04310337257013177;0.00745609202988119;0.05762348469859703;0.17407544847972403;2415919136;46506575906;26847879232;1610752128;58;220;256;217;-7.8594745906711605;0.09375;;random_682
0;0.09443733585104593;0.2705832378879822;0.280810870512822;0.050075020203892;0.027874178690735843;0.08935264255630823;0.14000082691266252;0.04686588738455129;9126805634;2147483680;29534331042;35433613312;91;49;405;206;;;;random_683
1;0.2503264478206897;0.18118627224893924;0.09288743890777261;0.13156973578838696;0.187709328016634;0.1351596523610738;0.003795341414368888;0.017365783442134897;10200686722;2147483680;29610352866;35433613312;171;58;364;158;-7.749696964110042;0.09375;0.046875;random_683
2;0.2433959055189666;0.11211004108308978;0.1469841676472854;0.15982645272432888;0.06300507885826526;0.2630733661659675;0.003366507728089167;0.008238480274007472;10200686722;2147483680;29610352866;1073872896;194;69;366;122;-7.789215977179828;0.078125;0.046875;random_683
3;0.28781070354548244;0.055796013662973175;0.025259102217814636;0.2890178041962452;0.036218807741291055;0.23046486245127196;0.0734298625641276;0.002002843620793949;10200686722;2147483680;29540626790;1073872896;171;80;318;182;-7.8142797365051715;0.078125;0.03125;random_683
4;0.34884434049438995;0.00273272513097807;0.06775407423558436;0.38042746609519695;0.011189118644623321;0.09961849730817919;0.034426194101241654;0.05500758398980671;10200686722;2147483680;29610352866;1073872896;169;76;354;152;-7.852782188891947;0.078125;0.03125;random_683
5;0.26400356727738417;0.13972626508717423;0.03191848428753177;0.3958529056178151;0.08658313179424464;0.012663840306161888;0.06594451750872049;0.003307288120967658;29534331042;2415919136;29530141040;1073872896;296;53;213;189;-7.835683253347633;0.09375;0.046875;random_683
6;0.37340059868882525;0.034454710893647704;0.021988553198505963;0.4433429767374552;0.03507017768372346;0.0141831083682436;0.0738558143111319;0.0037040601184669896;29534331042;2415919136;29530141040;1073872896;293;53;220;185;-7.880157861797086;0.09375;0.03125;random_683
7;0.37340059868882525;0.034454710893647704;0.021988553198505963;0.4433429767374552;0.03507017768372346;0.0141831083682436;0.0738558143111319;0.0037040601184669896;29534331042;2415919136;29530141040;1073872896;293;53;220;185;-7.877709545812711;0.078125;;random_683
0;0.05985864407586126;0.23126376623391137;0.17714139828742673;0.14816610676676034;0.17542561255499287;0.0006754479540232667;0.03605899962000986;0.17141002450701423;536871040;29610352866;2415919104;35433613312;80;452;32;187;;;;random_684
1;0.23100146817560832;0.28560526106641454;0.048180961704098677;0.07155834578377031;0.1489056167349243;0.024893341860084312;0.01694696935742803;0.1729080353176716;1610752128;29610352866;2415919136;35433613312;146;388;41;176;-7.780606266422152;0.078125;0.046875;random_684
2;0.19009253345480176;0.2604455231915442;0.07607004373257596;0.2710620111609834;0.10146083857364932;0.07936022418773235;0.006436420169020229;0.015072405529692915;1610752128;29610352866;2415919136;35433613312;152;407;46;146;-7.799923947863366;0.09375;0.03125;random_684
3;0.3213706583755633;0.11903814318268968;0.017556143254973008;0.27872367736218245;0.15140872368796396;0.0725830103446137;0.006198745360259357;0.03312089843175478;1610752128;29610352866;2415919136;35433613312;166;428;49;108;-7.857787075012891;0.078125;0.046875;random_684
4;0.2366789100818342;0.1819432033667347;0.02595492144120827;0.25233527557337193;0.12282527776671816;0.1402530047885955;0.006348029328823759;0.033661377652713445;1073881088;29610352866;2415919136;35433613312;131;430;57;133;-7.8550244528504685;0.09375;0.046875;random_684
5;0.2500791569798219;0.2354027773027801;0.014862273932091507;0.2486842722487812;0.05416282486031248;0.14072914265149306;0.02574566700541392;0.030333885019305878;1073881088;29610352866;2415919136;35433613312;133;415;57;146;-7.855670085919774;0.078125;0.03125;random_684
6;0.2500791569798219;0.2354027773027801;0.014862273932091507;0.2486842722487812;0.05416282486031248;0.14072914265149306;0.02574566700541392;0.030333885019305878;1073881088;29610352866;2415919136;35433613312;133;415;57;146;-7.857980629226285;0.078125;;random_684
0;0.13674312938369743;0.16313751855133324;0.11199090713288934;0.10657828293568757;0.07605122318119555;0.1561725223987437;0.1629558488205337;0.0863705675959195;536871040;2147483680;26915008834;18796904576;47;113;343;248;;;;random_685
1;0.2380546354771868;0.11173900989189237;0.026105787627590093;0.2538020055267487;0.04185444016434565;0.24887557479368702;0.006384928033296779;0.07318361848525257;1610752128;3221356576;27384742082;1073872896;126;183;342;100;-7.745831843143084;0.09375;0.03125;random_685
2;0.34884434049438995;0.00273272513097807;0.06775407423558436;0.38042746609519695;0.011189118644623321;0.09961849730817919;0.034426194101241654;0.05500758398980671;1610752128;2147483680;29610352866;1073872896;139;61;446;105;-7.870151127907939;0.078125;0.03125;random_685
3;0.22350086628715765;0.0027692807665022075;0.05262966994137647;0.43884178522662964;0.04310337257013177;0.00745609202988119;0.05762348469859703;0.17407544847972403;1610752128;2415919136;29610352866;1073872896;155;46;431;119;-7.8589326570081015;0.09375;0.046875;random_685
4;0.22350086628715765;0.0027692807665022075;0.05262966994137647;0.43884178522662964;0.04310337257013177;0.00745609202988119;0.05762348469859703;0.17407544847972403;1610752128;2415919136;29610352866;1073872896;155;46;431;119;-7.872818554810086;0.09375;0.046875;random_685
5;0.22350086628715765;0.0027692807665022075;0.05262966994137647;0.43884178522662964;0.04310337257013177;0.00745609202988119;0.05762348469859703;0.17407544847972403;1610752128;2415919136;29610352866;1073872896;155;46;431;119;-7.872818554810086;0.078125;;random_685
0;0.08149568722759508;0.010936836286703696;0.17186382250460402;0.14603910894686578;0.0952975151939365;0.10950602512562341;0.1944243394701788;0.19043666524449276;34359740416;29609828386;2415919104;1610743936;32;460;38;221;;;;random_686
1;0.2447884494998147;0.0009230068244928263;0.07455509190075793;0.12713137064247562;0.09546300310589464;0.2799343756639568;0.044539068385889266;0.13266563397671816;1073872896;29610352866;2415919104;1610752128;139;384;90;138;-7.739387985341212;0.09375;0.046875;random_686
2;0.1630698429893746;0.00407268318921882;0.09797735637200568;0.2025790815233156;0.07132255533094715;0.3329994162083449;0.0012882034078602433;0.12669086097893295;1073872896;29610352866;3489800192;1610752128;127;397;101;126;-7.823402353678081;0.09375;0.03125;random_686
3;0.1630698429893746;0.00407268318921882;0.09797735637200568;0.2025790815233156;0.07132255533094715;0.3329994162083449;0.0012882034078602433;0.12669086097893295;1073872896;29610352866;3489800192;1610752128;127;399;100;125;-7.837158738835387;0.078125;0.046875;random_686
4;0.1630698429893746;0.00407268318921882;0.09797735637200568;0.2025790815233156;0.07132255533094715;0.3329994162083449;0.0012882034078602433;0.12669086097893295;1073872896;29610352866;3489800192;1610752128;127;399;100;125;-7.836398386633666;0.09375;;random_686
0;0.04914256526258828;0.23297791317954047;0.13987819490142994;0.029119978667628332;0.08547469424399867;0.18850576624371088;0.2451684813902464;0.029732406110856938;536871040;2147483680;9663807490;27386847234;50;156;166;379;;;;random_687
1;0.1877613176525154;0.011704651312316296;0.12077557386736669;0.03627684548999161;0.2283144190545864;0.23600485615193384;0.17629472149757658;0.002867614973713189;34896611456;2147483680;9663807490;27386847234;58;183;135;375;-7.747252296781434;0.078125;0.046875;random_687
2;0.23555451233352423;0.10528831281141263;0.012445437546849816;0.000924517542813351;0.1821131449366348;0.28690817640800137;0.010691916678750328;0.16607398174201343;35970484352;29062463522;9663807490;27386847234;186;263;125;177;-7.772170690955129;0.09375;0.046875;random_687
3;0.35536557504575755;0.038265523519394884;0.00450023963246392;0.001360380912786598;0.016291722576489084;0.3531279735521729;0.10437146840750454;0.12671711635343055;35970484352;29058605408;9663807490;27386847234;146;279;110;216;-7.824857735118794;0.09375;0.03125;random_687
4;0.326750262895755;0.044198573883272224;0.014990482517601786;0.10046859004418061;0.04507434361085663;0.2955134916421756;0.09702075941669602;0.07598349598946207;35970484352;29610352866;1073872896;27386847234;138;300;85;228;-7.803965358272427;0.078125;0.03125;random_687
5;0.2380546354771868;0.11173900989189237;0.026105787627590093;0.2538020055267487;0.04185444016434565;0.24887557479368702;0.006384928033296779;0.07318361848525257;35970484352;29610352866;1073881088;27386847234;132;340;86;193;-7.837349410105285;0.09375;0.046875;random_687
6;0.20642446111882667;0.03247375426306101;0.008323848523663028;0.2607266687233741;0.10171287090797551;0.31275183634833637;0.0006962130348169285;0.07689034707994648;35970484352;29565784290;1073872896;27386847234;158;333;72;188;-7.839970676965302;0.078125;0.03125;random_687
7;0.2380546354771868;0.11173900989189237;0.026105787627590093;0.2538020055267487;0.04185444016434565;0.24887557479368702;0.006384928033296779;0.07318361848525257;35970484352;29565784290;1073881088;27386847234;132;336;86;197;-7.834332780228811;0.078125;0.046875;random_687
8;0.2380546354771868;0.11173900989189237;0.026105787627590093;0.2538020055267487;0.04185444016434565;0.24887557479368702;0.006384928033296779;0.07318361848525257;35970484352;29565784290;1073881088;27386847234;131;335;86;199;-7.821022054673474;0.09375;0.03125;random_687
9;0.2380546354771868;0.11173900989189237;0.026105787627590093;0.2538020055267487;0.04185444016434565;0.24887557479368702;0.006384928033296779;0.07318361848525257;35970484352;29565784290;1073881088;27386847234;131;335;86;199;-7.821870155781186;0.09375;;random_687
0;0.1925119015825725;0.21413467416099322;0.08720918839321537;0.2389265245994021;0.032628271653614295;0.07568344361597598;0.00015503301708321785;0.15875096297714317;2684354720;46707902626;26847748162;1073881088;111;256;266;118;;;;random_688
1;0.3213706583755633;0.11903814318268968;0.017556143254973008;0.27872367736218245;0.15140872368796396;0.0725830103446137;0.006198745360259357;0.03312089843175478;2684354720;46707902626;26915008834;1073881088;95;262;224;170;-7.810998690607687;0.09375;0.0625;random_688
2;0.2366789100818342;0.1819432033667347;0.02595492144120827;0.25233527557337193;0.12282527776671816;0.1402530047885955;0.006348029328823759;0.033661377652713445;2684354720;46707902626;26847748162;1073881088;103;266;226;156;-7.833989548035015;0.09375;0.046875;random_688
3;0.2500791569798219;0.2354027773027801;0.014862273932091507;0.2486842722487812;0.05416282486031248;0.14072914265149306;0.02574566700541392;0.030333885019305878;2684354720;46707902626;26915008834;1073881088;103;263;223;162;-7.836585209859676;0.09375;0.046875;random_688
4;0.2500791569798219;0.2354027773027801;0.014862273932091507;0.2486842722487812;0.05416282486031248;0.14072914265149306;0.02574566700541392;0.030333885019305878;2684354720;46707902626;26915008834;1073881088;103;263;223;162;-7.8414720912732365;0.09375;0.03125;random_688
5;0.2500791569798219;0.2354027773027801;0.014862273932091507;0.2486842722487812;0.05416282486031248;0.14072914265149306;0.02574566700541392;0.030333885019305878;2684354720;46707902626;26915008834;1073881088;103;263;223;162;-7.8414720912732365;0.078125;;random_688
0;0.07501811355397674;0.022231113108665868;0.2508467944811386;0.05657341793175334;0.16155448594343208;0.07730465060764805;0.17014872165772268;0.1863227027156626;34359740416;29609828386;2415919104;1610752128;34;448;37;232;;;;random_689
1;0.3310389393792861;0.01910381444899541;0.09102043589922114;0.08553560419947706;0.08319288485292389;0.10114580301757789;0.02737587598855686;0.2615866422139616;1073872896;29609828386;2415919104;1610752128;150;385;53;163;-7.752726342660757;0.09375;0.03125;random_689
2;0.22941013164569793;0.07094246754432712;0.05273258133601302;0.10611384236571546;0.12513111794080958;0.09912890173538265;0.022778153211053875;0.2937628042210005;1073872896;29609828386;2415919104;1610752128;147;376;57;171;-7.800897591080497;0.09375;0.03125;random_689
3;0.2141875990279326;0.14140163163174538;0.04634367787947426;0.10831711571244376;0.05335031274434084;0.00656554995798805;0.03182409513900542;0.3980100179070696;1073872896;64163117378;2415919104;1610752128;157;373;39;182;-7.805093937404041;0.078125;0.046875;random_689
4;0.28285602862283515;0.2537776207989907;0.0451233842292053;0.02450298610495382;0.05022252087045374;0.006392669873997028;0.004814088301972496;0.3323107011975916;1073872896;64163117378;2415919104;1610752128;157;358;49;187;-7.838782668422245;0.078125;0.046875;random_689
5;0.2599780136967447;0.16684084305178232;0.022544216285747244;0.06723949778161867;0.14627291878322726;0.00146671836486057;0.07176866320832294;0.2638891288276963;1073872896;64163117378;2415919136;1610752128;146;372;50;183;-7.80830681597591;0.078125;0.046875;random_689
6;0.28285602862283515;0.2537776207989907;0.0451233842292053;0.02450298610495382;0.05022252087045374;0.006392669873997028;0.004814088301972496;0.3323107011975916;1073872896;64163117378;2415919136;1610752128;141;358;65;187;-7.837099982710013;0.09375;0.03125;random_689
7;0.3076469953297204;0.09220441931162156;0.012594904878318753;0.09049487347217217;0.17444898553748314;0.048363992212911135;0.0031122340942089;0.27113359516356395;1073872896;64163117378;2147483680;1610752128;140;375;59;177;-7.830770145013037;0.078125;0.046875;random_689
8;0.28285602862283515;0.2537776207989907;0.0451233842292053;0.02450298610495382;0.05022252087045374;0.006392669873997028;0.004814088301972496;0.3323107011975916;1073872896;64163117378;2147483680;1610752128;150;357;57;187;-7.8353741683759965;0.09375;0.046875;random_689
9;0.28285602862283515;0.2537776207989907;0.0451233842292053;0.02450298610495382;0.05022252087045374;0.006392669873997028;0.004814088301972496;0.3323107011975916;1073872896;64163117378;2147483680;1610752128;150;357;57;187;-7.842126880690075;0.09375;;random_689
0;0.11348369516115336;0.13348723889580677;0.17815925023163082;0.023333070522168847;0.05847263803279779;0.10533661426846275;0.16001828049847006;0.22770921238950956;536870928;42949675010;29609828386;1610752128;50;100;388;213;;;;random_69
1;0.28285602862283515;0.2537776207989907;0.0451233842292053;0.02450298610495382;0.05022252087045374;0.006392669873997028;0.004814088301972496;0.3323107011975916;27394187346;61207611458;29062463522;1610752128;155;192;212;192;-7.737413552616398;0.09375;0.046875;random_69
2;0.204010366811844;0.2987667435432591;0.03065162719019198;0.08078032796635412;0.016787901371500866;0.042166449379253054;0.01703437799657975;0.3098022057410172;27394187346;61207611458;29062463522;1610752128;136;199;223;193;-7.789534537801055;0.09375;0.046875;random_69
3;0.204010366811844;0.2987667435432591;0.03065162719019198;0.08078032796635412;0.016787901371500866;0.042166449379253054;0.01703437799657975;0.3098022057410172;27394187346;61207611458;29062463522;1610752128;136;199;223;193;-7.781534923154131;0.078125;;random_69
0;0.15607104707723077;0.063609196071992;0.010164338920940059;0.18439483113245775;0.20849023127679694;0.19062249143142035;0.017769007069873773;0.1688788570192882;3758620832;68202200486;26915008834;1073881088;185;201;228;137;;;;random_690
1;0.29733882025190816;0.006585438005213238;0.09639513903075424;0.2184823345993384;0.06785395966563444;0.29924815921097253;0.009175559626182243;0.004920589609996752;3827437728;63944488370;27384742082;1073881088;135;202;301;113;-7.793017168208231;0.109375;0.046875;random_690
2;0.34884434049438995;0.00273272513097807;0.06775407423558436;0.38042746609519695;0.011189118644623321;0.09961849730817919;0.034426194101241654;0.05500758398980671;3827437728;63944488370;27395236032;1073872896;189;239;223;100;-7.829194361095476;0.09375;0.046875;random_690
3;0.22350086628715765;0.0027692807665022075;0.05262966994137647;0.43884178522662964;0.04310337257013177;0.00745609202988119;0.05762348469859703;0.17407544847972403;20938367392;63665547266;26847879232;1073872896;206;247;170;128;-7.875356337830383;0.078125;0.0625;random_690
4;0.22350086628715765;0.0027692807665022075;0.05262966994137647;0.43884178522662964;0.04310337257013177;0.00745609202988119;0.05762348469859703;0.17407544847972403;20938367392;63665547266;26847879232;1073872896;206;247;170;128;-7.8983531026010745;0.09375;0.046875;random_690
5;0.22350086628715765;0.0027692807665022075;0.05262966994137647;0.43884178522662964;0.04310337257013177;0.00745609202988119;0.05762348469859703;0.17407544847972403;20938367392;63665547266;26847879232;1073872896;206;247;170;128;-7.8983531026010745;0.078125;;random_690
0;0.11366013465378687;0.1478322717879621;0.14305996319280456;0.12512612132204007;0.15787840024920524;0.14413719583862672;0.13490397891621217;0.033401934039362244;536871040;2147483680;26915008834;29800661154;53;76;295;327;;;;random_691
1;0.3093499498444673;0.043054134027642806;0.15449933021386256;0.07074399604023525;0.24348869916743535;0.17161215277977165;0.006007429166351693;0.0012443087602334395;1073881088;2147483680;9663815682;29610352866;131;56;123;441;-7.743496833574258;0.078125;0.046875;random_691
2;0.22103738533750877;0.09897927894087459;0.1405391727087729;0.2020718870880258;0.05455944957114942;0.2717547839492319;0.003921606738696804;0.007136435665739789;1073881088;2147483680;9663815682;29610352866;170;64;132;385;-7.811745989310134;0.09375;0.046875;random_691
3;0.34884434049438995;0.00273272513097807;0.06775407423558436;0.38042746609519695;0.011189118644623321;0.09961849730817919;0.034426194101241654;0.05500758398980671;1073881088;2147483680;9663815682;29610352866;174;70;145;362;-7.840423941252168;0.09375;0.03125;random_691
4;0.22350086628715765;0.0027692807665022075;0.05262966994137647;0.43884178522662964;0.04310337257013177;0.00745609202988119;0.05762348469859703;0.17407544847972403;1073872896;2147483680;9663815682;64229881568;173;39;185;354;-7.844310949224699;0.078125;0.046875;random_691
5;0.22350086628715765;0.0027692807665022075;0.05262966994137647;0.43884178522662964;0.04310337257013177;0.00745609202988119;0.05762348469859703;0.17407544847972403;1073872896;2147483680;9663815682;64229881568;173;39;185;354;-7.876539752819595;0.09375;0.046875;random_691
6;0.22350086628715765;0.0027692807665022075;0.05262966994137647;0.43884178522662964;0.04310337257013177;0.00745609202988119;0.05762348469859703;0.17407544847972403;1073872896;2147483680;9663815682;64229881568;173;39;185;354;-7.876539752819595;0.078125;;random_691
0;0.14814057365346847;0.12905354521471962;0.16517056430794422;0.13560432941190922;0.09977026128176494;0.15708618855628084;0.11205764431076391;0.053116893263148834;9126805634;2147483680;29610352866;1073872896;109;60;430;152;;;;random_692
1;0.28781070354548244;0.055796013662973175;0.025259102217814636;0.2890178041962452;0.036218807741291055;0.23046486245127196;0.0734298625641276;0.002002843620793949;61746587650;2147483680;29540626790;1073881088;209;76;300;166;-7.795715603921103;0.078125;0.046875;random_692
2;0.34884434049438995;0.00273272513097807;0.06775407423558436;0.38042746609519695;0.011189118644623321;0.09961849730817919;0.034426194101241654;0.05500758398980671;61744482434;2147483680;29532451296;1073881088;294;74;237;146;-7.849613495633506;0.09375;0.046875;random_692
3;0.22350086628715765;0.0027692807665022075;0.05262966994137647;0.43884178522662964;0.04310337257013177;0.00745609202988119;0.05762348469859703;0.17407544847972403;61744482434;2147483680;29532451296;1073881088;269;41;254;187;-7.834180453534084;0.09375;0.046875;random_692
4;0.22350086628715765;0.0027692807665022075;0.05262966994137647;0.43884178522662964;0.04310337257013177;0.00745609202988119;0.05762348469859703;0.17407544847972403;61744482434;2147483680;29532451296;1073881088;269;41;254;187;-7.8411008549126375;0.09375;;random_692
0;0.036347399526634676;0.12515435328822305;0.15246435828459176;0.17068699518040037;0.0590841766238754;0.1868075313148275;0.1196999671079535;0.1497552186734937;34359740416;29602427378;18258997248;1610752128;64;414;135;138;;;;random_693
1;0.29733882025190816;0.006585438005213238;0.09639513903075424;0.2184823345993384;0.06785395966563444;0.29924815921097253;0.009175559626182243;0.004920589609996752;34359740416;29602427378;18257944576;1610752128;53;455;131;112;-7.735969573217298;0.09375;0.046875;random_693
2;0.22103738533750877;0.09897927894087459;0.1405391727087729;0.2020718870880258;0.05455944957114942;0.2717547839492319;0.003921606738696804;0.007136435665739789;35433613312;29602427378;18257944576;1073881088;95;437;140;79;-7.790977623667226;0.109375;0.046875;random_693
3;0.3185978616200468;0.0399253692728866;0.07682932231412168;0.20500689188455026;0.19099429936681292;0.12665723020531697;0.02933711933047395;0.012651906005790876;35433613312;29610352866;18257944576;1073881088;85;469;120;77;-7.794524906829589;0.078125;0.0625;random_693
4;0.2366789100818342;0.1819432033667347;0.02595492144120827;0.25233527557337193;0.12282527776671816;0.1402530047885955;0.006348029328823759;0.033661377652713445;35433613312;29610352866;18257944576;1073881088;131;451;107;62;-7.804902489265424;0.09375;0.046875;random_693
5;0.2366789100818342;0.1819432033667347;0.02595492144120827;0.25233527557337193;0.12282527776671816;0.1402530047885955;0.006348029328823759;0.033661377652713445;35433613312;29610352866;18257944576;1073881088;131;451;107;62;-7.824315934122454;0.09375;;random_693
0;0.16089322377912843;0.18541130187151367;0.057734916709348875;0.07813717857891049;0.17917678275702711;0.1661379795266676;0.07946505128126051;0.09304356549614332;1610752128;20401291296;26915008834;29803290626;169;195;191;196;;;;random_694
1;0.1630698429893746;0.00407268318921882;0.09797735637200568;0.2025790815233156;0.07132255533094715;0.3329994162083449;0.0012882034078602433;0.12669086097893295;1073872896;3296862240;26847748162;29803290626;125;179;229;218;-7.814266364791022;0.09375;0.046875;random_694
2;0.1630698429893746;0.00407268318921882;0.09797735637200568;0.2025790815233156;0.07132255533094715;0.3329994162083449;0.0012882034078602433;0.12669086097893295;1073872896;3296862240;26847748162;29803290626;125;179;229;218;-7.855258074549306;0.09375;0.046875;random_694
3;0.1630698429893746;0.00407268318921882;0.09797735637200568;0.2025790815233156;0.07132255533094715;0.3329994162083449;0.0012882034078602433;0.12669086097893295;1073872896;3296862240;26847748162;29803290626;125;179;229;218;-7.855258074549306;0.078125;;random_694
0;0.1907559648064906;0.016291952885841926;0.09770403520546667;0.05485570805913284;0.13799568206672508;0.20537353520526783;0.034559053648780584;0.26246406812229445;1610752128;29610352866;20673732608;1073872896;146;356;137;112;;;;random_695
1;0.173774107802524;0.005944439597428946;0.1460460754256834;0.05636071752935284;0.15193135180814402;0.2964315205646726;0.0005845289065144723;0.16892725836567982;1610752128;29610352866;20673732608;1073872896;137;351;155;108;-7.80137431008712;0.078125;0.046875;random_695
2;0.173774107802524;0.005944439597428946;0.1460460754256834;0.05636071752935284;0.15193135180814402;0.2964315205646726;0.0005845289065144723;0.16892725836567982;1610752128;29610352866;20673732608;1073872896;137;351;155;108;-7.817487616359696;0.078125;;random_695
0;0.11696966207911243;0.19357147049004383;0.08824874243224475;0.12223455914492508;0.24161210646359166;0.1728488699015651;0.006423834865911253;0.05809075462260592;2684354720;44090656770;29610352866;1073881088;89;193;347;122;;;;random_696
1;0.2366789100818342;0.1819432033667347;0.02595492144120827;0.25233527557337193;0.12282527776671816;0.1402530047885955;0.006348029328823759;0.033661377652713445;2684354720;44090656770;29610352866;1073881088;96;185;317;153;-7.804882524911659;0.078125;0.046875;random_696
2;0.2366789100818342;0.1819432033667347;0.02595492144120827;0.25233527557337193;0.12282527776671816;0.1402530047885955;0.006348029328823759;0.033661377652713445;2684354720;44090656770;29610352866;1073881088;96;185;317;153;-7.838413235852575;0.078125;;random_696
0;0.06698749370966442;0.2477612590728706;0.19884026042948416;0.1753437918030834;0.017996277077387463;0.20768866483397838;0.046940526609199014;0.0384417264643326;2684354720;46707902626;29530141040;18257944576;86;258;216;191;;;;random_697
1;0.29367196430529735;0.0431497126012566;0.2162087121398788;0.3542349238155285;0.010690672475181013;0.005330983715718444;0.007158337437897366;0.06955469350924194;4026540160;44090656770;29532451296;18257944576;135;208;227;181;-7.785871788551694;0.078125;0.0625;random_697
2;0.22350086628715765;0.0027692807665022075;0.05262966994137647;0.43884178522662964;0.04310337257013177;0.00745609202988119;0.05762348469859703;0.17407544847972403;4026540160;44090656770;29532451296;18257936384;154;203;203;191;-7.8729474195367075;0.09375;0.046875;random_697
3;0.22350086628715765;0.0027692807665022075;0.05262966994137647;0.43884178522662964;0.04310337257013177;0.00745609202988119;0.05762348469859703;0.17407544847972403;4026540160;44090656770;29532451296;18257936384;155;201;205;190;-7.898588770748122;0.078125;0.046875;random_697
4;0.22350086628715765;0.0027692807665022075;0.05262966994137647;0.43884178522662964;0.04310337257013177;0.00745609202988119;0.05762348469859703;0.17407544847972403;4026540160;44090656770;29532451296;18257936384;155;201;205;190;-7.899289509538634;0.09375;;random_697
0;0.23791903495916747;0.0013793319442728387;0.017328066556030582;0.25176291634587156;0.06888396369510186;0.21203871254210271;0.17995514517518812;0.030732828782264864;536871040;2147483680;61809566530;18257936384;36;112;414;189;;;;random_698
1;0.34884434049438995;0.00273272513097807;0.06775407423558436;0.38042746609519695;0.011189118644623321;0.09961849730817919;0.034426194101241654;0.05500758398980671;1610752128;2147483680;63967544802;18257936384;140;54;429;128;-7.830691423365391;0.078125;0.046875;random_698
2;0.26400356727738417;0.13972626508717423;0.03191848428753177;0.3958529056178151;0.08658313179424464;0.012663840306161888;0.06594451750872049;0.003307288120967658;1610752128;2147483680;29540626790;18257936384;165;49;403;134;-7.844501649122581;0.078125;0.046875;random_698
3;0.26400356727738417;0.13972626508717423;0.03191848428753177;0.3958529056178151;0.08658313179424464;0.012663840306161888;0.06594451750872049;0.003307288120967658;1610752128;2147483680;29540626790;18257936384;165;49;403;134;-7.861891865860617;0.078125;0.046875;random_698
4;0.26400356727738417;0.13972626508717423;0.03191848428753177;0.3958529056178151;0.08658313179424464;0.012663840306161888;0.06594451750872049;0.003307288120967658;1610752128;2147483680;29540626790;18257936384;165;49;403;134;-7.861891865860617;0.078125;;random_698
0;0.19248393373011913;0.050217613873347375;0.16839046029817992;0.09221975606283576;0.13190804866175396;0.22911425249465894;0.06275776944849659;0.07290816543060842;10200686722;2147483680;29610352866;1073872896;217;72;367;95;;;;random_699
1;0.1630698429893746;0.00407268318921882;0.09797735637200568;0.2025790815233156;0.07132255533094715;0.3329994162083449;0.0012882034078602433;0.12669086097893295;10200686722;2147483680;29610352866;1073872896;196;80;335;140;-7.800646291195451;0.078125;0.046875;random_699
2;0.34884434049438995;0.00273272513097807;0.06775407423558436;0.38042746609519695;0.011189118644623321;0.09961849730817919;0.034426194101241654;0.05500758398980671;10200686722;2147483680;29610352866;1073872896;168;76;355;152;-7.8165241837297605;0.078125;0.03125;random_699
3;0.26400356727738417;0.13972626508717423;0.03191848428753177;0.3958529056178151;0.08658313179424464;0.012663840306161888;0.06594451750872049;0.003307288120967658;29534331042;2415919136;29530141040;1073872896;296;53;213;189;-7.835322089450861;0.078125;0.0625;random_699
4;0.37340059868882525;0.034454710893647704;0.021988553198505963;0.4433429767374552;0.03507017768372346;0.0141831083682436;0.0738558143111319;0.0037040601184669896;29534331042;2415919136;29530141040;1073872896;293;53;220;185;-7.880157861797086;0.078125;0.046875;random_699
5;0.37340059868882525;0.034454710893647704;0.021988553198505963;0.4433429767374552;0.03507017768372346;0.0141831083682436;0.0738558143111319;0.0037040601184669896;29534331042;2415919136;29530141040;1073872896;293;53;220;185;-7.877709545812711;0.09375;;random_699
0;0.2436068238202049;0.09447676654722895;0.17393207506231387;0.09116977966167168;0.05929502633167268;0.041169491368193645;0.24480834255928505;0.051541694649429384;9126805634;2415919136;29534331042;1073872896;77;39;468;167;;;;random_7
1;0.3370927041630927;0.03677737734386989;0.04851520165464494;0.3264949718189318;0.09804812141565944;0.011141486207781803;0.1401809541299808;0.001749183266038627;43486546050;2415919136;29540626790;1073872896;130;45;404;172;-7.788263345578992;0.09375;0.046875;random_7
2;0.26400356727738417;0.13972626508717423;0.03191848428753177;0.3958529056178151;0.08658313179424464;0.012663840306161888;0.06594451750872049;0.003307288120967658;44585596934;2415919136;29540626790;1073872896;209;50;315;177;-7.8346455463113;0.09375;0.046875;random_7
3;0.22350086628715765;0.0027692807665022075;0.05262966994137647;0.43884178522662964;0.04310337257013177;0.00745609202988119;0.05762348469859703;0.17407544847972403;61744482434;2415919136;64229881568;1073872896;279;47;274;151;-7.831497122866307;0.09375;0.046875;random_7
4;0.22350086628715765;0.0027692807665022075;0.05262966994137647;0.43884178522662964;0.04310337257013177;0.00745609202988119;0.05762348469859703;0.17407544847972403;61744482434;2415919136;64229881568;1073872896;279;47;273;152;-7.8382803302934265;0.09375;0.03125;random_7
5;0.22350086628715765;0.0027692807665022075;0.05262966994137647;0.43884178522662964;0.04310337257013177;0.00745609202988119;0.05762348469859703;0.17407544847972403;61744482434;2415919136;64229881568;1073872896;279;47;273;152;-7.838340397057954;0.078125;;random_7
0;0.11262833831719035;0.02429041380633168;0.1784687148194472;0.1586677870348937;0.09149678354142553;0.16787027742409394;0.09853303290484669;0.16804465215177092;536871040;42949675010;63355365730;18794684544;60;92;396;203;;;;random_70
1;0.29733882025190816;0.006585438005213238;0.09639513903075424;0.2184823345993384;0.06785395966563444;0.29924815921097253;0.009175559626182243;0.004920589609996752;1610752128;44090656770;29602427378;18257936384;127;175;343;106;-7.736221081903669;0.109375;0.046875;random_70
2;0.2380546354771868;0.11173900989189237;0.026105787627590093;0.2538020055267487;0.04185444016434565;0.24887557479368702;0.006384928033296779;0.07318361848525257;1610752128;44090656770;29610352866;1073872896;113;174;376;88;-7.811640838268918;0.09375;0.046875;random_70
3;0.2380546354771868;0.11173900989189237;0.026105787627590093;0.2538020055267487;0.04185444016434565;0.24887557479368702;0.006384928033296779;0.07318361848525257;1610752128;44090656770;29610352866;1073872896;113;172;378;88;-7.829464519816589;0.078125;0.046875;random_70
4;0.2380546354771868;0.11173900989189237;0.026105787627590093;0.2538020055267487;0.04185444016434565;0.24887557479368702;0.006384928033296779;0.07318361848525257;1610752128;44090656770;29610352866;1073872896;113;172;378;88;-7.829656883650524;0.078125;;random_70
0;0.06905330250520048;0.08734725206571832;0.1361172410131216;0.18890661985138776;0.2108276218732177;0.014444196265904524;0.15346123833804592;0.13984252808740366;536871040;29610352866;2415919104;1073872896;70;507;28;146;;;;random_700
1;0.22350086628715765;0.0027692807665022075;0.05262966994137647;0.43884178522662964;0.04310337257013177;0.00745609202988119;0.05762348469859703;0.17407544847972403;1610752128;29610352866;2415919136;1073872896;155;431;46;119;-7.793630442092752;0.078125;0.046875;random_700
2;0.22350086628715765;0.0027692807665022075;0.05262966994137647;0.43884178522662964;0.04310337257013177;0.00745609202988119;0.05762348469859703;0.17407544847972403;1610752128;29610352866;2415919136;1073872896;155;432;46;118;-7.872818554810086;0.078125;0.046875;random_700
3;0.22350086628715765;0.0027692807665022075;0.05262966994137647;0.43884178522662964;0.04310337257013177;0.00745609202988119;0.05762348469859703;0.17407544847972403;1610752128;29610352866;2415919136;1073872896;155;432;46;118;-7.872377247269405;0.09375;;random_700
0;0.11187500418869845;0.14769245941665474;0.1745978598334259;0.13930058302454026;0.03195085057862563;0.17772451504480083;0.16107278495621394;0.05578594295704019;536871040;2147483680;25769804098;29800661154;63;79;135;474;;;;random_701
1;0.32527253356693814;0.010901490558701125;0.11535445860469405;0.11489880856417176;0.16248782408225748;0.2197583773069824;0.04865566503930241;0.002670842276952704;1610752128;2147483680;26915008834;29800661154;182;69;212;288;-7.748139853651918;0.078125;0.046875;random_701
2;0.2500753221895746;0.02631584140349527;0.01486204602943934;0.24868045884812284;0.12844901964676717;0.2581353234830028;0.04280500492180013;0.030676983477797903;1610752128;2147483680;26915008834;29800661154;169;91;218;273;-7.8262876819762255;0.09375;0.046875;random_701
3;0.2380546354771868;0.11173900989189237;0.026105787627590093;0.2538020055267487;0.04185444016434565;0.24887557479368702;0.006384928033296779;0.07318361848525257;1073881088;2147483680;26847748162;29800661154;164;93;201;293;-7.827236615598678;0.078125;0.0625;random_701
4;0.20642446111882667;0.03247375426306101;0.008323848523663028;0.2607266687233741;0.10171287090797551;0.31275183634833637;0.0006962130348169285;0.07689034707994648;1073881088;2147483680;26847748162;29800661154;190;104;171;286;-7.84410659319082;0.078125;0.046875;random_701
5;0.2380546354771868;0.11173900989189237;0.026105787627590093;0.2538020055267487;0.04185444016434565;0.24887557479368702;0.006384928033296779;0.07318361848525257;1073881088;2147483680;26847748162;29800661154;164;93;198;296;-7.8377297621748365;0.09375;0.046875;random_701
6;0.20642446111882667;0.03247375426306101;0.008323848523663028;0.2607266687233741;0.10171287090797551;0.31275183634833637;0.0006962130348169285;0.07689034707994648;1073881088;2147483680;26847748162;29800661154;190;104;171;286;-7.844077605832441;0.078125;0.03125;random_701
7;0.2380546354771868;0.11173900989189237;0.026105787627590093;0.2538020055267487;0.04185444016434565;0.24887557479368702;0.006384928033296779;0.07318361848525257;1073881088;2147483680;26847748162;29800661154;164;93;198;296;-7.8377297621748365;0.078125;;random_701
0;0.03479054112667081;0.22936862013089965;0.27784997774527176;0.036280251873423486;0.18536369351612578;0.002799379337529648;0.010100563476715224;0.22344697279336373;1610752128;29609828386;2415919136;35433613312;167;357;49;178;;;;random_702
1;0.38589812353111147;0.33822650530596715;0.025394866539336865;0.0870196693724164;0.07977728595257258;0.011696213496250043;0.03381265441055873;0.03817468139178661;1610752128;29610352866;2147483680;52617676800;134;327;45;245;-7.7711487951149305;0.078125;0.046875;random_702
2;0.3213706583755633;0.11903814318268968;0.017556143254973008;0.27872367736218245;0.15140872368796396;0.0725830103446137;0.006198745360259357;0.03312089843175478;1610752128;29610352866;2147483680;52617676800;130;404;50;167;-7.836698401410934;0.09375;0.046875;random_702
3;0.22350086628715765;0.0027692807665022075;0.05262966994137647;0.43884178522662964;0.04310337257013177;0.00745609202988119;0.05762348469859703;0.17407544847972403;1610752128;29610352866;2415919136;52617676800;153;405;37;156;-7.839850628327088;0.09375;0.03125;random_702
4;0.22350086628715765;0.0027692807665022075;0.05262966994137647;0.43884178522662964;0.04310337257013177;0.00745609202988119;0.05762348469859703;0.17407544847972403;1610752128;29610352866;2415919136;52617676800;155;405;37;154;-7.861280005066361;0.078125;0.03125;random_702
5;0.22350086628715765;0.0027692807665022075;0.05262966994137647;0.43884178522662964;0.04310337257013177;0.00745609202988119;0.05762348469859703;0.17407544847972403;1610752128;29610352866;2415919136;52617676800;155;405;37;154;-7.861658702442886;0.078125;;random_702
0;0.1807852725266171;0.07743736214826606;0.09929655195425079;0.17278179815950817;0.19012198501945068;0.06120150912553094;0.17384814937765697;0.04452737168871915;536871040;2415919136;1073872896;29610352866;53;38;160;500;;;;random_703
1;0.22350086628715765;0.0027692807665022075;0.05262966994137647;0.43884178522662964;0.04310337257013177;0.00745609202988119;0.05762348469859703;0.17407544847972403;1610752128;2415919136;1073872896;29610352866;155;46;119;431;-7.790376654457719;0.09375;0.046875;random_703
2;0.22350086628715765;0.0027692807665022075;0.05262966994137647;0.43884178522662964;0.04310337257013177;0.00745609202988119;0.05762348469859703;0.17407544847972403;1610752128;2415919136;1073872896;29610352866;155;46;118;432;-7.872818554810086;0.078125;0.03125;random_703
3;0.22350086628715765;0.0027692807665022075;0.05262966994137647;0.43884178522662964;0.04310337257013177;0.00745609202988119;0.05762348469859703;0.17407544847972403;1610752128;2415919136;1073872896;29610352866;155;46;118;432;-7.872377247269405;0.09375;;random_703
0;0.12498129776837552;0.20085004725182162;0.1916026884082417;0.14033268382314534;0.1871534558616121;0.01411819763853645;0.08053792382143435;0.06042370542683285;2415919136;44090656770;29610352866;1073881088;31;203;399;118;;;;random_704
1;0.3213706583755633;0.11903814318268968;0.017556143254973008;0.27872367736218245;0.15140872368796396;0.0725830103446137;0.006198745360259357;0.03312089843175478;2415919136;44090656770;29610352866;1073881088;61;179;386;125;-7.808239288952035;0.09375;0.03125;random_704
2;0.2366789100818342;0.1819432033667347;0.02595492144120827;0.25233527557337193;0.12282527776671816;0.1402530047885955;0.006348029328823759;0.033661377652713445;2415919136;44090656770;29610352866;1073881088;66;186;353;146;-7.830293890982107;0.078125;0.03125;random_704
3;0.2366789100818342;0.1819432033667347;0.02595492144120827;0.25233527557337193;0.12282527776671816;0.1402530047885955;0.006348029328823759;0.033661377652713445;2415919136;44090656770;29610352866;1073881088;66;186;353;146;-7.839715740583627;0.078125;;random_704
0;0.01823497256885989;0.046302277451547726;0.19173537410018882;0.19981679698287458;0.11885086442851371;0.10799119590762818;0.10325874444377937;0.21380977411660768;34359740416;63971487074;18258997248;1610752128;32;414;151;154;;;;random_705
1;0.24265488072094357;0.04774158604080464;0.12974322700013724;0.165487103809149;0.047542452493914734;0.0021567508552906506;0.0256253964842772;0.33904860259548303;34359740416;63971487074;18257936384;1610752128;56;348;185;162;-7.730666323154884;0.078125;0.0625;random_705
2;0.2141875990279326;0.14140163163174538;0.04634367787947426;0.10831711571244376;0.05335031274434084;0.00656554995798805;0.03182409513900542;0.3980100179070696;35433613312;29609828386;1073872896;1610752128;137;313;128;173;-7.795472124366605;0.078125;0.03125;random_705
3;0.204010366811844;0.2987667435432591;0.03065162719019198;0.08078032796635412;0.016787901371500866;0.042166449379253054;0.01703437799657975;0.3098022057410172;35500730368;29609828386;1073872896;1610752128;169;286;124;172;-7.820988121418135;0.078125;0.046875;random_705
4;0.204010366811844;0.2987667435432591;0.03065162719019198;0.08078032796635412;0.016787901371500866;0.042166449379253054;0.01703437799657975;0.3098022057410172;35500730368;29609828386;1073872896;1610752128;168;285;126;172;-7.825991464320391;0.078125;0.046875;random_705
5;0.204010366811844;0.2987667435432591;0.03065162719019198;0.08078032796635412;0.016787901371500866;0.042166449379253054;0.01703437799657975;0.3098022057410172;35500730368;29609828386;1073872896;1610752128;168;285;126;172;-7.82580106574471;0.09375;;random_705
0;0.28950150602391533;0.06661600260538346;0.02923013242151376;0.01673437215052244;0.11005742314369804;0.12848308319176216;0.0762128800770306;0.2831646003861743;2415919104;8589934594;29528301986;18257944576;75;63;402;211;;;;random_706
1;0.3427249026034941;0.05116266297176817;0.011060137133342675;0.041071481623078464;0.17874459560888623;0.2212343173170999;0.029239444239926048;0.12476245850240444;2415919104;8589934594;29565784290;18257944576;89;66;377;219;-7.805204128681616;0.09375;0.046875;random_706
2;0.1630698429893746;0.00407268318921882;0.09797735637200568;0.2025790815233156;0.07132255533094715;0.3329994162083449;0.0012882034078602433;0.12669086097893295;37849409536;9663815682;63967544802;1073881088;115;128;349;159;-7.810684846273564;0.078125;0.0625;random_706
3;0.1630698429893746;0.00407268318921882;0.09797735637200568;0.2025790815233156;0.07132255533094715;0.3329994162083449;0.0012882034078602433;0.12669086097893295;37849409536;9663815682;63967544802;1073881088;115;128;349;159;-7.8469650745446415;0.078125;0.046875;random_706
4;0.1630698429893746;0.00407268318921882;0.09797735637200568;0.2025790815233156;0.07132255533094715;0.3329994162083449;0.0012882034078602433;0.12669086097893295;37849409536;9663815682;63967544802;1073881088;115;128;349;159;-7.8469650745446415;0.09375;;random_706
0;0.1416394664453916;0.12595693511145978;0.08187122932067928;0.14998768087779252;0.15991780721283733;0.1501866894633796;0.04422013707981338;0.1462200544886465;2684354720;46707902626;9730924610;1073881088;131;306;164;150;;;;random_707
1;0.2366789100818342;0.1819432033667347;0.02595492144120827;0.25233527557337193;0.12282527776671816;0.1402530047885955;0.006348029328823759;0.033661377652713445;2684354720;46707902626;9730924610;1073881088;112;277;195;167;-7.818184704638131;0.09375;0.046875;random_707
2;0.2500791569798219;0.2354027773027801;0.014862273932091507;0.2486842722487812;0.05416282486031248;0.14072914265149306;0.02574566700541392;0.030333885019305878;2684354720;63352015138;27384742082;1073881088;98;245;285;123;-7.843910119280091;0.109375;0.046875;random_707
3;0.2500791569798219;0.2354027773027801;0.014862273932091507;0.2486842722487812;0.05416282486031248;0.14072914265149306;0.02574566700541392;0.030333885019305878;2684354720;63352015138;27384742082;1073881088;98;245;285;123;-7.828206741662896;0.09375;0.03125;random_707
4;0.2500791569798219;0.2354027773027801;0.014862273932091507;0.2486842722487812;0.05416282486031248;0.14072914265149306;0.02574566700541392;0.030333885019305878;2684354720;63352015138;27384742082;1073881088;98;245;285;123;-7.828206741662896;0.078125;;random_707
0;0.09195276183250245;0.03235136287624107;0.19516139228091353;0.21228924412136385;0.25897755056270994;0.12622579998183836;0.06588008654914278;0.017161801795288;1073881088;33827299570;20673732608;12348170466;122;147;175;307;;;;random_708
1;0.1630698429893746;0.00407268318921882;0.09797735637200568;0.2025790815233156;0.07132255533094715;0.3329994162083449;0.0012882034078602433;0.12669086097893295;1073872896;29602427378;20673732608;12348170466;140;273;143;195;-7.756673088829579;0.09375;0.046875;random_708
2;0.1630698429893746;0.00407268318921882;0.09797735637200568;0.2025790815233156;0.07132255533094715;0.3329994162083449;0.0012882034078602433;0.12669086097893295;1073872896;29602427378;20673732608;12348170466;140;274;143;194;-7.775339348182855;0.09375;0.03125;random_708
3;0.1630698429893746;0.00407268318921882;0.09797735637200568;0.2025790815233156;0.07132255533094715;0.3329994162083449;0.0012882034078602433;0.12669086097893295;1073872896;29602427378;20673732608;12348170466;140;274;143;194;-7.7753902890094535;0.078125;;random_708
0;0.10565011639958247;0.1476472105161033;0.12695345134866018;0.041624438590004025;0.09500334744213601;0.23470662922400878;0.11744041480814534;0.1309743916713599;536871040;42949675010;11811291170;18257944576;89;117;291;254;;;;random_709
1;0.2652928102179358;0.15373269069199993;0.04602216215185193;0.05001752882531023;0.025126077006584698;0.33905860638957874;0.0012182451395121444;0.11953187957722651;1610752128;44090656770;29610352866;18257944576;131;170;308;142;-7.793327932564849;0.09375;0.046875;random_709
2;0.24583922759881016;0.08743795752925479;0.10132649713046628;0.051382160824446486;0.08725840913364279;0.3248062312263;0.004794632639486017;0.09715488391759348;1610752128;44090656770;29610352866;18257944576;154;159;313;125;-7.817063407430351;0.078125;0.046875;random_709
3;0.2380546354771868;0.11173900989189237;0.026105787627590093;0.2538020055267487;0.04185444016434565;0.24887557479368702;0.006384928033296779;0.07318361848525257;1610752128;44090656770;29610352866;1073872896;113;172;378;88;-7.7946811030807535;0.09375;0.046875;random_709
4;0.2380546354771868;0.11173900989189237;0.026105787627590093;0.2538020055267487;0.04185444016434565;0.24887557479368702;0.006384928033296779;0.07318361848525257;1610752128;44090656770;29610352866;1073872896;113;172;378;88;-7.829656883650524;0.078125;0.03125;random_709
5;0.2380546354771868;0.11173900989189237;0.026105787627590093;0.2538020055267487;0.04185444016434565;0.24887557479368702;0.006384928033296779;0.07318361848525257;1610752128;44090656770;29610352866;1073872896;113;172;378;88;-7.829656883650524;0.078125;;random_709
0;0.18159367095151846;0.2118752154543237;0.20126191913152525;0.00788472578996484;0.03824266832964061;0.08514835349853096;0.2083427351535518;0.06565071169094451;9126805634;2147483680;29534331042;34359740416;66;41;528;116;;;;random_71
1;0.3191900102573095;0.20820758430826064;0.005311132316202583;0.00016531678192318453;0.13283726311789726;0.07188350145027303;0.1461219952916945;0.11628319647643943;9126805634;2147483680;29534331042;35433613312;74;44;428;205;-7.754735097650449;0.078125;0.046875;random_71
2;0.30182346521905384;0.2479335082622343;0.003087753357326151;0.030837786917704006;0.17109181493198425;0.048256446169320934;0.06286308049974823;0.13410614464262854;9126805634;2415919136;29534331042;35433613312;77;44;417;213;-7.765429185223256;0.078125;0.046875;random_71
3;0.3188267260209409;0.3125167311315185;0.01233475156003031;0.05729383544931351;0.06127058421008044;0.16402134228503878;0.02036627212274369;0.05336975722033394;10200686786;2415919104;29610352866;35433613312;211;50;298;192;-7.775599590389192;0.09375;0.046875;random_71
4;0.2940985242496007;0.16691998144413625;0.021869178412160992;0.06509988062962803;0.0625237540796771;0.27062616109209964;0.009538048259700704;0.1093244718329965;27384742082;2415919104;29610352866;1073872896;289;94;241;127;-7.791468138579395;0.09375;0.046875;random_71
5;0.1630698429893746;0.00407268318921882;0.09797735637200568;0.2025790815233156;0.07132255533094715;0.3329994162083449;0.0012882034078602433;0.12669086097893295;27384742082;3489800192;29610352866;1073872896;304;101;231;115;-7.861561967284794;0.09375;0.046875;random_71
6;0.1630698429893746;0.00407268318921882;0.09797735637200568;0.2025790815233156;0.07132255533094715;0.3329994162083449;0.0012882034078602433;0.12669086097893295;27384742082;3489800192;29610352866;1073872896;304;101;231;115;-7.893505440417546;0.078125;0.046875;random_71
7;0.1630698429893746;0.00407268318921882;0.09797735637200568;0.2025790815233156;0.07132255533094715;0.3329994162083449;0.0012882034078602433;0.12669086097893295;27384742082;3489800192;29610352866;1073872896;304;101;231;115;-7.893505440417546;0.09375;;random_71
0;0.15357207751499471;0.1251961592356644;0.019729601756049535;0.07458248455640992;0.16271204908633655;0.19018934989095412;0.15559828760108166;0.11841999035850904;1610752128;61744482434;26843938882;29062463522;161;176;155;259;;;;random_710
1;0.2380546354771868;0.11173900989189237;0.026105787627590093;0.2538020055267487;0.04185444016434565;0.24887557479368702;0.006384928033296779;0.07318361848525257;1073881088;61744482434;26915008834;29610352866;149;178;133;291;-7.768348207877888;0.078125;0.03125;random_710
2;0.2380546354771868;0.11173900989189237;0.026105787627590093;0.2538020055267487;0.04185444016434565;0.24887557479368702;0.006384928033296779;0.07318361848525257;1073881088;61744482434;26915008834;29610352866;149;178;133;291;-7.827280996609977;0.078125;0.046875;random_710
3;0.2380546354771868;0.11173900989189237;0.026105787627590093;0.2538020055267487;0.04185444016434565;0.24887557479368702;0.006384928033296779;0.07318361848525257;1073881088;61744482434;26915008834;29610352866;149;178;133;291;-7.827280996609977;0.078125;;random_710
0;0.1791539441010219;0.1549102569431485;0.21079811062719572;0.006184134080374036;0.1659056473405219;0.013684833268066786;0.06487900181091366;0.20448407182875764;1610752128;42949675010;3221356576;29609828386;156;115;146;334;;;;random_711
1;0.24111278055917468;0.18126867346523648;0.22124955871400626;0.0061871391451279924;0.06596555413423626;0.016543502624265134;0.010683611313661065;0.2569891800442924;1610752128;44090656770;3221356576;29609828386;160;176;111;304;-7.796954902134122;0.078125;0.046875;random_711
2;0.289043844555905;0.04380639852119489;0.0646811295596687;0.15521353841383523;0.0133797138455192;0.015255197615012128;0.03296691581926518;0.38565326166959957;1610752128;44090656770;3489792032;29609828386;178;183;154;236;-7.799971079434594;0.078125;0.046875;random_711
3;0.39291997443258353;0.046678392075325884;0.08967364259959058;0.08593741867270752;0.0030779983045545484;0.012602836570425146;0.03494607953549779;0.33416365780931495;1610752128;44090656770;3489792032;29609828386;164;169;139;279;-7.818825174029605;0.078125;0.046875;random_711
4;0.2141875990279326;0.14140163163174538;0.04634367787947426;0.10831711571244376;0.05335031274434084;0.00656554995798805;0.03182409513900542;0.3980100179070696;1610752128;44090656770;3489792032;29609828386;170;214;138;229;-7.809968995613164;0.078125;0.046875;random_711
5;0.3180816791855115;0.08759488521458458;0.0014370248949590345;0.12062488809271973;0.11097063405641744;0.04095804187691069;0.044598409668111384;0.2757344370107856;1610752128;44090656770;3489792032;29806911586;163;193;141;254;-7.807012631534357;0.09375;0.03125;random_711
6;0.39291997443258353;0.046678392075325884;0.08967364259959058;0.08593741867270752;0.0030779983045545484;0.012602836570425146;0.03494607953549779;0.33416365780931495;1610752128;44090656770;3489792032;29609828386;164;168;139;280;-7.8109306855301535;0.09375;0.046875;random_711
7;0.2141875990279326;0.14140163163174538;0.04634367787947426;0.10831711571244376;0.05335031274434084;0.00656554995798805;0.03182409513900542;0.3980100179070696;1610752128;44090656770;3489792032;29609828386;170;213;138;230;-7.810084704033143;0.09375;0.046875;random_711
8;0.3180816791855115;0.08759488521458458;0.0014370248949590345;0.12062488809271973;0.11097063405641744;0.04095804187691069;0.044598409668111384;0.2757344370107856;1610752128;44090656770;3489792032;29806911586;163;193;141;254;-7.806765552218424;0.09375;0.046875;random_711
9;0.39291997443258353;0.046678392075325884;0.08967364259959058;0.08593741867270752;0.0030779983045545484;0.012602836570425146;0.03494607953549779;0.33416365780931495;1610752128;44090656770;3489792032;29609828386;164;168;139;280;-7.8109306855301535;0.078125;;random_711
0;0.22096624164179024;0.18866690781128886;0.11390833019984398;0.014200207618024242;0.0741686868055919;0.1370413999648156;0.12048637954212385;0.13056184641652147;536871040;2147483680;25769804098;29534331042;81;51;98;521;;;;random_712
1;0.3257764062816763;0.015846737598229965;0.02538661126273391;0.05210030543905993;0.33769325553797436;0.08413220527698048;0.10378784056021695;0.055276638043127976;536871040;2147483680;25773998146;29534331042;60;49;101;541;-7.745686940978021;0.078125;0.046875;random_712
2;0.3257764062816763;0.015846737598229965;0.02538661126273391;0.05210030543905993;0.33769325553797436;0.08413220527698048;0.10378784056021695;0.055276638043127976;536871040;2147483680;25773998146;29534331042;60;49;101;541;-7.753801734593766;0.078125;0.046875;random_712
3;0.3257764062816763;0.015846737598229965;0.02538661126273391;0.05210030543905993;0.33769325553797436;0.08413220527698048;0.10378784056021695;0.055276638043127976;536871040;2147483680;25773998146;29534331042;60;49;101;541;-7.753801734593766;0.078125;;random_712
0;0.009493713953734816;0.19828572068885159;0.14124734320614282;0.0052584096068323295;0.2941718715784782;0.06192193070542313;0.053117312344695126;0.2365036979158419;2415919136;12348162210;1073881088;29609828386;75;207;123;346;;;;random_713
1;0.368120525847558;0.08574050552388894;0.03447528825883143;0.0008184330424053836;0.07322425182661166;0.08355157155894652;0.06452016782417691;0.2895492561175813;2415919136;12348170466;1073872896;29609828386;62;210;149;330;-7.7913451157112075;0.078125;0.046875;random_713
2;0.2141875990279326;0.14140163163174538;0.04634367787947426;0.10831711571244376;0.05335031274434084;0.00656554995798805;0.03182409513900542;0.3980100179070696;2415919136;12348170466;1073872896;29609828386;55;229;154;313;-7.794865239140735;0.078125;0.03125;random_713
3;0.2141875990279326;0.14140163163174538;0.04634367787947426;0.10831711571244376;0.05335031274434084;0.00656554995798805;0.03182409513900542;0.3980100179070696;2415919136;12348170466;1073872896;29609828386;55;229;154;313;-7.790911796102181;0.078125;;random_713
0;0.12462708143956498;0.21859347287045766;0.002132553176341618;0.15421287362930627;0.008876734894990072;0.07490634342190759;0.0696003081383995;0.34705063242903217;35433613312;18790621568;29062463522;1073872896;145;237;284;85;;;;random_714
1;0.31068036941366917;0.002486662303246455;0.03670096369096367;0.17181874792246485;0.03870446543718069;0.06513362246299155;0.002488741709809929;0.37198642705967355;35433613312;18794807424;29062463522;1073872896;78;264;315;94;-7.808864091386354;0.078125;0.03125;random_714
2;0.24265488072094357;0.04774158604080464;0.12974322700013724;0.165487103809149;0.047542452493914734;0.0021567508552906506;0.0256253964842772;0.33904860259548303;35433613312;18794807424;29062463522;1073872896;82;276;312;81;-7.798389699390209;0.078125;0.046875;random_714
3;0.32222421610329943;0.05106213836888839;0.03408975190256091;0.2780906364601182;0.0020486808845235466;0.04459727839073525;0.0502702488175826;0.2176170490722916;35433613312;18794832000;29062463522;1073872896;87;241;334;89;-7.798081247253812;0.078125;0.0625;random_714
4;0.22350086628715765;0.0027692807665022075;0.05262966994137647;0.43884178522662964;0.04310337257013177;0.00745609202988119;0.05762348469859703;0.17407544847972403;35433613312;18794832000;29062463522;1073872896;85;229;353;84;-7.8128185625118025;0.078125;0.046875;random_714
5;0.22350086628715765;0.0027692807665022075;0.05262966994137647;0.43884178522662964;0.04310337257013177;0.00745609202988119;0.05762348469859703;0.17407544847972403;35433613312;18794832000;29062463522;1073872896;85;229;353;84;-7.822093713767574;0.078125;;random_714
0;0.09341304644771756;0.2592382148737697;0.12996843009424763;0.26630503368599984;0.20472981168400642;0.0021907946753245543;0.03447244011708561;0.009682228421848509;1610752128;68196170103;20673732608;64169314514;120;119;128;384;;;;random_715
1;0.273660133267076;0.010615252870029667;0.17019574254700112;0.2015614658881683;0.25628705967327586;0.07996066066015275;0.005118970449527994;0.002600714644768427;1610752128;68189404707;20673732608;29610352866;157;135;155;304;-7.7753944746778645;0.078125;0.046875;random_715
2;0.22350086628715765;0.0027692807665022075;0.05262966994137647;0.43884178522662964;0.04310337257013177;0.00745609202988119;0.05762348469859703;0.17407544847972403;1610743936;46506575906;20673732608;64162527712;163;205;170;213;-7.7858288809954725;0.078125;0.046875;random_715
3;0.22350086628715765;0.0027692807665022075;0.05262966994137647;0.43884178522662964;0.04310337257013177;0.00745609202988119;0.05762348469859703;0.17407544847972403;1610743936;46506575906;20673732608;64162527712;163;205;170;213;-7.877721032830517;0.078125;0.0625;random_715
4;0.22350086628715765;0.0027692807665022075;0.05262966994137647;0.43884178522662964;0.04310337257013177;0.00745609202988119;0.05762348469859703;0.17407544847972403;1610743936;46506575906;20673732608;64162527712;163;205;170;213;-7.877721032830517;0.078125;;random_715
0;0.026625229811324765;0.06485609153741353;0.23125995878126332;0.21598102285209633;0.07203881627187542;0.11493276872243097;0.25301619745559706;0.021289914567998662;536871040;8589934594;2415919104;63355365730;28;78;46;599;;;;random_716
1;0.26400356727738417;0.13972626508717423;0.03191848428753177;0.3958529056178151;0.08658313179424464;0.012663840306161888;0.06594451750872049;0.003307288120967658;1610752128;9663815682;2147483680;64271383026;222;150;55;324;-7.759667618772278;0.109375;0.046875;random_716
2;0.22350086628715765;0.0027692807665022075;0.05262966994137647;0.43884178522662964;0.04310337257013177;0.00745609202988119;0.05762348469859703;0.17407544847972403;1610752128;9663815682;2415919136;64229881568;238;185;59;269;-7.850435648495644;0.09375;0.046875;random_716
3;0.22350086628715765;0.0027692807665022075;0.05262966994137647;0.43884178522662964;0.04310337257013177;0.00745609202988119;0.05762348469859703;0.17407544847972403;1610752128;9663815682;2415919136;64229881568;238;185;59;269;-7.888513615661164;0.078125;0.0625;random_716
4;0.22350086628715765;0.0027692807665022075;0.05262966994137647;0.43884178522662964;0.04310337257013177;0.00745609202988119;0.05762348469859703;0.17407544847972403;1610752128;9663815682;2415919136;64229881568;238;185;59;269;-7.888513615661164;0.09375;;random_716
0;0.13341866677664171;0.02717149902641397;0.23481189089751858;0.10432400288055857;0.21620196090073185;0.036137004331199075;0.23392642169535946;0.014008553491576786;9126805634;2415919136;29534331042;34359740416;80;33;593;45;;;;random_717
1;0.3370927041630927;0.03677737734386989;0.04851520165464494;0.3264949718189318;0.09804812141565944;0.011141486207781803;0.1401809541299808;0.001749183266038627;43486546050;2415919136;29540626790;1073872896;130;45;404;172;-7.755788434202845;0.078125;0.0625;random_717
2;0.26400356727738417;0.13972626508717423;0.03191848428753177;0.3958529056178151;0.08658313179424464;0.012663840306161888;0.06594451750872049;0.003307288120967658;44585596934;2415919136;29540626790;1073872896;209;50;315;177;-7.8346455463113;0.078125;0.046875;random_717
3;0.22350086628715765;0.0027692807665022075;0.05262966994137647;0.43884178522662964;0.04310337257013177;0.00745609202988119;0.05762348469859703;0.17407544847972403;61744482434;2415919136;64229881568;1073872896;279;47;274;151;-7.831497122866307;0.09375;0.03125;random_717
4;0.22350086628715765;0.0027692807665022075;0.05262966994137647;0.43884178522662964;0.04310337257013177;0.00745609202988119;0.05762348469859703;0.17407544847972403;61744482434;2415919136;64229881568;1073872896;279;47;273;152;-7.8382803302934265;0.078125;0.0625;random_717
5;0.22350086628715765;0.0027692807665022075;0.05262966994137647;0.43884178522662964;0.04310337257013177;0.00745609202988119;0.05762348469859703;0.17407544847972403;61744482434;2415919136;64229881568;1073872896;279;47;273;152;-7.838340397057954;0.078125;;random_717
0;0.014043574023366772;0.19621072619969648;0.1850933601208805;0.059093370918494474;0.05883337279942569;0.11265283409012694;0.22489867301840602;0.149174088829603;34359740416;29609828386;2415919104;1610752128;94;407;40;210;;;;random_718
1;0.1736663613606139;0.2984598212281922;0.04695479377349197;0.0033677216100585572;0.12511059124724996;0.13764848293178775;0.01909035002350204;0.19570187782510373;35433613312;29609828386;2415919104;1610752128;182;312;48;209;-7.736798378605085;0.078125;0.0625;random_718
2;0.23100146817560832;0.28560526106641454;0.048180961704098677;0.07155834578377031;0.1489056167349243;0.024893341860084312;0.01694696935742803;0.1729080353176716;35433613312;29609828386;2415919136;1610752128;178;343;44;186;-7.769940998479858;0.078125;0.046875;random_718
3;0.23100146817560832;0.28560526106641454;0.048180961704098677;0.07155834578377031;0.1489056167349243;0.024893341860084312;0.01694696935742803;0.1729080353176716;35433613312;29609828386;2415919136;1610752128;178;343;44;186;-7.793619196931728;0.078125;0.046875;random_718
4;0.23100146817560832;0.28560526106641454;0.048180961704098677;0.07155834578377031;0.1489056167349243;0.024893341860084312;0.01694696935742803;0.1729080353176716;35433613312;29609828386;2415919136;1610752128;178;343;44;186;-7.793619196931728;0.09375;;random_718
0;0.1769879807227819;0.18433803805823082;0.028582677264917734;0.1230492538541501;0.2098143335556386;0.020333284734928986;0.09429380484922169;0.16260062696013025;2684354720;46802282550;26915008834;18257936384;106;262;206;177;;;;random_719
1;0.2308093585983686;0.12859103137220315;0.012810719944813947;0.2926995990654124;0.00829441579153979;0.08442058700028815;0.0014980813812954942;0.2408762068460784;20950556832;46802282550;26847748162;1073872896;204;222;197;128;-7.798232815376612;0.078125;0.03125;random_719
2;0.22350086628715765;0.0027692807665022075;0.05262966994137647;0.43884178522662964;0.04310337257013177;0.00745609202988119;0.05762348469859703;0.17407544847972403;20950556832;46506575906;29058605408;1073872896;215;203;205;128;-7.80667941757531;0.078125;0.046875;random_719
3;0.22350086628715765;0.0027692807665022075;0.05262966994137647;0.43884178522662964;0.04310337257013177;0.00745609202988119;0.05762348469859703;0.17407544847972403;20950556832;46506575906;29058605408;1073872896;215;203;205;128;-7.91022804383883;0.078125;0.046875;random_719
4;0.22350086628715765;0.0027692807665022075;0.05262966994137647;0.43884178522662964;0.04310337257013177;0.00745609202988119;0.05762348469859703;0.17407544847972403;20950556832;46506575906;29058605408;1073872896;215;203;205;128;-7.91022804383883;0.078125;;random_719
0;0.04291564603578405;0.23703431051980167;0.11938422141130531;0.24280326368553248;0.042852215002050074;0.17681000620793838;0.11774463013896286;0.020455706998625204;1073881088;8589934594;2415919104;63355365730;155;101;65;430;;;;random_72
1;0.13785811827747668;0.03418559176189059;0.029504053907367874;0.3547892796283393;0.19051624120260774;0.21387290795945904;0.00566035311105709;0.033613454151801836;1073881088;9663815682;2415919104;29610352866;195;123;64;369;-7.843483416428599;0.09375;0.046875;random_72
2;0.34884434049438995;0.00273272513097807;0.06775407423558436;0.38042746609519695;0.011189118644623321;0.09961849730817919;0.034426194101241654;0.05500758398980671;1073881088;9663815682;2415919104;29610352866;174;145;56;376;-7.858989948674983;0.09375;0.03125;random_72
3;0.22350086628715765;0.0027692807665022075;0.05262966994137647;0.43884178522662964;0.04310337257013177;0.00745609202988119;0.05762348469859703;0.17407544847972403;1073872896;9663815682;2415919136;64229881568;163;185;48;355;-7.842155046034457;0.09375;0.046875;random_72
4;0.22350086628715765;0.0027692807665022075;0.05262966994137647;0.43884178522662964;0.04310337257013177;0.00745609202988119;0.05762348469859703;0.17407544847972403;1073872896;9663815682;2415919136;64229881568;164;185;48;354;-7.8749392109611875;0.09375;0.046875;random_72
5;0.22350086628715765;0.0027692807665022075;0.05262966994137647;0.43884178522662964;0.04310337257013177;0.00745609202988119;0.05762348469859703;0.17407544847972403;1073872896;9663815682;2415919136;64229881568;164;185;48;354;-7.874908193975783;0.078125;;random_72
0;0.2257203034779503;0.02730697439379851;0.09225169553351291;0.1717486117308474;0.1355082988834969;0.20041878957097628;0.023299430566909772;0.12374589584250796;1610752128;44090656770;29610352866;1073872896;126;155;371;99;;;;random_720
1;0.2380546354771868;0.11173900989189237;0.026105787627590093;0.2538020055267487;0.04185444016434565;0.24887557479368702;0.006384928033296779;0.07318361848525257;1610752128;44090656770;29610352866;1073872896;113;174;376;88;-7.820115975845676;0.078125;0.0625;random_720
2;0.2380546354771868;0.11173900989189237;0.026105787627590093;0.2538020055267487;0.04185444016434565;0.24887557479368702;0.006384928033296779;0.07318361848525257;1610752128;44090656770;29610352866;1073872896;113;174;376;88;-7.829464519816589;0.078125;;random_720
0;0.15005150173119053;0.2005627673638145;0.20828660996249615;0.11679233471609221;0.14885220908566923;0.0019342180001441112;0.16971581242165795;0.0038045467189351074;9126805634;2415919136;29534331042;34359740416;80;40;520;111;;;;random_721
1;0.2832493567464452;0.2590787285184928;0.2624926991599962;0.10479331000660308;0.003928406119581788;0.022338011407067426;0.01320083775025209;0.050918650291561555;10200686722;2415919136;29610352866;35433613312;170;42;369;170;-7.764110423414448;0.078125;0.046875;random_721
2;0.2816768108946482;0.16074555911514737;0.1831549308548509;0.17395156321412217;0.099618000023832;0.025379811109851966;0.05671426055571091;0.01875906423183645;10200686722;2415919136;29610352866;35433613312;173;44;384;150;-7.785964811801715;0.078125;0.046875;random_721
3;0.33187649585477336;0.0038308131585386156;0.286510479017856;0.14898167219205183;0.12475581959270317;0.034569153265680906;0.05510482474120249;0.014370742177193791;10200686722;2415919136;29610352866;1073872896;200;44;405;102;-7.794748746518931;0.078125;0.046875;random_721
4;0.2701097558780146;0.022181825770830665;0.21144351194630115;0.15453961427809673;0.18687183966512502;0.038648569260185534;0.05143994453430501;0.06476493866714124;10200686722;2415919136;29610352866;1073872896;203;43;402;103;-7.799150786003998;0.078125;0.046875;random_721
5;0.2733434987265134;0.009451244750347686;0.2398005343986876;0.2401717970099991;0.14574613539676542;0.02565288041491666;0.03355627799325328;0.03227763130951691;10200686722;2415919136;29610352866;1073872896;174;50;405;122;-7.806375235026098;0.078125;0.046875;random_721
6;0.21441745143005972;0.1441016272306112;0.044044851136924176;0.40824856950054417;0.1047067635431164;0.013060393434033321;0.06800949180181319;0.0034108519228977572;10200686722;2415919136;29542588512;1073872896;211;52;283;205;-7.804325296201768;0.078125;0.03125;random_721
7;0.37340059868882525;0.034454710893647704;0.021988553198505963;0.4433429767374552;0.03507017768372346;0.0141831083682436;0.0738558143111319;0.0037040601184669896;61746587650;2415919136;29530141040;1073872896;274;54;248;175;-7.903132738590059;0.09375;0.046875;random_721
8;0.22350086628715765;0.0027692807665022075;0.05262966994137647;0.43884178522662964;0.04310337257013177;0.00745609202988119;0.05762348469859703;0.17407544847972403;29534331042;2415919136;29532451296;1073872896;321;49;229;152;-7.840305643378105;0.09375;0.046875;random_721
9;0.22350086628715765;0.0027692807665022075;0.05262966994137647;0.43884178522662964;0.04310337257013177;0.00745609202988119;0.05762348469859703;0.17407544847972403;29534331042;2415919136;29532451296;1073872896;321;49;229;152;-7.836771612334012;0.09375;0.046875;random_721
10;0.22350086628715765;0.0027692807665022075;0.05262966994137647;0.43884178522662964;0.04310337257013177;0.00745609202988119;0.05762348469859703;0.17407544847972403;29534331042;2415919136;29532451296;1073872896;321;49;229;152;-7.836771612334012;0.09375;;random_721
0;0.1336983707963224;0.10452587423339411;0.1971233554204575;0.033693589745396844;0.07929415197909782;0.17713080816376728;0.10621998073675612;0.16831386892480787;536871040;44090656770;29611143330;18257944576;80;157;339;175;;;;random_722
1;0.22981236824301193;0.06474314081029917;0.05554132337516681;0.016073467164186665;0.18053825708676366;0.2551802717984384;0.02254044521833937;0.17557072630379392;1610752128;44090656770;29610352866;18257944576;142;143;314;152;-7.765826712361309;0.09375;0.046875;random_722
2;0.35536557504575755;0.038265523519394884;0.00450023963246392;0.001360380912786598;0.016291722576489084;0.3531279735521729;0.10437146840750454;0.12671711635343055;1610752128;44090656770;29611143330;18257944576;146;142;309;154;-7.8211892323059375;0.09375;0.046875;random_722
3;0.2652928102179358;0.15373269069199993;0.04602216215185193;0.05001752882531023;0.025126077006584698;0.33905860638957874;0.0012182451395121444;0.11953187957722651;1610752128;44090656770;29610352866;18257944576;131;170;308;142;-7.834994431727002;0.078125;0.0625;random_722
4;0.24583922759881016;0.08743795752925479;0.10132649713046628;0.051382160824446486;0.08725840913364279;0.3248062312263;0.004794632639486017;0.09715488391759348;1610752128;44090656770;29610352866;18257944576;154;159;313;125;-7.817063407430351;0.078125;0.046875;random_722
5;0.2380546354771868;0.11173900989189237;0.026105787627590093;0.2538020055267487;0.04185444016434565;0.24887557479368702;0.006384928033296779;0.07318361848525257;1610752128;44090656770;29610352866;1073872896;113;174;376;88;-7.7946811030807535;0.078125;0.046875;random_722
6;0.2380546354771868;0.11173900989189237;0.026105787627590093;0.2538020055267487;0.04185444016434565;0.24887557479368702;0.006384928033296779;0.07318361848525257;1610752128;44090656770;29610352866;1073872896;113;174;376;88;-7.829464519816589;0.09375;0.03125;random_722
7;0.2380546354771868;0.11173900989189237;0.026105787627590093;0.2538020055267487;0.04185444016434565;0.24887557479368702;0.006384928033296779;0.07318361848525257;1610752128;44090656770;29610352866;1073872896;113;174;376;88;-7.829464519816589;0.078125;;random_722
0;0.11258276188182662;0.15140490356219566;0.1955883371603355;0.012162017427002124;0.19543644870613364;0.03970609743147386;0.16757817519848675;0.12554125863254578;2684354720;44023552064;29327761760;29534331042;76;193;167;315;;;;random_723
1;0.38142139701734107;0.31404762576060846;0.1776992473890366;0.02849160578935023;0.017204030174177976;0.03497211743492002;0.03149872990422985;0.014665246530335668;2684354720;44090656770;29327761760;29610352866;86;232;153;280;-7.727566373100209;0.078125;0.046875;random_723
2;0.3250249145654498;0.2109996716163224;0.18010986345950306;0.18870116104764156;0.04320458247882977;0.03465384137377731;0.0032645216145741913;0.014041443843901744;3758620832;44090656770;28991033696;29610352866;146;191;165;249;-7.751357605346288;0.078125;0.0625;random_723
3;0.2447600051492009;0.14314318544021434;0.145212789654177;0.2490712965086182;0.15598942420100342;0.01939091665609377;0.009623424332912491;0.032808958057779856;4026540160;44090656770;29327761760;29610352866;154;179;167;251;-7.772959051812842;0.078125;0.0625;random_723
4;0.22350086628715765;0.0027692807665022075;0.05262966994137647;0.43884178522662964;0.04310337257013177;0.00745609202988119;0.05762348469859703;0.17407544847972403;4026540160;44090656770;29058605408;29610352866;217;182;181;171;-7.776700004722556;0.09375;0.046875;random_723
5;0.22350086628715765;0.0027692807665022075;0.05262966994137647;0.43884178522662964;0.04310337257013177;0.00745609202988119;0.05762348469859703;0.17407544847972403;4026540160;44090656770;29058605408;29610352866;217;182;181;171;-7.807504829378304;0.109375;0.03125;random_723
6;0.22350086628715765;0.0027692807665022075;0.05262966994137647;0.43884178522662964;0.04310337257013177;0.00745609202988119;0.05762348469859703;0.17407544847972403;4026540160;44090656770;29058605408;29610352866;217;182;181;171;-7.807504829378304;0.09375;;random_723
0;0.09588863625588526;0.27607090659494726;0.24235044231673605;0.08224646857782016;0.05837700023330638;0.103396803077652;0.09565632170244738;0.04601342124120561;10200686786;2147483680;29610352866;35433613312;194;56;323;178;;;;random_724
1;0.22107123085086694;0.22922609550858808;0.17741594901140437;0.10473344525015392;0.14267972738566126;0.07627816326680892;0.0374398327523024;0.0111555559742142;10200686786;2147483680;29610352866;35433613312;177;52;352;170;-7.766240419243242;0.09375;0.03125;random_724
2;0.25684487657698163;0.18643343408575858;0.24010566523059823;0.1103239077637261;0.0831136870096076;0.0982825872285148;0.02007800805396056;0.004817834050852553;10200686786;2147483680;29610352866;35433613312;170;54;369;158;-7.783077571737124;0.078125;0.046875;random_724
3;0.354114745819525;0.022965792650927252;0.0318734824032819;0.2604879263896492;0.13256127796946085;0.16784233151635344;0.015165306437825772;0.014989136812976743;27384742082;2147483680;29610352866;1073872896;285;73;256;137;-7.7903306953961255;0.09375;0.046875;random_724
4;0.2380546354771868;0.11173900989189237;0.026105787627590093;0.2538020055267487;0.04185444016434565;0.24887557479368702;0.006384928033296779;0.07318361848525257;27384742082;2147483680;29610352866;1073872896;286;78;252;135;-7.845653773172351;0.09375;0.046875;random_724
5;0.2380546354771868;0.11173900989189237;0.026105787627590093;0.2538020055267487;0.04185444016434565;0.24887557479368702;0.006384928033296779;0.07318361848525257;27384742082;2147483680;29610352866;1073872896;286;78;252;135;-7.844969166211883;0.09375;;random_724
0;0.15436700121043134;0.1461690828293905;0.14406454807758287;0.07504397430032209;0.13002690532925149;0.059341671221356786;0.141718563893609;0.1492682531380559;2684354720;46802282550;26915008834;18257936384;104;263;193;191;;;;random_725
1;0.40072647367377445;0.00310362567010429;0.0033302005369709063;0.3927380356007213;0.046225443549343416;0.03708592971439797;0.06602574663090753;0.05076454462378014;2684354720;63944488370;27395236032;18257936384;98;259;170;224;-7.744695228009533;0.078125;0.046875;random_725
2;0.22350086628715765;0.0027692807665022075;0.05262966994137647;0.43884178522662964;0.04310337257013177;0.00745609202988119;0.05762348469859703;0.17407544847972403;2684354720;46506575906;27395236032;18257936384;96;207;224;224;-7.882689426997026;0.09375;0.03125;random_725
3;0.22350086628715765;0.0027692807665022075;0.05262966994137647;0.43884178522662964;0.04310337257013177;0.00745609202988119;0.05762348469859703;0.17407544847972403;2684354720;46506575906;27395236032;18257936384;96;207;224;224;-7.888156417095052;0.078125;0.046875;random_725
4;0.22350086628715765;0.0027692807665022075;0.05262966994137647;0.43884178522662964;0.04310337257013177;0.00745609202988119;0.05762348469859703;0.17407544847972403;2684354720;46506575906;27395236032;18257936384;96;207;224;224;-7.888156417095052;0.09375;;random_725
0;0.1443194867338335;0.12766826533554088;0.14281788546442636;0.06384113148457195;0.02462753017370219;0.10373416751787175;0.21021226703635326;0.18277926625370028;536871040;42949675010;29534331042;18794684544;47;109;436;159;;;;random_726
1;0.3654385366671609;0.13866785552606806;0.0018778672905659368;0.16532125704780357;0.137943764862944;0.06497480183749599;0.08000235854611207;0.045773558221849565;536871040;44090656770;29610352866;18257944576;52;200;335;164;-7.71454845260824;0.09375;0.03125;random_726
2;0.2366789100818342;0.1819432033667347;0.02595492144120827;0.25233527557337193;0.12282527776671816;0.1402530047885955;0.006348029328823759;0.033661377652713445;1610752128;44090656770;29610352866;1073872896;104;186;371;90;-7.79089097583379;0.09375;0.046875;random_726
3;0.23305217935049427;0.24520217241991435;0.013850355910538516;0.23175226723291628;0.10393040132183767;0.15078164055193224;0.014373299585556198;0.007057683626810569;1610752128;61271845122;29610352866;1073872896;99;226;338;88;-7.821825730633478;0.078125;0.03125;random_726
4;0.2366789100818342;0.1819432033667347;0.02595492144120827;0.25233527557337193;0.12282527776671816;0.1402530047885955;0.006348029328823759;0.033661377652713445;1610752128;61274851586;29610352866;1073872896;102;214;346;89;-7.820947603625175;0.078125;0.046875;random_726
5;0.23305217935049427;0.24520217241991435;0.013850355910538516;0.23175226723291628;0.10393040132183767;0.15078164055193224;0.014373299585556198;0.007057683626810569;1610752128;61271845122;29610352866;1073872896;99;226;338;88;-7.823327866087703;0.078125;0.0625;random_726
6;0.2366789100818342;0.1819432033667347;0.02595492144120827;0.25233527557337193;0.12282527776671816;0.1402530047885955;0.006348029328823759;0.033661377652713445;1610752128;61274851586;29610352866;1073872896;102;215;345;89;-7.820947603625175;0.078125;0.046875;random_726
7;0.23305217935049427;0.24520217241991435;0.013850355910538516;0.23175226723291628;0.10393040132183767;0.15078164055193224;0.014373299585556198;0.007057683626810569;1610752128;61271845122;29610352866;1073872896;99;226;338;88;-7.823487090324502;0.078125;;random_726
0;0.24336008895299574;0.13066110246199086;0.035966014055982494;0.15125490419379786;0.011428949977580906;0.12469922453536682;0.05829279964702421;0.2443369161752611;536870916;44090656770;29542588512;18794807424;18;209;305;219;;;;random_727
1;0.2380546354771868;0.11173900989189237;0.026105787627590093;0.2538020055267487;0.04185444016434565;0.24887557479368702;0.006384928033296779;0.07318361848525257;1073872896;61274851586;29532451296;1610752128;90;221;327;113;-7.719086565300022;0.09375;0.046875;random_727
2;0.2380546354771868;0.11173900989189237;0.026105787627590093;0.2538020055267487;0.04185444016434565;0.24887557479368702;0.006384928033296779;0.07318361848525257;1073872896;61274851586;29532451296;1610752128;90;221;327;113;-7.833371861498573;0.09375;0.046875;random_727
3;0.2380546354771868;0.11173900989189237;0.026105787627590093;0.2538020055267487;0.04185444016434565;0.24887557479368702;0.006384928033296779;0.07318361848525257;1073872896;61274851586;29532451296;1610752128;90;221;327;113;-7.833371861498573;0.09375;;random_727
0;0.03485425371690741;0.12831504299599575;0.10411939004028549;0.22854418885639738;0.15183147066256988;0.1284008017771161;0.16117705977729455;0.06275779217343341;1610752128;63355365730;2415919104;9663819778;167;377;53;154;;;;random_728
1;0.34884434049438995;0.00273272513097807;0.06775407423558436;0.38042746609519695;0.011189118644623321;0.09961849730817919;0.034426194101241654;0.05500758398980671;1610752128;63988251895;2415919136;9663815682;224;323;63;141;-7.802874925875698;0.09375;0.046875;random_728
2;0.37340059868882525;0.034454710893647704;0.021988553198505963;0.4433429767374552;0.03507017768372346;0.0141831083682436;0.0738558143111319;0.0037040601184669896;18811592704;64162527712;2415919136;27468636162;291;205;53;202;-7.8981357484631705;0.09375;0.046875;random_728
3;0.22350086628715765;0.0027692807665022075;0.05262966994137647;0.43884178522662964;0.04310337257013177;0.00745609202988119;0.05762348469859703;0.17407544847972403;18257944576;64229881568;2415919136;9663815682;222;293;51;185;-7.904877396295673;0.09375;0.0625;random_728
4;0.22350086628715765;0.0027692807665022075;0.05262966994137647;0.43884178522662964;0.04310337257013177;0.00745609202988119;0.05762348469859703;0.17407544847972403;18257944576;64229881568;2415919136;9663815682;222;293;51;185;-7.8836799157294895;0.09375;0.046875;random_728
5;0.22350086628715765;0.0027692807665022075;0.05262966994137647;0.43884178522662964;0.04310337257013177;0.00745609202988119;0.05762348469859703;0.17407544847972403;18257944576;64229881568;2415919136;9663815682;222;293;51;185;-7.8836799157294895;0.09375;;random_728
0;0.21279932900207582;0.14286556329586714;0.04445415258510429;0.32304504687680535;0.14725632450478945;0.11383581144201733;0.00023248567429819705;0.015511286619042493;1610752128;2147483680;61744482434;1073872896;115;122;406;108;;;;random_729
1;0.2380546354771868;0.11173900989189237;0.026105787627590093;0.2538020055267487;0.04185444016434565;0.24887557479368702;0.006384928033296779;0.07318361848525257;1610752128;2147483680;61744482434;1073872896;117;165;358;111;-7.830832325385742;0.09375;0.046875;random_729
2;0.2380546354771868;0.11173900989189237;0.026105787627590093;0.2538020055267487;0.04185444016434565;0.24887557479368702;0.006384928033296779;0.07318361848525257;1610752128;2147483680;61744482434;1073872896;117;165;358;111;-7.835492248093588;0.078125;;random_729
0;0.19080243764535515;0.06777714799373964;0.010853034126505018;0.01642228783644468;0.01673302291676887;0.24868173190354503;0.20269795491737835;0.2460323826602633;2415919104;8589934594;29528301986;34359740416;95;59;528;69;;;;random_73
1;0.24070164819360992;0.08527156618287526;0.0332815197073038;0.020242433069674617;0.2992405889962803;0.27464667099242235;0.02965441055903369;0.016961162298800042;3489800192;9730924610;29610352866;35433613312;109;214;303;125;-7.774466715319887;0.078125;0.0625;random_73
2;0.16786832599579354;0.2657009403497691;0.03528790422378044;0.0346154285144476;0.09825747519784098;0.30876257311231925;0.05671811068321631;0.03278924192283273;2415919104;9730924610;29610352866;35433613312;100;235;278;138;-7.837765504875368;0.09375;0.046875;random_73
3;0.12961102506719674;0.2121446348816462;0.009650034826341298;0.011627904301703115;0.228667349850816;0.2936266473663647;0.10472314378615677;0.009949259919775369;2415919104;9663815682;29632917990;52617676800;106;223;254;168;-7.84116818792446;0.109375;0.046875;random_73
4;0.08020312214282933;0.28317853320546726;0.03688824525264534;0.02472112386774247;0.2356989350538666;0.27100241208790804;0.0654684994975424;0.002839128891998634;2415919104;9663815682;29540626790;52617676800;95;226;250;180;-7.839177784282683;0.078125;0.0625;random_73
5;0.12961102506719674;0.2121446348816462;0.009650034826341298;0.011627904301703115;0.228667349850816;0.2936266473663647;0.10472314378615677;0.009949259919775369;2415919104;9663815682;29632917990;52617676800;105;222;256;168;-7.83849346318226;0.09375;0.046875;random_73
6;0.08020312214282933;0.28317853320546726;0.03688824525264534;0.02472112386774247;0.2356989350538666;0.27100241208790804;0.0654684994975424;0.002839128891998634;2415919104;9663815682;29540626790;52617676800;95;226;250;180;-7.838546898330411;0.09375;0.03125;random_73
7;0.12961102506719674;0.2121446348816462;0.009650034826341298;0.011627904301703115;0.228667349850816;0.2936266473663647;0.10472314378615677;0.009949259919775369;2415919104;9663815682;29632917990;52617676800;105;222;256;168;-7.83849346318226;0.09375;;random_73
0;0.07113016783639335;0.09307150823350366;0.19745942627582372;0.10406558230574578;0.22496800773733336;0.1658373962949692;0.09901306626735255;0.0444548450488783;2415919104;50466031650;29610352866;1073881088;69;157;391;134;;;;random_730
1;0.2380546354771868;0.11173900989189237;0.026105787627590093;0.2538020055267487;0.04185444016434565;0.24887557479368702;0.006384928033296779;0.07318361848525257;2415919104;44090656770;29610352866;1073881088;70;179;358;144;-7.768648913246251;0.078125;0.03125;random_730
2;0.20642446111882667;0.03247375426306101;0.008323848523663028;0.2607266687233741;0.10171287090797551;0.31275183634833637;0.0006962130348169285;0.07689034707994648;2415919104;44090656770;29565784290;1073881088;84;159;336;172;-7.851099297758951;0.078125;0.046875;random_730
3;0.1536894198364882;0.002031259805225586;0.015509271266870073;0.24031944545001954;0.08378739188450274;0.3347126832399806;0.042266667114845044;0.12768386140206808;2415919104;44090656770;29565784290;1073881088;98;138;339;176;-7.847482670748459;0.109375;0.03125;random_730
4;0.1630698429893746;0.00407268318921882;0.09797735637200568;0.2025790815233156;0.07132255533094715;0.3329994162083449;0.0012882034078602433;0.12669086097893295;3489800192;44090656770;29610352866;1073872896;102;140;372;137;-7.846846156902229;0.09375;0.046875;random_730
5;0.1630698429893746;0.00407268318921882;0.09797735637200568;0.2025790815233156;0.07132255533094715;0.3329994162083449;0.0012882034078602433;0.12669086097893295;3489800192;44090656770;29610352866;1073872896;102;140;372;137;-7.845462033926394;0.078125;0.046875;random_730
6;0.1630698429893746;0.00407268318921882;0.09797735637200568;0.2025790815233156;0.07132255533094715;0.3329994162083449;0.0012882034078602433;0.12669086097893295;3489800192;44090656770;29610352866;1073872896;102;140;372;137;-7.845462033926394;0.078125;;random_730
0;0.0005702498053186697;0.15953654933776698;0.16936657942266983;0.15153168936482275;0.33413730776005396;0.039791155619811246;0.04784761504617781;0.09721885364337869;34359740416;29610352866;19595788544;1610752128;110;443;87;111;;;;random_731
1;0.2983234927792487;0.3022027879274818;0.2349852145105908;0.06709977839387243;0.05456538831513386;0.0015888843995392134;0.0050560822152894225;0.03617837145884372;35500730368;29610352866;19327353120;1610752128;169;344;76;162;-7.743318354649747;0.078125;0.046875;random_731
2;0.20168713923225656;0.27286546576467435;0.26615390985529863;0.02013765581622535;0.13908568214836167;0.04462867872501112;0.014317839458420339;0.04112362899975202;35433613312;29610352866;19327353120;1610752128;163;309;98;181;-7.777185194854571;0.09375;0.046875;random_731
3;0.27312487089561016;0.2465676759730607;0.1691467042554114;0.09143552154225555;0.12368346169709322;0.08453328931606292;0.0001589840265480232;0.011349492293958013;35433613312;29610352866;2147483680;1610752128;148;410;42;151;-7.772866255550632;0.078125;0.046875;random_731
4;0.3213706583755633;0.11903814318268968;0.017556143254973008;0.27872367736218245;0.15140872368796396;0.0725830103446137;0.006198745360259357;0.03312089843175478;35433613312;29610352866;2147483680;1610752128;110;426;50;165;-7.815844878158086;0.078125;0.046875;random_731
5;0.2366789100818342;0.1819432033667347;0.02595492144120827;0.25233527557337193;0.12282527776671816;0.1402530047885955;0.006348029328823759;0.033661377652713445;35433613312;29610352866;2147483680;1073881088;132;424;61;134;-7.855499618555826;0.078125;0.046875;random_731
6;0.2500791569798219;0.2354027773027801;0.014862273932091507;0.2486842722487812;0.05416282486031248;0.14072914265149306;0.02574566700541392;0.030333885019305878;35433613312;29610352866;2147483680;1073881088;147;410;57;137;-7.8511574801110315;0.078125;0.046875;random_731
7;0.2500791569798219;0.2354027773027801;0.014862273932091507;0.2486842722487812;0.05416282486031248;0.14072914265149306;0.02574566700541392;0.030333885019305878;35433613312;29610352866;2147483680;1073881088;147;410;57;137;-7.854293415569842;0.078125;;random_731
0;0.11860412632816304;0.16758695882891006;0.20862648559156077;0.0616634864211745;0.02950470225209878;0.11756102041229771;0.06916611664399899;0.227287103521796;536871040;29610352866;2415919104;35433613312;93;441;39;178;;;;random_732
1;0.23600051012456613;0.11367959052656423;0.14952044340200032;0.016973767159702356;0.11861226370566873;0.09175083388420201;0.013293864970431292;0.2601687262268649;1610752128;29609828386;2415919104;1073872896;176;397;55;123;-7.770301707455137;0.078125;0.046875;random_732
2;0.2141875990279326;0.14140163163174538;0.04634367787947426;0.10831711571244376;0.05335031274434084;0.00656554995798805;0.03182409513900542;0.3980100179070696;1610752128;64163117378;2415919136;1073872896;183;372;49;147;-7.7973046381364295;0.09375;0.03125;random_732
3;0.28285602862283515;0.2537776207989907;0.0451233842292053;0.02450298610495382;0.05022252087045374;0.006392669873997028;0.004814088301972496;0.3323107011975916;1610752128;64163117378;2415919136;1073872896;188;358;65;140;-7.83845647426124;0.078125;0.046875;random_732
4;0.3076469953297204;0.09220441931162156;0.012594904878318753;0.09049487347217217;0.17444898553748314;0.048363992212911135;0.0031122340942089;0.27113359516356395;1610752128;64163117378;2147483680;1073872896;178;375;65;133;-7.830757497264006;0.078125;0.046875;random_732
5;0.28285602862283515;0.2537776207989907;0.0451233842292053;0.02450298610495382;0.05022252087045374;0.006392669873997028;0.004814088301972496;0.3323107011975916;1610752128;64163117378;2147483680;1073872896;188;357;66;140;-7.838093287538329;0.09375;0.046875;random_732
6;0.2513448966457677;0.08915769942608719;0.016629634072666266;0.1181371434798492;0.2008391403663697;0.12327716479800704;0.007096098510675712;0.19351822270057709;1610752128;64163117378;2147483680;1073872896;163;382;84;122;-7.806852670832182;0.078125;0.0625;random_732
7;0.2513448966457677;0.08915769942608719;0.016629634072666266;0.1181371434798492;0.2008391403663697;0.12327716479800704;0.007096098510675712;0.19351822270057709;1610752128;64163117378;2147483680;1073872896;163;382;84;122;-7.807805306963473;0.078125;;random_732
0;0.00991408625356246;0.047500764669310434;0.1875094221712208;0.09614304847156785;0.13990276408096297;0.2029103865124333;0.1659368079917027;0.1501827198492396;536871040;29610352866;2415919104;35433613312;56;478;82;135;;;;random_733
1;0.29513442005183466;0.02707243946231567;0.07605640429220996;0.1054815297343189;0.027612328356812533;0.3223962065984231;0.008452055351736893;0.13779461615234825;1610752128;29610352866;2415919104;1073872896;151;370;97;133;-7.760144044701713;0.078125;0.0625;random_733
2;0.1630698429893746;0.00407268318921882;0.09797735637200568;0.2025790815233156;0.07132255533094715;0.3329994162083449;0.0012882034078602433;0.12669086097893295;1610752128;29610352866;3489800192;1073872896;134;397;101;119;-7.825179957419964;0.078125;0.0625;random_733
3;0.1630698429893746;0.00407268318921882;0.09797735637200568;0.2025790815233156;0.07132255533094715;0.3329994162083449;0.0012882034078602433;0.12669086097893295;1610752128;29610352866;3489800192;1073872896;133;399;100;119;-7.83730789124835;0.09375;0.046875;random_733
4;0.1630698429893746;0.00407268318921882;0.09797735637200568;0.2025790815233156;0.07132255533094715;0.3329994162083449;0.0012882034078602433;0.12669086097893295;1610752128;29610352866;3489800192;1073872896;133;399;100;119;-7.836595514474449;0.09375;;random_733
0;0.14945349073546102;0.014082216716394185;0.021437276409050868;0.13317272316507123;0.08063026470244763;0.21825726361047823;0.17988574802809476;0.20308101663300193;536870928;42949675010;63355365730;18794832000;43;89;342;277;;;;random_734
1;0.1630698429893746;0.00407268318921882;0.09797735637200568;0.2025790815233156;0.07132255533094715;0.3329994162083449;0.0012882034078602433;0.12669086097893295;1073872896;44090656770;29610352866;1610752128;106;150;372;123;-7.739585711020999;0.09375;0.046875;random_734
2;0.29733882025190816;0.006585438005213238;0.09639513903075424;0.2184823345993384;0.06785395966563444;0.29924815921097253;0.009175559626182243;0.004920589609996752;1073872896;44090656770;29610352866;1610752128;102;162;363;124;-7.842945546409206;0.09375;0.03125;random_734
3;0.29733882025190816;0.006585438005213238;0.09639513903075424;0.2184823345993384;0.06785395966563444;0.29924815921097253;0.009175559626182243;0.004920589609996752;1073872896;44090656770;29610352866;1610752128;102;162;363;124;-7.849687072973529;0.09375;;random_734
0;0.05843877820656395;0.20230416158127312;0.009027443084105188;0.2380584913682743;0.013672485659947877;0.2182847516020304;0.06877063875392624;0.19144324974387886;536871040;29610352866;1073872896;44090656770;65;395;102;189;;;;random_735
1;0.2380546354771868;0.11173900989189237;0.026105787627590093;0.2538020055267487;0.04185444016434565;0.24887557479368702;0.006384928033296779;0.07318361848525257;1610752128;29610352866;1073872896;44090656770;113;376;88;174;-7.787887463988075;0.09375;0.046875;random_735
2;0.2380546354771868;0.11173900989189237;0.026105787627590093;0.2538020055267487;0.04185444016434565;0.24887557479368702;0.006384928033296779;0.07318361848525257;1610752128;29610352866;1073872896;44090656770;113;376;88;174;-7.829464519816589;0.078125;0.03125;random_735
3;0.2380546354771868;0.11173900989189237;0.026105787627590093;0.2538020055267487;0.04185444016434565;0.24887557479368702;0.006384928033296779;0.07318361848525257;1610752128;29610352866;1073872896;44090656770;113;376;88;174;-7.829464519816589;0.09375;;random_735
0;0.0986484001897557;0.00800798711618783;0.24504831876153182;0.16037524028850839;0.25887952587742347;0.020119148514825474;0.1895236110474783;0.01939776820428905;1610752128;68189404707;18325057792;46802282550;146;175;212;218;;;;random_736
1;0.2701097558780146;0.022181825770830665;0.21144351194630115;0.15453961427809673;0.18687183966512502;0.038648569260185534;0.05143994453430501;0.06476493866714124;1073872896;29602427378;18257944576;46506575906;115;315;162;159;-7.736164639059858;0.078125;0.046875;random_736
2;0.3114339044952291;0.12936049714476824;0.0442786732718962;0.3664860621227759;0.059610964092349575;0.011724357455235737;0.07404360860745786;0.003061932810287608;1073872896;29540626790;18811592704;46506575906;71;262;233;185;-7.789063226083705;0.078125;0.03125;random_736
3;0.22350086628715765;0.0027692807665022075;0.05262966994137647;0.43884178522662964;0.04310337257013177;0.00745609202988119;0.05762348469859703;0.17407544847972403;1073872896;64162527712;18794684544;46506575906;118;216;207;210;-7.863599368761065;0.09375;0.046875;random_736
4;0.22350086628715765;0.0027692807665022075;0.05262966994137647;0.43884178522662964;0.04310337257013177;0.00745609202988119;0.05762348469859703;0.17407544847972403;1073872896;64162527712;18794684544;46506575906;118;216;207;210;-7.88388002067079;0.09375;0.046875;random_736
5;0.22350086628715765;0.0027692807665022075;0.05262966994137647;0.43884178522662964;0.04310337257013177;0.00745609202988119;0.05762348469859703;0.17407544847972403;1073872896;64162527712;18794684544;46506575906;118;216;207;210;-7.88388002067079;0.078125;;random_736
0;0.04847801573016584;0.2643557819239026;0.077065048751253;0.031451038286267385;0.04779107709251735;0.04766418973797957;0.28437781026265807;0.19881703821525615;536871040;29609828386;8589934594;1073872896;106;436;43;166;;;;random_737
1;0.24435323789341457;0.014947490991851399;0.0012556501483636621;0.12440519985275696;0.06265002426320077;0.10621618020717995;0.23303802013023345;0.2131341965129994;34896611456;29610352866;8589934594;1073872896;77;440;66;168;-7.739803109145526;0.078125;0.046875;random_737
2;0.22350086628715765;0.0027692807665022075;0.05262966994137647;0.43884178522662964;0.04310337257013177;0.00745609202988119;0.05762348469859703;0.17407544847972403;34896611456;29610352866;9663807490;1073872896;97;341;153;160;-7.766640338816307;0.078125;0.046875;random_737
3;0.22350086628715765;0.0027692807665022075;0.05262966994137647;0.43884178522662964;0.04310337257013177;0.00745609202988119;0.05762348469859703;0.17407544847972403;34896611456;29610352866;9663807490;1073872896;97;340;153;161;-7.863545061849031;0.09375;0.046875;random_737
4;0.22350086628715765;0.0027692807665022075;0.05262966994137647;0.43884178522662964;0.04310337257013177;0.00745609202988119;0.05762348469859703;0.17407544847972403;34896611456;29610352866;9663807490;1073872896;97;340;153;161;-7.863806390333867;0.078125;;random_737
0;0.153422852093745;0.04980543461222492;0.12127862128032699;0.17405582973938566;0.10339001129628028;0.16860057713023968;0.042220277324658155;0.18722639652313924;1073881088;44561336450;29610352866;11811291170;129;152;337;133;;;;random_738
1;0.32429386405129795;0.004157040430867142;0.0014156520110912357;0.10095164322477827;0.02919755662595877;0.35921252053944347;0.04187065942688594;0.13890106368967722;1073881088;61744482434;29610352866;2147483680;139;306;245;61;-7.777410811981538;0.09375;0.046875;random_738
2;0.27079720099530913;0.014614058233526014;0.007975375190218821;0.02060147033618875;0.3391334135243762;0.2934956762104928;0.04980239195471673;0.0035804135551717195;1073881088;61746587650;29540626790;2147483680;148;304;250;49;-7.842336068138289;0.09375;0.046875;random_738
3;0.2642177348272221;0.1561322503065899;0.034257331827647695;0.1647989752610174;0.0631296223813709;0.26126611643791275;0.0007830390790511502;0.05541492987918809;1073881088;61744482434;29610352866;2147483680;143;246;301;61;-7.822601174611105;0.078125;0.03125;random_738
4;0.34884434049438995;0.00273272513097807;0.06775407423558436;0.38042746609519695;0.011189118644623321;0.09961849730817919;0.034426194101241654;0.05500758398980671;1073881088;61744482434;29532451296;2147483680;149;293;237;72;-7.820916843133709;0.078125;0.046875;random_738
5;0.22350086628715765;0.0027692807665022075;0.05262966994137647;0.43884178522662964;0.04310337257013177;0.00745609202988119;0.05762348469859703;0.17407544847972403;1073881088;61744482434;29532451296;2147483680;192;268;254;37;-7.833622151568766;0.078125;0.046875;random_738
6;0.22350086628715765;0.0027692807665022075;0.05262966994137647;0.43884178522662964;0.04310337257013177;0.00745609202988119;0.05762348469859703;0.17407544847972403;1073881088;61744482434;29532451296;2147483680;192;268;254;37;-7.841821877340999;0.09375;;random_738
0;0.029547485501060955;0.28219520596081127;0.07479103919644296;0.04333830879978655;0.20726935378198563;0.11754195994333501;0.08250344735153903;0.16281319946503878;536871040;29610352866;8589934594;1073872896;102;458;57;134;;;;random_739
1;0.2141875990279326;0.14140163163174538;0.04634367787947426;0.10831711571244376;0.05335031274434084;0.00656554995798805;0.03182409513900542;0.3980100179070696;1610752128;29542588512;9663815682;1073872896;188;275;152;136;-7.765581878853838;0.078125;0.0625;random_739
2;0.22350086628715765;0.0027692807665022075;0.05262966994137647;0.43884178522662964;0.04310337257013177;0.00745609202988119;0.05762348469859703;0.17407544847972403;1610752128;64229881568;9663815682;1073872896;145;284;185;137;-7.817191545569165;0.09375;0.046875;random_739
3;0.22350086628715765;0.0027692807665022075;0.05262966994137647;0.43884178522662964;0.04310337257013177;0.00745609202988119;0.05762348469859703;0.17407544847972403;1610752128;64229881568;9663815682;1073872896;145;284;185;137;-7.894462095249555;0.09375;0.03125;random_739
4;0.22350086628715765;0.0027692807665022075;0.05262966994137647;0.43884178522662964;0.04310337257013177;0.00745609202988119;0.05762348469859703;0.17407544847972403;1610752128;64229881568;9663815682;1073872896;145;284;185;137;-7.894462095249555;0.078125;;random_739
0;0.14326902583694057;0.11267127767965589;0.06485114655419091;0.21257930392829616;0.07715111261700669;0.10025451953244863;0.08057128001827044;0.2086523338331909;536871040;29610352866;2415919104;1073872896;76;499;50;126;;;;random_74
1;0.22350086628715765;0.0027692807665022075;0.05262966994137647;0.43884178522662964;0.04310337257013177;0.00745609202988119;0.05762348469859703;0.17407544847972403;1610752128;29610352866;2415919136;1073872896;155;431;46;119;-7.808952210053041;0.09375;0.03125;random_74
2;0.22350086628715765;0.0027692807665022075;0.05262966994137647;0.43884178522662964;0.04310337257013177;0.00745609202988119;0.05762348469859703;0.17407544847972403;1610752128;29610352866;2415919136;1073872896;155;432;46;118;-7.872818554810086;0.078125;0.03125;random_74
3;0.22350086628715765;0.0027692807665022075;0.05262966994137647;0.43884178522662964;0.04310337257013177;0.00745609202988119;0.05762348469859703;0.17407544847972403;1610752128;29610352866;2415919136;1073872896;155;432;46;118;-7.872377247269405;0.078125;;random_74
0;0.2008145143514801;0.12853913563690983;0.056602899695386934;0.20030269024873962;0.0567174279875551;0.1462093840957278;0.05350051050842666;0.15731343747577395;1610752128;44090656770;29610352866;1073872896;121;180;357;93;;;;random_740
1;0.2380546354771868;0.11173900989189237;0.026105787627590093;0.2538020055267487;0.04185444016434565;0.24887557479368702;0.006384928033296779;0.07318361848525257;1610752128;44090656770;29610352866;1073872896;113;174;376;88;-7.803358207588035;0.078125;0.046875;random_740
2;0.2380546354771868;0.11173900989189237;0.026105787627590093;0.2538020055267487;0.04185444016434565;0.24887557479368702;0.006384928033296779;0.07318361848525257;1610752128;44090656770;29610352866;1073872896;113;174;376;88;-7.829464519816589;0.078125;;random_740
0;0.15457427894314443;0.13746573397781292;0.11014765987853552;0.058289203670505635;0.14627965564345655;0.20986797163582266;0.007514178720703659;0.17586131753001866;1073881088;44090656770;29610352866;18794807424;75;175;323;178;;;;random_741
1;0.2380546354771868;0.11173900989189237;0.026105787627590093;0.2538020055267487;0.04185444016434565;0.24887557479368702;0.006384928033296779;0.07318361848525257;1073872896;44090656770;29610352866;18794807424;48;169;353;181;-7.80622411379849;0.078125;0.046875;random_741
2;0.20642446111882667;0.03247375426306101;0.008323848523663028;0.2607266687233741;0.10171287090797551;0.31275183634833637;0.0006962130348169285;0.07689034707994648;1073872896;44090656770;29610352866;18794807424;78;149;348;176;-7.847094131016482;0.09375;0.046875;random_741
3;0.29733882025190816;0.006585438005213238;0.09639513903075424;0.2184823345993384;0.06785395966563444;0.29924815921097253;0.009175559626182243;0.004920589609996752;1073872896;44090656770;29602427378;18794807424;58;152;341;200;-7.849247587330228;0.078125;0.0625;random_741
4;0.1630698429893746;0.00407268318921882;0.09797735637200568;0.2025790815233156;0.07132255533094715;0.3329994162083449;0.0012882034078602433;0.12669086097893295;1073872896;9663815682;29602427378;18794807424;103;140;334;174;-7.839719152702429;0.09375;0.046875;random_741
5;0.1630698429893746;0.00407268318921882;0.09797735637200568;0.2025790815233156;0.07132255533094715;0.3329994162083449;0.0012882034078602433;0.12669086097893295;1073872896;9663815682;29602427378;18794807424;103;140;334;174;-7.831601621851352;0.078125;0.046875;random_741
6;0.1630698429893746;0.00407268318921882;0.09797735637200568;0.2025790815233156;0.07132255533094715;0.3329994162083449;0.0012882034078602433;0.12669086097893295;1073872896;9663815682;29602427378;18794807424;103;140;334;174;-7.831601621851352;0.09375;;random_741
0;0.2637709155743695;0.1849220222259408;0.07746873366574873;0.10536029539655038;0.2244662743643853;0.10996089660632742;0.002420058231693442;0.03163080393498448;1610752128;2147483680;61744482434;1073872896;127;121;393;110;;;;random_742
1;0.2380546354771868;0.11173900989189237;0.026105787627590093;0.2538020055267487;0.04185444016434565;0.24887557479368702;0.006384928033296779;0.07318361848525257;1610752128;2147483680;61744482434;1073872896;117;165;358;111;-7.809187476055059;0.09375;0.03125;random_742
2;0.2380546354771868;0.11173900989189237;0.026105787627590093;0.2538020055267487;0.04185444016434565;0.24887557479368702;0.006384928033296779;0.07318361848525257;1610752128;2147483680;61744482434;1073872896;117;165;358;111;-7.835492248093588;0.078125;;random_742
0;0.06978545684313461;0.09615721154763279;0.08910259430979559;0.1972273566044883;0.054192305371881945;0.10034998611822668;0.19913479384843183;0.1940502953564084;34359740416;29610352866;2415919104;1610752128;51;467;39;194;;;;random_743
1;0.2380546354771868;0.11173900989189237;0.026105787627590093;0.2538020055267487;0.04185444016434565;0.24887557479368702;0.006384928033296779;0.07318361848525257;35433613312;29610352866;2415919104;1073881088;95;452;78;126;-7.773406666334756;0.078125;0.03125;random_743
2;0.20351755227612883;0.11702777632732324;0.07684897614325388;0.15060676575082368;0.06044924340346322;0.37948267454670465;0.011261351265992668;0.0008056602863097856;35433613312;29610352866;3489800192;1073881088;118;366;111;156;-7.83930818753549;0.078125;0.046875;random_743
3;0.2380546354771868;0.11173900989189237;0.026105787627590093;0.2538020055267487;0.04185444016434565;0.24887557479368702;0.006384928033296779;0.07318361848525257;35433613312;29610352866;3489800192;1073881088;94;439;92;126;-7.828170972157211;0.09375;0.046875;random_743
4;0.20351755227612883;0.11702777632732324;0.07684897614325388;0.15060676575082368;0.06044924340346322;0.37948267454670465;0.011261351265992668;0.0008056602863097856;35433613312;29610352866;3489800192;1073881088;118;366;111;156;-7.841780827439727;0.09375;0.03125;random_743
5;0.2380546354771868;0.11173900989189237;0.026105787627590093;0.2538020055267487;0.04185444016434565;0.24887557479368702;0.006384928033296779;0.07318361848525257;35433613312;29610352866;3489800192;1073881088;94;439;92;126;-7.828170972157211;0.078125;0.03125;random_743
6;0.20351755227612883;0.11702777632732324;0.07684897614325388;0.15060676575082368;0.06044924340346322;0.37948267454670465;0.011261351265992668;0.0008056602863097856;35433613312;29610352866;3489800192;1073881088;118;366;111;156;-7.841780827439727;0.078125;;random_743
0;0.07353120758234483;0.13044555143458597;0.05600622485514728;0.032282378120234205;0.19856466517870494;0.11447248307088578;0.1840522940684214;0.21064519568967555;536871040;29534331042;8589934594;3221356576;89;411;53;198;;;;random_744
1;0.2141875990279326;0.14140163163174538;0.04634367787947426;0.10831711571244376;0.05335031274434084;0.00656554995798805;0.03182409513900542;0.3980100179070696;1610752128;29609828386;9663819778;3489792032;188;235;154;174;-7.742993091659989;0.078125;0.046875;random_744
2;0.22350086628715765;0.0027692807665022075;0.05262966994137647;0.43884178522662964;0.04310337257013177;0.00745609202988119;0.05762348469859703;0.17407544847972403;1610752128;64229881568;9663815682;3489792032;133;251;185;182;-7.801252911815116;0.078125;0.03125;random_744
3;0.22350086628715765;0.0027692807665022075;0.05262966994137647;0.43884178522662964;0.04310337257013177;0.00745609202988119;0.05762348469859703;0.17407544847972403;1610752128;64229881568;9663815682;3489792032;133;251;185;182;-7.895631996406086;0.078125;0.0625;random_744
4;0.22350086628715765;0.0027692807665022075;0.05262966994137647;0.43884178522662964;0.04310337257013177;0.00745609202988119;0.05762348469859703;0.17407544847972403;1610752128;64229881568;9663815682;3489792032;133;251;185;182;-7.895631996406086;0.078125;;random_744
0;0.17251558010156917;0.26773131899592867;0.06677855924594646;0.25558509011223796;0.014601874740639873;0.008646618234306075;0.03095418343559514;0.18318677513377662;2684354720;61744482434;9730924610;1073872896;107;300;199;145;;;;random_745
1;0.2308093585983686;0.12859103137220315;0.012810719944813947;0.2926995990654124;0.00829441579153979;0.08442058700028815;0.0014980813812954942;0.2408762068460784;20950556832;61744482434;9730924610;1073872896;206;234;186;125;-7.809700522661557;0.078125;0.046875;random_745
2;0.22350086628715765;0.0027692807665022075;0.05262966994137647;0.43884178522662964;0.04310337257013177;0.00745609202988119;0.05762348469859703;0.17407544847972403;20950556832;61208149506;29058605408;1073872896;215;214;193;129;-7.822037764896604;0.078125;0.046875;random_745
3;0.22350086628715765;0.0027692807665022075;0.05262966994137647;0.43884178522662964;0.04310337257013177;0.00745609202988119;0.05762348469859703;0.17407544847972403;20950556832;61208149506;29058605408;1073872896;215;214;193;129;-7.908725879163452;0.078125;0.046875;random_745
4;0.22350086628715765;0.0027692807665022075;0.05262966994137647;0.43884178522662964;0.04310337257013177;0.00745609202988119;0.05762348469859703;0.17407544847972403;20950556832;61208149506;29058605408;1073872896;215;214;193;129;-7.908725879163452;0.078125;;random_745
0;0.18341642886812365;0.05607471014308133;0.05115694681307119;0.18311751868009649;0.33169826034805994;0.06320214000866864;0.08962698546199245;0.04170700967690635;536871040;2147483680;1073881088;29610352866;47;46;156;502;;;;random_746
1;0.26400356727738417;0.13972626508717423;0.03191848428753177;0.3958529056178151;0.08658313179424464;0.012663840306161888;0.06594451750872049;0.003307288120967658;536871040;2147483680;1073881088;29540626790;45;40;198;468;-7.8101433375852025;0.09375;0.03125;random_746
2;0.26400356727738417;0.13972626508717423;0.03191848428753177;0.3958529056178151;0.08658313179424464;0.012663840306161888;0.06594451750872049;0.003307288120967658;536871040;2147483680;1073881088;29540626790;45;40;198;468;-7.839098398635262;0.078125;0.046875;random_746
3;0.26400356727738417;0.13972626508717423;0.03191848428753177;0.3958529056178151;0.08658313179424464;0.012663840306161888;0.06594451750872049;0.003307288120967658;536871040;2147483680;1073881088;29540626790;45;40;198;468;-7.839098398635262;0.09375;;random_746
0;0.11855761400131071;0.18478845450082787;0.04745781998587213;0.09419603784008;0.18096919416101184;0.14122451868864605;0.10533503552953222;0.12747132529271932;2684354720;63665547266;29610352866;1073872896;74;231;317;129;;;;random_747
1;0.2380546354771868;0.11173900989189237;0.026105787627590093;0.2538020055267487;0.04185444016434565;0.24887557479368702;0.006384928033296779;0.07318361848525257;3758620832;63624054786;29610352866;1073881088;122;205;282;142;-7.759564800051209;0.078125;0.03125;random_747
2;0.1392255002173059;0.0821827009485524;0.05539495984100827;0.3940745820312848;0.14956232609575937;0.1586385207047434;0.0060157991482112875;0.014905611013134545;3758620832;63624054786;29532451296;1073881088;121;261;207;162;-7.83032198188348;0.09375;0.046875;random_747
3;0.2366789100818342;0.1819432033667347;0.02595492144120827;0.25233527557337193;0.12282527776671816;0.1402530047885955;0.006348029328823759;0.033661377652713445;3758620832;63624054786;29532451296;1073881088;147;260;221;123;-7.839079270691682;0.09375;0.046875;random_747
4;0.22350086628715765;0.0027692807665022075;0.05262966994137647;0.43884178522662964;0.04310337257013177;0.00745609202988119;0.05762348469859703;0.17407544847972403;4026540160;63624054786;29532451296;1073872896;182;243;202;124;-7.8231530638646625;0.078125;0.046875;random_747
5;0.22350086628715765;0.0027692807665022075;0.05262966994137647;0.43884178522662964;0.04310337257013177;0.00745609202988119;0.05762348469859703;0.17407544847972403;4026540160;63624054786;29532451296;1073872896;182;243;202;124;-7.887047658346222;0.078125;0.03125;random_747
6;0.22350086628715765;0.0027692807665022075;0.05262966994137647;0.43884178522662964;0.04310337257013177;0.00745609202988119;0.05762348469859703;0.17407544847972403;4026540160;63624054786;29532451296;1073872896;182;243;202;124;-7.887047658346222;0.09375;;random_747
0;0.19510493691632566;0.1944746127980638;0.12946949232600688;0.07514283332632736;0.05504037079995928;0.2452331673772579;0.01554953846973848;0.08998504798632048;1073881088;20401291296;20950556832;29800542402;142;106;214;289;;;;random_748
1;0.1630698429893746;0.00407268318921882;0.09797735637200568;0.2025790815233156;0.07132255533094715;0.3329994162083449;0.0012882034078602433;0.12669086097893295;1073872896;3221356576;20950556832;29800542402;144;84;210;313;-7.778791618479019;0.078125;0.03125;random_748
2;0.1630698429893746;0.00407268318921882;0.09797735637200568;0.2025790815233156;0.07132255533094715;0.3329994162083449;0.0012882034078602433;0.12669086097893295;1073872896;3221356576;20950556832;29800542402;144;84;210;313;-7.8048716830222515;0.078125;0.046875;random_748
3;0.1630698429893746;0.00407268318921882;0.09797735637200568;0.2025790815233156;0.07132255533094715;0.3329994162083449;0.0012882034078602433;0.12669086097893295;1073872896;3221356576;20950556832;29800542402;144;84;210;313;-7.8048716830222515;0.09375;;random_748
0;0.1978996507924581;0.17209394572381437;0.12424287018217545;0.02989296954954521;0.04001528455521376;0.19975596806145207;0.13871947247687277;0.09737983865846836;536871040;2147483680;26915008834;29803290626;74;124;293;260;;;;random_749
1;0.173774107802524;0.005944439597428946;0.1460460754256834;0.05636071752935284;0.15193135180814402;0.2964315205646726;0.0005845289065144723;0.16892725836567982;1610752128;3296862240;1073872896;29803290626;141;177;127;306;-7.785995733245265;0.09375;0.046875;random_749
2;0.08365946100027769;0.041121742231133386;0.09186568040930077;0.044696011818012756;0.21723168090227032;0.3311928691550277;0.0033295270512081624;0.18690302743276893;1610752128;3296862240;1073872896;29272178690;179;190;116;266;-7.838220350497629;0.078125;0.046875;random_749
3;0.08365946100027769;0.041121742231133386;0.09186568040930077;0.044696011818012756;0.21723168090227032;0.3311928691550277;0.0033295270512081624;0.18690302743276893;1610752128;3296862240;1073872896;29272178690;179;190;116;266;-7.848062884404984;0.078125;0.046875;random_749
4;0.08365946100027769;0.041121742231133386;0.09186568040930077;0.044696011818012756;0.21723168090227032;0.3311928691550277;0.0033295270512081624;0.18690302743276893;1610752128;3296862240;1073872896;29272178690;179;190;116;266;-7.848062884404984;0.078125;;random_749
0;0.06120822246988282;0.11494187628971357;0.23842503989920066;0.022150817187005643;0.2128077314761338;0.16738900536554013;0.09952647689821878;0.08355083041430476;2952790144;35433613312;28992213282;29534331042;111;157;178;305;;;;random_75
1;0.3247030476595943;0.07753300340864523;0.3306745640645552;0.00624785201217052;0.034773112103076584;0.1696584407314604;0.052042561309157805;0.004367418711339998;2952790144;1073872896;28992213282;29534331042;105;151;185;310;-7.75027754233701;0.078125;0.03125;random_75
2;0.18153155597111703;0.018499239378718394;0.29694500048040506;0.06215625728962643;0.3024017672827637;0.04651591436108697;0.008327125938963313;0.0836231392973191;2952790176;1073872896;28992213282;29610352866;110;141;178;322;-7.778410395762433;0.078125;0.046875;random_75
3;0.18153155597111703;0.018499239378718394;0.29694500048040506;0.06215625728962643;0.3024017672827637;0.04651591436108697;0.008327125938963313;0.0836231392973191;2952790176;1073872896;28992213282;29610352866;110;141;178;322;-7.781438097906428;0.078125;0.046875;random_75
4;0.18153155597111703;0.018499239378718394;0.29694500048040506;0.06215625728962643;0.3024017672827637;0.04651591436108697;0.008327125938963313;0.0836231392973191;2952790176;1073872896;28992213282;29610352866;110;141;178;322;-7.781380339058875;0.09375;;random_75
0;0.15483557421270971;0.1770997482383864;0.28218593715065066;0.2482649468205898;0.029118092223315354;0.06505761896584608;0.0291481292834395;0.014289953105062508;1073881088;2147483680;46707902626;18805301248;95;51;359;246;;;;random_750
1;0.3796675031332015;0.0012184788723521441;0.019944839638065114;0.34895085565124917;0.07893396296229276;0.03092004351045532;0.10244215611401292;0.0379221601183709;1073872896;2147483680;29632917990;18794832000;87;38;397;229;-7.812549715277716;0.078125;0.046875;random_750
2;0.22350086628715765;0.0027692807665022075;0.05262966994137647;0.43884178522662964;0.04310337257013177;0.00745609202988119;0.05762348469859703;0.17407544847972403;1073872896;2415919136;29610352866;18794832000;109;38;402;202;-7.8828157143884585;0.09375;0.046875;random_750
3;0.22350086628715765;0.0027692807665022075;0.05262966994137647;0.43884178522662964;0.04310337257013177;0.00745609202988119;0.05762348469859703;0.17407544847972403;1073872896;2415919136;29610352866;18794832000;109;38;402;202;-7.879818471958998;0.09375;0.03125;random_750
4;0.22350086628715765;0.0027692807665022075;0.05262966994137647;0.43884178522662964;0.04310337257013177;0.00745609202988119;0.05762348469859703;0.17407544847972403;1073872896;2415919136;29610352866;18794832000;109;38;402;202;-7.879818471958998;0.078125;;random_750
0;0.12810653472529077;0.14048029121130456;0.06870459024558294;0.15994078482694032;0.14256676275092275;0.14203640202717113;0.06061652444827068;0.1575481097645168;2684354720;46707902626;9730924610;1073881088;131;306;165;149;;;;random_751
1;0.2366789100818342;0.1819432033667347;0.02595492144120827;0.25233527557337193;0.12282527776671816;0.1402530047885955;0.006348029328823759;0.033661377652713445;2684354720;46707902626;9730924610;1073881088;112;277;195;167;-7.81766909255565;0.09375;0.03125;random_751
2;0.2500791569798219;0.2354027773027801;0.014862273932091507;0.2486842722487812;0.05416282486031248;0.14072914265149306;0.02574566700541392;0.030333885019305878;2684354720;63352015138;27384742082;1073881088;98;245;285;123;-7.843910119280091;0.078125;0.046875;random_751
3;0.2500791569798219;0.2354027773027801;0.014862273932091507;0.2486842722487812;0.05416282486031248;0.14072914265149306;0.02574566700541392;0.030333885019305878;2684354720;63352015138;27384742082;1073881088;98;245;285;123;-7.828206741662896;0.078125;0.046875;random_751
4;0.2500791569798219;0.2354027773027801;0.014862273932091507;0.2486842722487812;0.05416282486031248;0.14072914265149306;0.02574566700541392;0.030333885019305878;2684354720;63352015138;27384742082;1073881088;98;245;285;123;-7.828206741662896;0.09375;;random_751
0;0.1857705524498292;0.08773270064708591;0.22047322416959603;0.0010200477932813972;0.14178201619875502;0.129027822417201;0.020287831397993904;0.21390580492625758;1610752128;44090656770;29543374898;18257936384;161;139;285;166;;;;random_752
1;0.24407020056499146;0.004606002067996275;0.04337112522063983;0.13590025031055883;0.2887093783626708;0.13680522512410292;0.0032567575461932684;0.1432810608028468;1610752128;44090656770;29610352866;1073872896;129;150;373;99;-7.738934989777162;0.09375;0.046875;random_752
2;0.2380546354771868;0.11173900989189237;0.026105787627590093;0.2538020055267487;0.04185444016434565;0.24887557479368702;0.006384928033296779;0.07318361848525257;1610752128;44090656770;29610352866;1073872896;113;174;376;88;-7.81926602955282;0.09375;0.046875;random_752
3;0.2380546354771868;0.11173900989189237;0.026105787627590093;0.2538020055267487;0.04185444016434565;0.24887557479368702;0.006384928033296779;0.07318361848525257;1610752128;44090656770;29610352866;1073872896;113;174;376;88;-7.829464519816589;0.078125;;random_752
0;0.07510080879224229;0.10033040434813936;0.12667018502130803;0.21778499950496158;0.15860332293880486;0.15034420704038812;0.09660550297252878;0.07456056938162703;1610752128;63355365730;2415919104;9663815682;175;377;62;137;;;;random_753
1;0.34884434049438995;0.00273272513097807;0.06775407423558436;0.38042746609519695;0.011189118644623321;0.09961849730817919;0.034426194101241654;0.05500758398980671;1610752128;63988251895;2415919136;9663815682;224;323;63;141;-7.826809731138707;0.09375;0.046875;random_753
2;0.37340059868882525;0.034454710893647704;0.021988553198505963;0.4433429767374552;0.03507017768372346;0.0141831083682436;0.0738558143111319;0.0037040601184669896;18811592704;64162527712;2415919136;27468636162;291;205;53;202;-7.8981357484631705;0.09375;0.046875;random_753
3;0.22350086628715765;0.0027692807665022075;0.05262966994137647;0.43884178522662964;0.04310337257013177;0.00745609202988119;0.05762348469859703;0.17407544847972403;18257944576;64229881568;2415919136;9663815682;222;293;51;185;-7.904877396295673;0.09375;0.046875;random_753
4;0.22350086628715765;0.0027692807665022075;0.05262966994137647;0.43884178522662964;0.04310337257013177;0.00745609202988119;0.05762348469859703;0.17407544847972403;18257944576;64229881568;2415919136;9663815682;222;293;51;185;-7.8836799157294895;0.078125;0.0625;random_753
5;0.22350086628715765;0.0027692807665022075;0.05262966994137647;0.43884178522662964;0.04310337257013177;0.00745609202988119;0.05762348469859703;0.17407544847972403;18257944576;64229881568;2415919136;9663815682;222;293;51;185;-7.8836799157294895;0.078125;;random_753
0;0.10297226895128336;0.05507707116581118;0.0731202337645522;0.09484340417513092;0.1816639248187963;0.200403126848309;0.17870055638463644;0.11321941389148042;2684354720;68189404707;29602427378;18257936384;89;152;291;219;;;;random_754
1;0.40072647367377445;0.00310362567010429;0.0033302005369709063;0.3927380356007213;0.046225443549343416;0.03708592971439797;0.06602574663090753;0.05076454462378014;2684354720;63944488370;29530141040;18257936384;94;235;198;224;-7.755935623542495;0.078125;0.046875;random_754
2;0.22350086628715765;0.0027692807665022075;0.05262966994137647;0.43884178522662964;0.04310337257013177;0.00745609202988119;0.05762348469859703;0.17407544847972403;2684354720;63665547266;29058605408;18257936384;106;224;187;234;-7.88242618718219;0.09375;0.046875;random_754
3;0.22350086628715765;0.0027692807665022075;0.05262966994137647;0.43884178522662964;0.04310337257013177;0.00745609202988119;0.05762348469859703;0.17407544847972403;2684354720;63665547266;29058605408;18257936384;106;224;187;234;-7.895435347196231;0.09375;0.03125;random_754
4;0.22350086628715765;0.0027692807665022075;0.05262966994137647;0.43884178522662964;0.04310337257013177;0.00745609202988119;0.05762348469859703;0.17407544847972403;2684354720;63665547266;29058605408;18257936384;106;224;187;234;-7.895435347196231;0.078125;;random_754
0;0.17358987088766137;0.08177672130235565;0.11202462504481446;0.22943969337766526;0.08659217081824364;0.0422011879458761;0.115170980304365;0.15920475031901848;2415919104;46506575906;26915008834;1610752128;40;213;287;211;;;;random_755
1;0.3114339044952291;0.12936049714476824;0.0442786732718962;0.3664860621227759;0.059610964092349575;0.011724357455235737;0.07404360860745786;0.003061932810287608;2147483680;46802282550;29540626790;1610752128;48;206;282;215;-7.806594160700807;0.09375;0.03125;random_755
2;0.22350086628715765;0.0027692807665022075;0.05262966994137647;0.43884178522662964;0.04310337257013177;0.00745609202988119;0.05762348469859703;0.17407544847972403;2415919136;46506575906;29004800096;1610752128;48;202;259;242;-7.8386462650067905;0.09375;0.046875;random_755
3;0.22350086628715765;0.0027692807665022075;0.05262966994137647;0.43884178522662964;0.04310337257013177;0.00745609202988119;0.05762348469859703;0.17407544847972403;2415919136;46506575906;29004800096;1610752128;48;202;259;242;-7.867624273216204;0.09375;0.046875;random_755
4;0.22350086628715765;0.0027692807665022075;0.05262966994137647;0.43884178522662964;0.04310337257013177;0.00745609202988119;0.05762348469859703;0.17407544847972403;2415919136;46506575906;29004800096;1610752128;48;202;259;242;-7.867624273216204;0.09375;;random_755
0;0.034946517763531;0.03372757666253348;0.08388840054055828;0.25071620774672365;0.18634306913511145;0.061303966446246826;0.16669890642578478;0.1823753552795106;34359740416;29610352866;2415919104;1610752128;29;496;33;193;;;;random_756
1;0.22350086628715765;0.0027692807665022075;0.05262966994137647;0.43884178522662964;0.04310337257013177;0.00745609202988119;0.05762348469859703;0.17407544847972403;1073872896;29610352866;2415919136;1610752128;127;431;46;147;-7.78002241423714;0.078125;0.0625;random_756
2;0.22350086628715765;0.0027692807665022075;0.05262966994137647;0.43884178522662964;0.04310337257013177;0.00745609202988119;0.05762348469859703;0.17407544847972403;1073872896;29610352866;2415919136;1610752128;126;432;46;147;-7.872677291359974;0.078125;0.046875;random_756
3;0.22350086628715765;0.0027692807665022075;0.05262966994137647;0.43884178522662964;0.04310337257013177;0.00745609202988119;0.05762348469859703;0.17407544847972403;1073872896;29610352866;2415919136;1610752128;126;432;46;147;-7.872178171884256;0.078125;;random_756
0;0.1562710238183558;0.22687776084668335;0.00739117196442689;0.057099354801914845;0.2887191486692191;0.14870785533090836;0.02286003039743102;0.09207365417106071;8589934594;2147483680;29565784290;1073881088;92;55;436;168;;;;random_757
1;0.29733882025190816;0.006585438005213238;0.09639513903075424;0.2184823345993384;0.06785395966563444;0.29924815921097253;0.009175559626182243;0.004920589609996752;44090656770;2147483680;29610352866;1073881088;181;66;346;158;-7.811155153028456;0.078125;0.046875;random_757
2;0.34884434049438995;0.00273272513097807;0.06775407423558436;0.38042746609519695;0.011189118644623321;0.09961849730817919;0.034426194101241654;0.05500758398980671;44090656770;2147483680;29610352866;1073881088;149;72;366;164;-7.8349306428291845;0.078125;0.046875;random_757
3;0.26400356727738417;0.13972626508717423;0.03191848428753177;0.3958529056178151;0.08658313179424464;0.012663840306161888;0.06594451750872049;0.003307288120967658;61746587650;2147483680;29530141040;1073881088;282;44;238;187;-7.84634955830113;0.078125;0.03125;random_757
4;0.22350086628715765;0.0027692807665022075;0.05262966994137647;0.43884178522662964;0.04310337257013177;0.00745609202988119;0.05762348469859703;0.17407544847972403;61744482434;2415919136;29530141040;1073872896;287;50;268;146;-7.842187897839892;0.09375;0.046875;random_757
5;0.22350086628715765;0.0027692807665022075;0.05262966994137647;0.43884178522662964;0.04310337257013177;0.00745609202988119;0.05762348469859703;0.17407544847972403;61744482434;2415919136;29530141040;1073872896;286;50;269;146;-7.837948283050312;0.09375;0.046875;random_757
6;0.22350086628715765;0.0027692807665022075;0.05262966994137647;0.43884178522662964;0.04310337257013177;0.00745609202988119;0.05762348469859703;0.17407544847972403;61744482434;2415919136;29530141040;1073872896;286;50;269;146;-7.838131859364216;0.09375;;random_757
0;0.00045991171654535676;0.15035064173641177;0.259351920337716;0.1531233299545687;0.1583061818687087;0.08504089643605035;0.061506937122945735;0.1318601808270533;536871040;29610352866;19595788544;35433613312;61;454;109;127;;;;random_758
1;0.19489286361185446;0.056465608645735965;0.2669982716358818;0.00076103494881496;0.2013305842097875;0.014887478690195573;0.040628088021697456;0.22403607023603242;1610752128;29609828386;2415919136;1073872896;178;391;50;132;-7.716609896410931;0.09375;0.046875;random_758
2;0.2337700385736786;0.0030813621737787885;0.24985205292281729;0.04691282902530974;0.1648275416836902;0.10245125319663659;0.0009746452323179247;0.1981302771917709;1610752128;29609828386;2415919136;1073872896;164;412;67;108;-7.803857007873224;0.09375;0.046875;random_758
3;0.2027251845381857;0.012886496894341792;0.14815584013407387;0.0008697274086050848;0.17993209922790035;0.19677767376846386;0.046177607048392064;0.21247537098003708;1610752128;29609828386;2415919136;1073872896;165;379;77;130;-7.798720303787543;0.078125;0.03125;random_758
4;0.2513448966457677;0.08915769942608719;0.016629634072666266;0.1181371434798492;0.2008391403663697;0.12327716479800704;0.007096098510675712;0.19351822270057709;1610752128;29609828386;2415919136;1073872896;169;381;72;129;-7.792570238945383;0.09375;0.046875;random_758
5;0.299162776378207;0.0023435370518073407;0.05061484071292489;0.1970743608872093;0.1932657499957611;0.009595591530040902;0.031612117135623855;0.21633102630842568;1610752128;29609828386;2415919136;1073872896;165;407;42;137;-7.812902518143156;0.09375;0.046875;random_758
6;0.22350086628715765;0.0027692807665022075;0.05262966994137647;0.43884178522662964;0.04310337257013177;0.00745609202988119;0.05762348469859703;0.17407544847972403;1610752128;29610352866;2415919136;1073872896;155;431;46;119;-7.822602435760657;0.09375;0.046875;random_758
7;0.22350086628715765;0.0027692807665022075;0.05262966994137647;0.43884178522662964;0.04310337257013177;0.00745609202988119;0.05762348469859703;0.17407544847972403;1610752128;29610352866;2415919136;1073872896;155;431;46;119;-7.872818554810086;0.078125;0.03125;random_758
8;0.22350086628715765;0.0027692807665022075;0.05262966994137647;0.43884178522662964;0.04310337257013177;0.00745609202988119;0.05762348469859703;0.17407544847972403;1610752128;29610352866;2415919136;1073872896;155;431;46;119;-7.872818554810086;0.078125;;random_758
0;0.22296421092174598;0.0024162932420417104;0.14115770524459845;0.10618370940061295;0.15392629814162068;0.20813898389878585;0.1112716835649277;0.053941115585666666;43486546050;2147483680;29610352866;1073872896;117;54;418;162;;;;random_759
1;0.40072647367377445;0.00310362567010429;0.0033302005369709063;0.3927380356007213;0.046225443549343416;0.03708592971439797;0.06602574663090753;0.05076454462378014;61744482434;2147483680;29530141040;1073872896;262;61;278;150;-7.806195536562308;0.09375;0.046875;random_759
2;0.22350086628715765;0.0027692807665022075;0.05262966994137647;0.43884178522662964;0.04310337257013177;0.00745609202988119;0.05762348469859703;0.17407544847972403;61744482434;2415919136;29530141040;1073872896;286;50;269;146;-7.839532910147422;0.078125;0.0625;random_759
3;0.22350086628715765;0.0027692807665022075;0.05262966994137647;0.43884178522662964;0.04310337257013177;0.00745609202988119;0.05762348469859703;0.17407544847972403;61744482434;2415919136;29530141040;1073872896;286;50;269;146;-7.837794642550649;0.078125;0.0625;random_759
4;0.22350086628715765;0.0027692807665022075;0.05262966994137647;0.43884178522662964;0.04310337257013177;0.00745609202988119;0.05762348469859703;0.17407544847972403;61744482434;2415919136;29530141040;1073872896;286;50;269;146;-7.837794642550649;0.078125;;random_759
0;0.15975846442166025;0.1142431281839866;0.14175142939796137;0.10478820785278625;0.30134255028503837;0.04143352907509639;0.030058052227373726;0.10662463855609723;2415919136;50466031650;26847748162;1610752128;49;167;327;208;;;;random_76
1;0.3213706583755633;0.11903814318268968;0.017556143254973008;0.27872367736218245;0.15140872368796396;0.0725830103446137;0.006198745360259357;0.03312089843175478;2415919136;63352015138;26915008834;1610752128;59;247;268;177;-7.772733610994055;0.078125;0.046875;random_76
2;0.2366789100818342;0.1819432033667347;0.02595492144120827;0.25233527557337193;0.12282527776671816;0.1402530047885955;0.006348029328823759;0.033661377652713445;2415919136;63352015138;26847748162;1610752128;72;260;269;150;-7.822349449228527;0.09375;0.03125;random_76
3;0.2500791569798219;0.2354027773027801;0.014862273932091507;0.2486842722487812;0.05416282486031248;0.14072914265149306;0.02574566700541392;0.030333885019305878;2415919136;63352015138;26915008834;1610752128;67;264;263;157;-7.824742438228434;0.078125;0.03125;random_76
4;0.2500791569798219;0.2354027773027801;0.014862273932091507;0.2486842722487812;0.05416282486031248;0.14072914265149306;0.02574566700541392;0.030333885019305878;2415919136;63352015138;26915008834;1610752128;67;264;263;157;-7.828365261603654;0.078125;0.046875;random_76
5;0.2500791569798219;0.2354027773027801;0.014862273932091507;0.2486842722487812;0.05416282486031248;0.14072914265149306;0.02574566700541392;0.030333885019305878;2415919136;63352015138;26915008834;1610752128;67;264;263;157;-7.828365261603654;0.078125;;random_76
0;0.10818610022893493;0.04324817740569153;0.02438859398976187;0.10797621345684118;0.17974145023958044;0.07550345851355945;0.263044238933597;0.1979117672320336;2952790144;64205240658;27921743906;1073872896;92;365;117;177;;;;random_760
1;0.3310389393792861;0.01910381444899541;0.09102043589922114;0.08553560419947706;0.08319288485292389;0.10114580301757789;0.02737587598855686;0.2615866422139616;4026540160;63971487074;29062463522;1073872896;173;241;232;105;-7.743043451628777;0.09375;0.03125;random_760
2;0.28285602862283515;0.2537776207989907;0.0451233842292053;0.02450298610495382;0.05022252087045374;0.006392669873997028;0.004814088301972496;0.3323107011975916;12348170466;64163117378;29062463522;1073872896;189;259;194;109;-7.79184838110926;0.078125;0.046875;random_760
3;0.204010366811844;0.2987667435432591;0.03065162719019198;0.08078032796635412;0.016787901371500866;0.042166449379253054;0.01703437799657975;0.3098022057410172;12348170466;64163117378;29062463522;1073872896;194;268;176;113;-7.812419522413161;0.09375;0.046875;random_760
4;0.204010366811844;0.2987667435432591;0.03065162719019198;0.08078032796635412;0.016787901371500866;0.042166449379253054;0.01703437799657975;0.3098022057410172;12348170466;64163117378;29062463522;1073872896;194;268;176;113;-7.814782401203726;0.109375;;random_760
0;0.15581772163145244;0.1570430865338399;0.000382441397384587;0.18458163600858485;0.20833000593137427;0.004404036692476856;0.13583415278583566;0.15360691901905146;2415919136;63665547266;26915008834;18794832000;33;241;224;253;;;;random_761
1;0.22350086628715765;0.0027692807665022075;0.05262966994137647;0.43884178522662964;0.04310337257013177;0.00745609202988119;0.05762348469859703;0.17407544847972403;2415919136;44090656770;29058605408;18794807424;49;215;216;271;-7.772006611544516;0.078125;0.046875;random_761
2;0.22350086628715765;0.0027692807665022075;0.05262966994137647;0.43884178522662964;0.04310337257013177;0.00745609202988119;0.05762348469859703;0.17407544847972403;2415919136;44090656770;29058605408;18794807424;49;215;216;271;-7.887165957907841;0.09375;0.046875;random_761
3;0.22350086628715765;0.0027692807665022075;0.05262966994137647;0.43884178522662964;0.04310337257013177;0.00745609202988119;0.05762348469859703;0.17407544847972403;2415919136;44090656770;29058605408;18794807424;49;215;216;271;-7.887165957907841;0.09375;;random_761
0;0.04649335583462337;0.19858714824625784;0.14827058682304717;0.05331954745029059;0.2291445314199586;0.05114240371218558;0.16076951403796483;0.1122729124756721;2415919104;59943335988;29330776354;12348170466;19;254;195;283;;;;random_762
1;0.38589812353111147;0.33822650530596715;0.025394866539336865;0.0870196693724164;0.07977728595257258;0.011696213496250043;0.03381265441055873;0.03817468139178661;2147483680;64271383026;26847870978;10200686786;48;276;206;221;-7.746499725139049;0.078125;0.046875;random_762
2;0.23100146817560832;0.28560526106641454;0.048180961704098677;0.07155834578377031;0.1489056167349243;0.024893341860084312;0.01694696935742803;0.1729080353176716;2147483680;64205240658;26847870978;10200686786;48;288;222;193;-7.7852799459216735;0.09375;0.03125;random_762
3;0.38589812353111147;0.33822650530596715;0.025394866539336865;0.0870196693724164;0.07977728595257258;0.011696213496250043;0.03381265441055873;0.03817468139178661;2147483680;64271383026;26847870978;10200686786;48;276;206;221;-7.812324696012204;0.09375;0.046875;random_762
4;0.23100146817560832;0.28560526106641454;0.048180961704098677;0.07155834578377031;0.1489056167349243;0.024893341860084312;0.01694696935742803;0.1729080353176716;2147483680;64205240658;26847870978;10200686786;48;289;222;192;-7.7852799459216735;0.09375;0.046875;random_762
5;0.38589812353111147;0.33822650530596715;0.025394866539336865;0.0870196693724164;0.07977728595257258;0.011696213496250043;0.03381265441055873;0.03817468139178661;2147483680;64271383026;26847870978;10200686786;48;276;206;221;-7.811907273141834;0.09375;;random_762
0;0.20406677567510953;0.02758165053249935;0.26875005933837526;0.057694307797377616;0.06217887958923149;0.15631299502438947;0.09867335410151704;0.12474197794150033;1610752128;2147483680;9663807490;29610352866;151;61;154;385;;;;random_763
1;0.4119807570143515;4.829496155221253e-05;0.15409063363725392;0.24826915988256826;0.05781067310387891;0.06990611589670567;0.041094391249730515;0.01679997425395898;1610752128;2415919136;9663807490;29610352866;205;52;127;367;-7.774400381022762;0.078125;0.046875;random_763
2;0.21441745143005972;0.1441016272306112;0.044044851136924176;0.40824856950054417;0.1047067635431164;0.013060393434033321;0.06800949180181319;0.0034108519228977572;1610752128;2147483680;10200686722;29542588512;265;55;191;240;-7.825884557276725;0.078125;0.046875;random_763
3;0.22350086628715765;0.0027692807665022075;0.05262966994137647;0.43884178522662964;0.04310337257013177;0.00745609202988119;0.05762348469859703;0.17407544847972403;1610752128;2415919136;9663815682;64229881568;238;59;185;269;-7.895744147583101;0.078125;0.046875;random_763
4;0.22350086628715765;0.0027692807665022075;0.05262966994137647;0.43884178522662964;0.04310337257013177;0.00745609202988119;0.05762348469859703;0.17407544847972403;1610752128;2415919136;9663815682;64229881568;238;59;185;269;-7.888513615661164;0.09375;0.046875;random_763
5;0.22350086628715765;0.0027692807665022075;0.05262966994137647;0.43884178522662964;0.04310337257013177;0.00745609202988119;0.05762348469859703;0.17407544847972403;1610752128;2415919136;9663815682;64229881568;238;59;185;269;-7.888513615661164;0.09375;;random_763
0;0.012250890233231794;0.0775649642192771;0.25544079119952756;0.2979349529948692;0.07710033540983909;0.25537999095963465;0.009558952322507003;0.014769122661113722;1073881088;9663815682;2415919104;29004800096;158;176;79;338;;;;random_764
1;0.041340568042370754;0.15056701353522373;0.011643967439243409;0.29853615418409846;0.1401477666937113;0.3066600720557454;0.014483287084955379;0.03662117096465169;1073881088;9663815682;2415919104;29004800096;210;159;85;297;-7.846890911717869;0.09375;0.046875;random_764
2;0.18686298400697515;0.0025029700457191795;0.0044823078438734985;0.2364858127314742;0.21973300398271844;0.2548563044734001;0.00783259722541739;0.08724401969042198;1073881088;26847870978;2415919104;29532451296;181;184;76;310;-7.885864951447744;0.078125;0.03125;random_764
3;0.1536894198364882;0.002031259805225586;0.015509271266870073;0.24031944545001954;0.08378739188450274;0.3347126832399806;0.042266667114845044;0.12768386140206808;1073881088;26847870978;2415919104;29532451296;176;163;99;313;-7.841735310763541;0.078125;0.046875;random_764
4;0.1630698429893746;0.00407268318921882;0.09797735637200568;0.2025790815233156;0.07132255533094715;0.3329994162083449;0.0012882034078602433;0.12669086097893295;1073872896;26847870978;3489800192;29532451296;125;201;102;323;-7.850272983876441;0.078125;0.046875;random_764
5;0.1630698429893746;0.00407268318921882;0.09797735637200568;0.2025790815233156;0.07132255533094715;0.3329994162083449;0.0012882034078602433;0.12669086097893295;1073872896;26847870978;3489800192;29532451296;125;200;103;323;-7.844624315106777;0.078125;0.046875;random_764
6;0.1630698429893746;0.00407268318921882;0.09797735637200568;0.2025790815233156;0.07132255533094715;0.3329994162083449;0.0012882034078602433;0.12669086097893295;1073872896;26847870978;3489800192;29532451296;125;200;103;323;-7.844969473049777;0.09375;;random_764
0;0.093947237191216;0.03535755102286315;0.03971474149908188;0.14997667827108047;0.205140638806673;0.1862089152195471;0.08043746087410591;0.20921677711543263;536871040;29610352866;2415919104;1073872896;88;457;71;135;;;;random_765
1;0.1630698429893746;0.00407268318921882;0.09797735637200568;0.2025790815233156;0.07132255533094715;0.3329994162083449;0.0012882034078602433;0.12669086097893295;1610752128;29610352866;3489800192;1073872896;133;399;100;119;-7.790993325063774;0.078125;0.046875;random_765
2;0.1630698429893746;0.00407268318921882;0.09797735637200568;0.2025790815233156;0.07132255533094715;0.3329994162083449;0.0012882034078602433;0.12669086097893295;1610752128;29610352866;3489800192;1073872896;134;397;101;119;-7.836595514474449;0.078125;0.046875;random_765
3;0.1630698429893746;0.00407268318921882;0.09797735637200568;0.2025790815233156;0.07132255533094715;0.3329994162083449;0.0012882034078602433;0.12669086097893295;1610752128;29610352866;3489800192;1073872896;134;397;101;119;-7.83730789124835;0.078125;;random_765
0;0.2519569028775068;0.15698507877285997;0.14251006155761922;0.017507673815270342;0.045077570875428304;0.025578593414503796;0.15775196019938148;0.20263215848743002;536871040;42949675010;29609828386;18794684544;52;126;377;196;;;;random_766
1;0.3587451534834802;0.06983747711903127;0.009503202814100446;0.12229479343965617;0.1995317687719363;0.11098038876385158;0.019546778525275588;0.10956043708266854;18257936384;44090656770;29610352866;1610752128;136;169;333;113;-7.720763454648627;0.078125;0.046875;random_766
2;0.2380546354771868;0.11173900989189237;0.026105787627590093;0.2538020055267487;0.04185444016434565;0.24887557479368702;0.006384928033296779;0.07318361848525257;1073872896;44090656770;29610352866;1610752128;88;174;376;113;-7.802152796021507;0.09375;0.046875;random_766
3;0.2380546354771868;0.11173900989189237;0.026105787627590093;0.2538020055267487;0.04185444016434565;0.24887557479368702;0.006384928033296779;0.07318361848525257;1073872896;44090656770;29610352866;1610752128;88;172;378;113;-7.829464519816589;0.078125;0.046875;random_766
4;0.2380546354771868;0.11173900989189237;0.026105787627590093;0.2538020055267487;0.04185444016434565;0.24887557479368702;0.006384928033296779;0.07318361848525257;1073872896;44090656770;29610352866;1610752128;88;172;378;113;-7.829656883650524;0.078125;;random_766
0;0.13554123635506837;0.1912013328124646;0.1442856073908131;0.18174349666750597;0.030759464255856878;0.03759868880820594;0.20117381162339598;0.07769636208668919;536871040;2415919136;27395236032;9663807490;49;41;405;256;;;;random_767
1;0.22350086628715765;0.0027692807665022075;0.05262966994137647;0.43884178522662964;0.04310337257013177;0.00745609202988119;0.05762348469859703;0.17407544847972403;1610752128;2415919136;27395236032;9663815682;245;68;246;192;-7.771985593874364;0.09375;0.03125;random_767
2;0.22350086628715765;0.0027692807665022075;0.05262966994137647;0.43884178522662964;0.04310337257013177;0.00745609202988119;0.05762348469859703;0.17407544847972403;1610752128;2415919136;27395236032;9663815682;245;68;246;192;-7.892354586373695;0.078125;0.03125;random_767
3;0.22350086628715765;0.0027692807665022075;0.05262966994137647;0.43884178522662964;0.04310337257013177;0.00745609202988119;0.05762348469859703;0.17407544847972403;1610752128;2415919136;27395236032;9663815682;245;68;246;192;-7.892354586373695;0.09375;;random_767
0;0.05460549161642838;0.22951277432679193;0.2441167536018383;0.16048812430028034;0.09772138591077965;0.17322514389831375;0.003914978548155679;0.036415347797412;2415919104;46707902626;29610352866;1073881088;65;232;360;94;;;;random_768
1;0.2380546354771868;0.11173900989189237;0.026105787627590093;0.2538020055267487;0.04185444016434565;0.24887557479368702;0.006384928033296779;0.07318361848525257;2415919104;61744482434;29610352866;1073881088;70;205;335;141;-7.78699631649672;0.09375;0.046875;random_768
2;0.2380546354771868;0.11173900989189237;0.026105787627590093;0.2538020055267487;0.04185444016434565;0.24887557479368702;0.006384928033296779;0.07318361848525257;2415919104;61744482434;29610352866;1073881088;70;205;335;141;-7.83453393256829;0.09375;0.03125;random_768
3;0.2380546354771868;0.11173900989189237;0.026105787627590093;0.2538020055267487;0.04185444016434565;0.24887557479368702;0.006384928033296779;0.07318361848525257;2415919104;61744482434;29610352866;1073881088;70;205;335;141;-7.83453393256829;0.078125;;random_768
0;0.13976513137911115;0.3154635480998951;0.11535418075793873;0.021936956044132774;0.1435636332667391;0.09144995227430033;0.021250115732026512;0.15121648244585645;1610752128;61207611458;18257944576;11811291170;178;236;161;176;;;;random_769
1;0.23100146817560832;0.28560526106641454;0.048180961704098677;0.07155834578377031;0.1489056167349243;0.024893341860084312;0.01694696935742803;0.1729080353176716;1610752128;61207611458;18257944576;11811291170;190;257;138;166;-7.801915465626652;0.09375;0.03125;random_769
2;0.3188267260209409;0.3125167311315185;0.01233475156003031;0.05729383544931351;0.06127058421008044;0.16402134228503878;0.02036627212274369;0.05336975722033394;1610752128;61207611458;18257944576;11819556962;137;235;133;246;-7.810137093287711;0.078125;0.046875;random_769
3;0.2680765137257767;0.20537996510709045;0.11170985827811476;0.04781668665329718;0.09480811028037174;0.24367449300551455;0.010681058990278613;0.017853313959555975;1610752128;61207611458;18257944576;11819556962;143;218;123;267;-7.807278514087662;0.078125;0.046875;random_769
4;0.24842432195740244;0.19032394097587818;0.1035206158607611;0.07496371329007026;0.08785790364521329;0.2258111680948352;0.05255381553337761;0.016544520642461855;1610752128;61207611458;18257944576;12348170466;126;219;108;298;-7.785603960608566;0.09375;0.046875;random_769
5;0.2380546354771868;0.11173900989189237;0.026105787627590093;0.2538020055267487;0.04185444016434565;0.24887557479368702;0.006384928033296779;0.07318361848525257;1610752128;61207611458;1073872896;29565784290;115;232;90;314;-7.784164669377823;0.09375;0.046875;random_769
6;0.2380546354771868;0.11173900989189237;0.026105787627590093;0.2538020055267487;0.04185444016434565;0.24887557479368702;0.006384928033296779;0.07318361848525257;1610752128;61207611458;1073872896;29610352866;116;224;90;321;-7.837893599492104;0.09375;0.03125;random_769
7;0.2380546354771868;0.11173900989189237;0.026105787627590093;0.2538020055267487;0.04185444016434565;0.24887557479368702;0.006384928033296779;0.07318361848525257;1610752128;61207611458;1073872896;29610352866;116;224;90;321;-7.835049185806646;0.078125;0.03125;random_769
8;0.2380546354771868;0.11173900989189237;0.026105787627590093;0.2538020055267487;0.04185444016434565;0.24887557479368702;0.006384928033296779;0.07318361848525257;1610752128;61207611458;1073872896;29610352866;116;224;90;321;-7.835049185806646;0.078125;;random_769
0;0.11430364058804722;0.12748365668545583;0.07682880827013765;0.1932587374561033;0.06805553267213195;0.13951887531830642;0.12330745530105039;0.1572432937087671;2684354720;46506575906;29610352866;1073872896;84;198;350;119;;;;random_77
1;0.22350086628715765;0.0027692807665022075;0.05262966994137647;0.43884178522662964;0.04310337257013177;0.00745609202988119;0.05762348469859703;0.17407544847972403;2684354720;46506575906;27395236032;1073872896;107;212;278;154;-7.779807440566595;0.078125;0.046875;random_77
2;0.22350086628715765;0.0027692807665022075;0.05262966994137647;0.43884178522662964;0.04310337257013177;0.00745609202988119;0.05762348469859703;0.17407544847972403;2684354720;46506575906;27395236032;1073872896;107;212;278;154;-7.8745988348027565;0.078125;0.03125;random_77
3;0.22350086628715765;0.0027692807665022075;0.05262966994137647;0.43884178522662964;0.04310337257013177;0.00745609202988119;0.05762348469859703;0.17407544847972403;2684354720;46506575906;27395236032;1073872896;107;212;278;154;-7.8745988348027565;0.078125;;random_77
0;0.09905650253468075;0.20685030450378786;0.017815786621619825;0.10684553807572629;0.09652305721454284;0.18232207683892493;0.2502816508177624;0.04030508339295507;536871040;2147483680;25773998082;10200686786;36;146;88;481;;;;random_770
1;0.2652607628433622;0.05356516938795769;0.02980364977867217;0.014933568814672372;0.24305809194893327;0.2572467194569313;0.04643984409148089;0.08969219367799017;34896611456;29062463522;26847870978;10200686786;86;294;205;166;-7.753076691218318;0.078125;0.046875;random_770
2;0.35536557504575755;0.038265523519394884;0.00450023963246392;0.001360380912786598;0.016291722576489084;0.3531279735521729;0.10437146840750454;0.12671711635343055;34896611456;29058605408;26847870978;18794832000;78;293;188;192;-7.818820395612341;0.078125;0.03125;random_770
3;0.35536557504575755;0.038265523519394884;0.00450023963246392;0.001360380912786598;0.016291722576489084;0.3531279735521729;0.10437146840750454;0.12671711635343055;34896611456;29058605408;26847870978;18794832000;78;293;188;192;-7.8294247638988645;0.078125;0.046875;random_770
4;0.35536557504575755;0.038265523519394884;0.00450023963246392;0.001360380912786598;0.016291722576489084;0.3531279735521729;0.10437146840750454;0.12671711635343055;34896611456;29058605408;26847870978;18794832000;78;293;188;192;-7.8294247638988645;0.078125;;random_770
0;0.1761408728105571;0.13157331546648507;0.006310333812396551;0.16548829462066547;0.11602867279441925;0.17261808733648246;0.08823037205091294;0.14361005110808112;536871040;44090656770;29610352866;18257944576;62;188;354;147;;;;random_771
1;0.2380546354771868;0.11173900989189237;0.026105787627590093;0.2538020055267487;0.04185444016434565;0.24887557479368702;0.006384928033296779;0.07318361848525257;1610752128;44090656770;29610352866;1073872896;113;174;376;88;-7.793764929172557;0.078125;0.046875;random_771
2;0.2380546354771868;0.11173900989189237;0.026105787627590093;0.2538020055267487;0.04185444016434565;0.24887557479368702;0.006384928033296779;0.07318361848525257;1610752128;44090656770;29610352866;1073872896;113;174;376;88;-7.829464519816589;0.078125;0.046875;random_771
3;0.2380546354771868;0.11173900989189237;0.026105787627590093;0.2538020055267487;0.04185444016434565;0.24887557479368702;0.006384928033296779;0.07318361848525257;1610752128;44090656770;29610352866;1073872896;113;174;376;88;-7.829464519816589;0.09375;;random_771
0;0.05121938883294291;0.049426328031904866;0.08766430545682584;0.13382727602559708;0.1846040642084569;0.17179382813871713;0.21160903747061083;0.10985577183494444;2415919104;50466031650;29602427378;1610752128;64;178;322;187;;;;random_772
1;0.1294877694295553;0.034210869409642575;0.0829816138662596;0.03819619188703188;0.24274448536637908;0.35659715314882;0.013692906356703508;0.10208901053560805;3489800192;50466031650;29610352866;1073872896;110;94;373;174;-7.745066557237646;0.078125;0.046875;random_772
2;0.20513901474327248;0.0038860390042853073;0.09344825267747821;0.17578699463296443;0.1817638091753376;0.2906260616697872;0.030928702288541565;0.018421125808333223;2415919104;44090656770;29610352866;1073881088;94;158;337;162;-7.798737732867485;0.078125;0.046875;random_772
3;0.1536894198364882;0.002031259805225586;0.015509271266870073;0.24031944545001954;0.08378739188450274;0.3347126832399806;0.042266667114845044;0.12768386140206808;2415919104;44090656770;29565784290;1073881088;98;138;339;176;-7.8372522685245825;0.078125;0.046875;random_772
4;0.1630698429893746;0.00407268318921882;0.09797735637200568;0.2025790815233156;0.07132255533094715;0.3329994162083449;0.0012882034078602433;0.12669086097893295;3489800192;44090656770;29610352866;1073872896;102;140;372;137;-7.846846156902229;0.078125;0.046875;random_772
5;0.1630698429893746;0.00407268318921882;0.09797735637200568;0.2025790815233156;0.07132255533094715;0.3329994162083449;0.0012882034078602433;0.12669086097893295;3489800192;44090656770;29610352866;1073872896;102;140;372;137;-7.845462033926394;0.078125;0.046875;random_772
6;0.1630698429893746;0.00407268318921882;0.09797735637200568;0.2025790815233156;0.07132255533094715;0.3329994162083449;0.0012882034078602433;0.12669086097893295;3489800192;44090656770;29610352866;1073872896;102;140;372;137;-7.845462033926394;0.078125;;random_772
0;0.2794133469147041;0.03342678496858595;0.05732101498303364;0.20935199077226987;0.07770432952831456;0.05039706416113235;0.2714413626564367;0.020944106015522802;43486546050;2415919136;29632917990;1073872896;93;44;440;174;;;;random_773
1;0.40072647367377445;0.00310362567010429;0.0033302005369709063;0.3927380356007213;0.046225443549343416;0.03708592971439797;0.06602574663090753;0.05076454462378014;61744482434;2415919136;29530141040;1073872896;262;51;284;154;-7.822185722147593;0.078125;0.046875;random_773
2;0.22350086628715765;0.0027692807665022075;0.05262966994137647;0.43884178522662964;0.04310337257013177;0.00745609202988119;0.05762348469859703;0.17407544847972403;61744482434;2415919136;29530141040;1073872896;286;50;269;146;-7.8391618715915135;0.078125;0.03125;random_773
3;0.22350086628715765;0.0027692807665022075;0.05262966994137647;0.43884178522662964;0.04310337257013177;0.00745609202988119;0.05762348469859703;0.17407544847972403;61744482434;2415919136;29530141040;1073872896;286;50;269;146;-7.837794642550649;0.078125;;random_773
0;0.19790259704920213;0.1721771452811558;0.17330859348339847;0.1254942750660377;0.04488231948149303;0.15930307013388526;0.010738862172441573;0.11619313733238613;1610752128;20401291296;1073872896;29800542402;120;161;100;370;;;;random_774
1;0.173774107802524;0.005944439597428946;0.1460460754256834;0.05636071752935284;0.15193135180814402;0.2964315205646726;0.0005845289065144723;0.16892725836567982;1610752128;11819556962;1073872896;63624054786;164;219;107;261;-7.792667648668728;0.078125;0.046875;random_774
2;0.173774107802524;0.005944439597428946;0.1460460754256834;0.05636071752935284;0.15193135180814402;0.2964315205646726;0.0005845289065144723;0.16892725836567982;1610752128;11819556962;1073872896;63624054786;164;219;107;261;-7.833381968950187;0.09375;0.046875;random_774
3;0.173774107802524;0.005944439597428946;0.1460460754256834;0.05636071752935284;0.15193135180814402;0.2964315205646726;0.0005845289065144723;0.16892725836567982;1610752128;11819556962;1073872896;63624054786;164;219;107;261;-7.833381968950187;0.078125;;random_774
0;0.12354088650269973;0.21109846589449913;0.006686261411742829;0.10880741351428652;0.13421239247462535;0.042860482331074264;0.11666577578257856;0.25612832208849357;536871040;29610352866;2415919104;35433613312;81;410;44;216;;;;random_775
1;0.326285941382742;0.0635185918034378;0.008643354331733638;0.11122957736487912;0.18147816180187873;0.10093889846655026;0.01777818869520478;0.19012728615357374;1610752128;29610352866;2415919104;1073872896;140;421;57;133;-7.777592494708403;0.078125;0.03125;random_775
2;0.29733882025190816;0.006585438005213238;0.09639513903075424;0.2184823345993384;0.06785395966563444;0.29924815921097253;0.009175559626182243;0.004920589609996752;1610752128;29610352866;2415919104;1073872896;130;423;79;119;-7.812739839929769;0.09375;0.046875;random_775
3;0.10127897519170113;0.003976291332096471;0.012513226162602665;0.14524149309956427;0.17617441348207588;0.4397619684435204;0.018296104826642998;0.10275752746179621;18790621568;63355365730;3489800192;1073872896;191;329;115;116;-7.841349785508425;0.078125;0.046875;random_775
4;0.1630698429893746;0.00407268318921882;0.09797735637200568;0.2025790815233156;0.07132255533094715;0.3329994162083449;0.0012882034078602433;0.12669086097893295;18794807424;63355365730;3489800192;1073872896;193;346;108;104;-7.846745401760562;0.09375;0.046875;random_775
5;0.1630698429893746;0.00407268318921882;0.09797735637200568;0.2025790815233156;0.07132255533094715;0.3329994162083449;0.0012882034078602433;0.12669086097893295;18794807424;63355365730;3489800192;1073872896;193;346;108;104;-7.838785579260535;0.09375;0.03125;random_775
6;0.1630698429893746;0.00407268318921882;0.09797735637200568;0.2025790815233156;0.07132255533094715;0.3329994162083449;0.0012882034078602433;0.12669086097893295;18794807424;63355365730;3489800192;1073872896;193;346;108;104;-7.838785579260535;0.078125;;random_775
0;0.15327906290963644;0.08234997483238182;0.17411408534883996;0.019900107326085287;0.09624821267818835;0.2563088635580957;0.20995482119364306;0.00784487215312941;9126805634;2147483680;29609828386;1073872896;70;61;427;193;;;;random_776
1;0.2984184895061853;0.01722698989195938;0.11109493640316884;0.06812188033671429;0.2024667049931066;0.150584418599102;0.11703951588336942;0.035047064386394135;43486546050;2147483680;29610352866;1073872896;102;49;437;163;-7.780374171184017;0.09375;0.046875;random_776
2;0.40072647367377445;0.00310362567010429;0.0033302005369709063;0.3927380356007213;0.046225443549343416;0.03708592971439797;0.06602574663090753;0.05076454462378014;61744482434;2147483680;29530141040;1073872896;263;61;277;150;-7.800532582386711;0.09375;0.046875;random_776
3;0.22350086628715765;0.0027692807665022075;0.05262966994137647;0.43884178522662964;0.04310337257013177;0.00745609202988119;0.05762348469859703;0.17407544847972403;61744482434;2415919136;29530141040;1073872896;286;50;269;146;-7.839396573345442;0.09375;0.03125;random_776
4;0.22350086628715765;0.0027692807665022075;0.05262966994137647;0.43884178522662964;0.04310337257013177;0.00745609202988119;0.05762348469859703;0.17407544847972403;61744482434;2415919136;29530141040;1073872896;287;50;268;146;-7.837794642550649;0.078125;0.046875;random_776
5;0.22350086628715765;0.0027692807665022075;0.05262966994137647;0.43884178522662964;0.04310337257013177;0.00745609202988119;0.05762348469859703;0.17407544847972403;61744482434;2415919136;29530141040;1073872896;287;50;268;146;-7.837948283050312;0.09375;;random_776
0;0.15268156361166055;0.058229901580319224;0.2614235516375373;0.20996595076204133;0.03426922459105809;0.1032956591360239;0.1312729955820863;0.048861153099273344;10200686722;2147483680;29610352866;34359740416;242;60;396;53;;;;random_777
1;0.2733434987265134;0.009451244750347686;0.2398005343986876;0.2401717970099991;0.14574613539676542;0.02565288041491666;0.03355627799325328;0.03227763130951691;10200686722;2147483680;29610352866;34359740416;216;59;424;52;-7.78313877162817;0.078125;0.0625;random_777
2;0.2701097558780146;0.022181825770830665;0.21144351194630115;0.15453961427809673;0.18687183966512502;0.038648569260185534;0.05143994453430501;0.06476493866714124;10200686722;2147483680;29610352866;34359740416;233;51;419;48;-7.779346727137474;0.09375;0.046875;random_777
3;0.2733434987265134;0.009451244750347686;0.2398005343986876;0.2401717970099991;0.14574613539676542;0.02565288041491666;0.03355627799325328;0.03227763130951691;10200686722;2147483680;29610352866;34359740416;216;59;424;52;-7.792050745080153;0.09375;0.046875;random_777
4;0.2701097558780146;0.022181825770830665;0.21144351194630115;0.15453961427809673;0.18687183966512502;0.038648569260185534;0.05143994453430501;0.06476493866714124;10200686722;2147483680;29610352866;34359740416;233;51;419;48;-7.779346727137474;0.09375;;random_777
0;0.19975697115671917;0.23864138290304698;0.0012662991605917452;0.03778632772876069;0.08039894412809624;0.2791244998644096;0.11473678313114584;0.048288791927229874;536871040;19331547168;20938367392;29805125826;68;54;294;335;;;;random_778
1;0.1630698429893746;0.00407268318921882;0.09797735637200568;0.2025790815233156;0.07132255533094715;0.3329994162083449;0.0012882034078602433;0.12669086097893295;1610752128;54840657953;1073872896;29800542402;125;217;107;302;-7.734829184874;0.078125;0.046875;random_778
2;0.1630698429893746;0.00407268318921882;0.09797735637200568;0.2025790815233156;0.07132255533094715;0.3329994162083449;0.0012882034078602433;0.12669086097893295;1610752128;54840657953;1073872896;29800542402;125;219;105;302;-7.831077214021287;0.078125;0.046875;random_778
3;0.1630698429893746;0.00407268318921882;0.09797735637200568;0.2025790815233156;0.07132255533094715;0.3329994162083449;0.0012882034078602433;0.12669086097893295;1610752128;54840657953;1073872896;29800542402;125;219;105;302;-7.830482109868364;0.09375;;random_778
0;0.025583930322103186;0.19069530204518756;0.17141918659686814;0.1310222541599234;0.11418064299518989;0.16441843664171604;0.06730947814188176;0.13537076909713;536871040;29610352866;2415919104;35433613312;50;464;65;172;;;;random_779
1;0.1630698429893746;0.00407268318921882;0.09797735637200568;0.2025790815233156;0.07132255533094715;0.3329994162083449;0.0012882034078602433;0.12669086097893295;1610752128;29610352866;3489800192;1073872896;133;399;100;119;-7.7617147549469685;0.078125;0.046875;random_779
2;0.1630698429893746;0.00407268318921882;0.09797735637200568;0.2025790815233156;0.07132255533094715;0.3329994162083449;0.0012882034078602433;0.12669086097893295;1610752128;29610352866;3489800192;1073872896;134;397;101;119;-7.836595514474449;0.078125;0.03125;random_779
3;0.1630698429893746;0.00407268318921882;0.09797735637200568;0.2025790815233156;0.07132255533094715;0.3329994162083449;0.0012882034078602433;0.12669086097893295;1610752128;29610352866;3489800192;1073872896;134;397;101;119;-7.83730789124835;0.078125;;random_779
0;0.2371464873311591;0.21615026932304146;0.1857287647247795;0.1696197713273591;0.08149981651085375;0.035876045275517986;0.015215650092157485;0.05876319541513149;1073881088;2147483680;61211814146;29610352866;108;46;237;360;;;;random_78
1;0.3213706583755633;0.11903814318268968;0.017556143254973008;0.27872367736218245;0.15140872368796396;0.0725830103446137;0.006198745360259357;0.03312089843175478;1073881088;2147483680;61274851586;29610352866;135;58;214;344;-7.796931325987699;0.078125;0.046875;random_78
2;0.2366789100818342;0.1819432033667347;0.02595492144120827;0.25233527557337193;0.12282527776671816;0.1402530047885955;0.006348029328823759;0.033661377652713445;1073881088;2147483680;61274851586;29610352866;152;66;221;312;-7.823955690092142;0.09375;0.046875;random_78
3;0.2366789100818342;0.1819432033667347;0.02595492144120827;0.25233527557337193;0.12282527776671816;0.1402530047885955;0.006348029328823759;0.033661377652713445;1073881088;2147483680;61274851586;29610352866;152;66;221;312;-7.834793680192012;0.09375;;random_78
0;0.14310458346230157;0.1117981690082611;0.032769851808684095;0.19147501945039513;0.15754430501255756;0.09528587734100918;0.12040594777658077;0.14761624614021054;2415919104;63352015138;26915008834;1610752128;48;265;237;201;;;;random_780
1;0.2366789100818342;0.1819432033667347;0.02595492144120827;0.25233527557337193;0.12282527776671816;0.1402530047885955;0.006348029328823759;0.033661377652713445;2415919104;63352015138;26847748162;1610752128;71;265;270;145;-7.7776150774212836;0.078125;0.046875;random_780
2;0.2366789100818342;0.1819432033667347;0.02595492144120827;0.25233527557337193;0.12282527776671816;0.1402530047885955;0.006348029328823759;0.033661377652713445;2415919104;63352015138;26847748162;1610752128;71;265;270;145;-7.820767717303896;0.09375;0.046875;random_780
3;0.2366789100818342;0.1819432033667347;0.02595492144120827;0.25233527557337193;0.12282527776671816;0.1402530047885955;0.006348029328823759;0.033661377652713445;2415919104;63352015138;26847748162;1610752128;71;265;270;145;-7.820767717303896;0.078125;;random_780
0;0.10739814524743316;0.17309697817233843;0.18101549198529313;0.10749702355443265;0.04397426995726498;0.13999378486390499;0.1298114186679025;0.11721288755143024;2684354720;46506575906;29602427378;18257936384;77;204;290;180;;;;random_781
1;0.40072647367377445;0.00310362567010429;0.0033302005369709063;0.3927380356007213;0.046225443549343416;0.03708592971439797;0.06602574663090753;0.05076454462378014;2684354720;61271845122;29530141040;18257936384;101;205;219;226;-7.75958254341673;0.078125;0.046875;random_781
2;0.22350086628715765;0.0027692807665022075;0.05262966994137647;0.43884178522662964;0.04310337257013177;0.00745609202988119;0.05762348469859703;0.17407544847972403;2952790176;46506575906;64229881568;18257936384;91;208;229;223;-7.889564535947139;0.078125;0.0625;random_781
3;0.22350086628715765;0.0027692807665022075;0.05262966994137647;0.43884178522662964;0.04310337257013177;0.00745609202988119;0.05762348469859703;0.17407544847972403;2952790176;46506575906;64229881568;18257936384;91;208;229;223;-7.886525219607982;0.078125;0.046875;random_781
4;0.22350086628715765;0.0027692807665022075;0.05262966994137647;0.43884178522662964;0.04310337257013177;0.00745609202988119;0.05762348469859703;0.17407544847972403;2952790176;46506575906;64229881568;18257936384;91;208;229;223;-7.886525219607982;0.09375;;random_781
0;0.015711153100181566;0.2085352080615611;0.1444765371622346;0.11549670927791517;0.21854650528544742;0.0528026407555493;0.07286241035782234;0.17156883599928854;536871040;29610352866;2415919104;35433613312;72;463;30;186;;;;random_782
1;0.204010366811844;0.2987667435432591;0.03065162719019198;0.08078032796635412;0.016787901371500866;0.042166449379253054;0.01703437799657975;0.3098022057410172;1610752128;29610352866;2415919136;35433613312;157;343;58;193;-7.761443241230842;0.09375;0.046875;random_782
2;0.326285941382742;0.0635185918034378;0.008643354331733638;0.11122957736487912;0.18147816180187873;0.10093889846655026;0.01777818869520478;0.19012728615357374;1610752128;29610352866;2415919136;1073872896;139;421;62;129;-7.772616553220933;0.078125;0.03125;random_782
3;0.29733882025190816;0.006585438005213238;0.09639513903075424;0.2184823345993384;0.06785395966563444;0.29924815921097253;0.009175559626182243;0.004920589609996752;1610752128;29610352866;2415919104;1073872896;130;423;79;119;-7.820098965434267;0.078125;0.046875;random_782
4;0.10127897519170113;0.003976291332096471;0.012513226162602665;0.14524149309956427;0.17617441348207588;0.4397619684435204;0.018296104826642998;0.10275752746179621;18790621568;63355365730;3489800192;1073872896;191;329;115;116;-7.841349785508425;0.078125;0.046875;random_782
5;0.1630698429893746;0.00407268318921882;0.09797735637200568;0.2025790815233156;0.07132255533094715;0.3329994162083449;0.0012882034078602433;0.12669086097893295;18794807424;63355365730;3489800192;1073872896;193;346;108;104;-7.846745401760562;0.078125;0.046875;random_782
6;0.1630698429893746;0.00407268318921882;0.09797735637200568;0.2025790815233156;0.07132255533094715;0.3329994162083449;0.0012882034078602433;0.12669086097893295;18794807424;63355365730;3489800192;1073872896;194;345;108;104;-7.838785579260535;0.09375;0.03125;random_782
7;0.1630698429893746;0.00407268318921882;0.09797735637200568;0.2025790815233156;0.07132255533094715;0.3329994162083449;0.0012882034078602433;0.12669086097893295;18794807424;63355365730;3489800192;1073872896;194;345;108;104;-7.83886352940856;0.078125;;random_782
0;0.08315824053180088;0.06461271513313602;0.05428272500385744;0.1035551475119396;0.16534022017388614;0.17169109034792218;0.16854513697887938;0.18881472431857835;34359740416;29609828386;2415919104;1610752128;49;404;69;229;;;;random_783
1;0.27079720099530913;0.014614058233526014;0.007975375190218821;0.02060147033618875;0.3391334135243762;0.2934956762104928;0.04980239195471673;0.0035804135551717195;34359740416;29632917990;3489800192;18796912912;61;249;107;334;-7.7757819093579075;0.09375;0.03125;random_783
2;0.1630698429893746;0.00407268318921882;0.09797735637200568;0.2025790815233156;0.07132255533094715;0.3329994162083449;0.0012882034078602433;0.12669086097893295;34359740416;29602427378;3489800192;18794807424;43;378;128;202;-7.837086027489988;0.078125;0.046875;random_783
3;0.1630698429893746;0.00407268318921882;0.09797735637200568;0.2025790815233156;0.07132255533094715;0.3329994162083449;0.0012882034078602433;0.12669086097893295;34359740416;29602427378;3489800192;18794807424;43;378;128;202;-7.804045730463063;0.09375;0.046875;random_783
4;0.1630698429893746;0.00407268318921882;0.09797735637200568;0.2025790815233156;0.07132255533094715;0.3329994162083449;0.0012882034078602433;0.12669086097893295;34359740416;29602427378;3489800192;18794807424;43;378;128;202;-7.804045730463063;0.09375;;random_783
0;0.010354451448802591;0.2004325949610536;0.0870243496512387;0.03938020844008982;0.19794425404134383;0.1683878999034959;0.18972073460210245;0.10675550695187304;34359740416;29609828386;2415919104;1610752128;113;363;69;206;;;;random_784
1;0.08922816510716168;0.25961254950769286;0.06657640034426583;0.02785986017088236;0.2539664785206419;0.24572598476350171;0.0505776570364607;0.0064529045493929085;35433613312;29610352866;2415919104;1610752128;153;294;94;210;-7.7756812945591225;0.078125;0.046875;random_784
2;0.12961102506719674;0.2121446348816462;0.009650034826341298;0.011627904301703115;0.228667349850816;0.2936266473663647;0.10472314378615677;0.009949259919775369;35433613312;29632917990;2415919104;18790621568;132;239;109;271;-7.837219788178292;0.09375;0.046875;random_784
3;0.32846232613293985;0.14843015491209435;0.016209649475366184;0.05280486395757963;0.029836524436253207;0.347560442973192;0.02302143698076004;0.0536746011318147;35433613312;29610352866;3489800192;18790621568;158;257;108;228;-7.885518461205074;0.078125;0.03125;random_784
4;0.1630698429893746;0.00407268318921882;0.09797735637200568;0.2025790815233156;0.07132255533094715;0.3329994162083449;0.0012882034078602433;0.12669086097893295;1073872896;29610352866;3489800192;18790621568;111;369;101;170;-7.841356844817665;0.078125;0.03125;random_784
5;0.1630698429893746;0.00407268318921882;0.09797735637200568;0.2025790815233156;0.07132255533094715;0.3329994162083449;0.0012882034078602433;0.12669086097893295;1073872896;29610352866;3489800192;18790621568;111;369;101;170;-7.833707167315806;0.078125;0.03125;random_784
6;0.1630698429893746;0.00407268318921882;0.09797735637200568;0.2025790815233156;0.07132255533094715;0.3329994162083449;0.0012882034078602433;0.12669086097893295;1073872896;29610352866;3489800192;18790621568;111;369;101;170;-7.833707167315806;0.09375;;random_784
0;0.16183646165246804;0.11242947264799061;0.11675513106852263;0.2059367807455824;0.1598052613084118;0.1226697620984051;0.08500110779480134;0.035566022683817956;536871040;2147483680;1073881088;29610352866;44;57;147;503;;;;random_785
1;0.34884434049438995;0.00273272513097807;0.06775407423558436;0.38042746609519695;0.011189118644623321;0.09961849730817919;0.034426194101241654;0.05500758398980671;1610752128;2147483680;1073872896;29610352866;137;61;105;448;-7.820353176436929;0.078125;0.03125;random_785
2;0.22350086628715765;0.0027692807665022075;0.05262966994137647;0.43884178522662964;0.04310337257013177;0.00745609202988119;0.05762348469859703;0.17407544847972403;1610752128;2415919136;1073872896;29610352866;155;46;118;432;-7.857936097389714;0.078125;0.046875;random_785
3;0.22350086628715765;0.0027692807665022075;0.05262966994137647;0.43884178522662964;0.04310337257013177;0.00745609202988119;0.05762348469859703;0.17407544847972403;1610752128;2415919136;1073872896;29610352866;155;46;119;431;-7.872377247269405;0.09375;0.046875;random_785
4;0.22350086628715765;0.0027692807665022075;0.05262966994137647;0.43884178522662964;0.04310337257013177;0.00745609202988119;0.05762348469859703;0.17407544847972403;1610752128;2415919136;1073872896;29610352866;155;46;119;431;-7.872818554810086;0.078125;;random_785
0;0.04457319011226267;0.11541547432310885;0.2668314165781805;0.07377588920859997;0.05063222881909236;0.029948009406951734;0.3259302895829974;0.09289350196880643;2415919104;42949675010;29327761760;12348170466;24;92;278;357;;;;random_786
1;0.3055964327521204;0.002299372317576011;0.21642692522777224;0.16021386582016917;0.035789329446399835;0.0023012951077686305;0.2610610151251996;0.016311764202994142;2415919136;42949675010;61822614598;12348170466;38;61;380;272;-7.728264352920901;0.09375;0.046875;random_786
2;0.3055964327521204;0.002299372317576011;0.21642692522777224;0.16021386582016917;0.035789329446399835;0.0023012951077686305;0.2610610151251996;0.016311764202994142;2415919136;42949675010;61822614598;12348170466;38;61;380;272;-7.766435441583729;0.109375;0.046875;random_786
3;0.3055964327521204;0.002299372317576011;0.21642692522777224;0.16021386582016917;0.035789329446399835;0.0023012951077686305;0.2610610151251996;0.016311764202994142;2415919136;42949675010;61822614598;12348170466;38;61;380;272;-7.766435441583729;0.09375;;random_786
0;0.042855870712288364;0.08339728218219915;0.13431474677420305;0.12509143294346717;0.19708273881362376;0.1455137760423998;0.11990900894637833;0.15183514358544042;536871040;29610352866;2415919104;1073872896;83;480;58;130;;;;random_787
1;0.1630698429893746;0.00407268318921882;0.09797735637200568;0.2025790815233156;0.07132255533094715;0.3329994162083449;0.0012882034078602433;0.12669086097893295;1610752128;29610352866;3489800192;1073872896;133;399;100;119;-7.777463309737753;0.09375;0.046875;random_787
2;0.1630698429893746;0.00407268318921882;0.09797735637200568;0.2025790815233156;0.07132255533094715;0.3329994162083449;0.0012882034078602433;0.12669086097893295;1610752128;29610352866;3489800192;1073872896;134;397;101;119;-7.836595514474449;0.078125;0.046875;random_787
3;0.1630698429893746;0.00407268318921882;0.09797735637200568;0.2025790815233156;0.07132255533094715;0.3329994162083449;0.0012882034078602433;0.12669086097893295;1610752128;29610352866;3489800192;1073872896;134;397;101;119;-7.83730789124835;0.078125;;random_787
0;0.13155931808196397;0.15212498296672164;0.11346293557758062;0.16001637488659487;0.1784040001548152;0.13805149038996728;0.07088527903681874;0.055495618905537676;2684354720;44090656770;29602427378;18257936384;87;189;298;177;;;;random_788
1;0.2366789100818342;0.1819432033667347;0.02595492144120827;0.25233527557337193;0.12282527776671816;0.1402530047885955;0.006348029328823759;0.033661377652713445;2684354720;44090656770;29610352866;18257944576;97;195;292;167;-7.809011971520614;0.09375;0.046875;random_788
2;0.2366789100818342;0.1819432033667347;0.02595492144120827;0.25233527557337193;0.12282527776671816;0.1402530047885955;0.006348029328823759;0.033661377652713445;2684354720;44090656770;29610352866;1073881088;96;184;318;153;-7.838264502406151;0.109375;0.046875;random_788
3;0.2366789100818342;0.1819432033667347;0.02595492144120827;0.25233527557337193;0.12282527776671816;0.1402530047885955;0.006348029328823759;0.033661377652713445;2684354720;44090656770;29610352866;1073881088;96;184;318;153;-7.8386360253255765;0.09375;0.046875;random_788
4;0.2366789100818342;0.1819432033667347;0.02595492144120827;0.25233527557337193;0.12282527776671816;0.1402530047885955;0.006348029328823759;0.033661377652713445;2684354720;44090656770;29610352866;1073881088;96;184;318;153;-7.8386360253255765;0.09375;;random_788
0;0.2038355225331217;0.2019940111176385;0.007648982930489388;0.23900009234127662;0.07097758852478599;0.0174313881796392;0.049008385200817475;0.2101040291722312;2684354720;46707902626;26915008834;18257936384;87;257;203;204;;;;random_789
1;0.3114339044952291;0.12936049714476824;0.0442786732718962;0.3664860621227759;0.059610964092349575;0.011724357455235737;0.07404360860745786;0.003061932810287608;2684354720;46802282550;29540626790;18257936384;78;193;262;218;-7.822718912392706;0.078125;0.046875;random_789
2;0.22350086628715765;0.0027692807665022075;0.05262966994137647;0.43884178522662964;0.04310337257013177;0.00745609202988119;0.05762348469859703;0.17407544847972403;2684354720;46506575906;29058605408;18257936384;106;204;208;233;-7.849931053320242;0.078125;0.046875;random_789
3;0.22350086628715765;0.0027692807665022075;0.05262966994137647;0.43884178522662964;0.04310337257013177;0.00745609202988119;0.05762348469859703;0.17407544847972403;2684354720;46506575906;29058605408;18257936384;106;204;208;233;-7.898021290110449;0.078125;0.046875;random_789
4;0.22350086628715765;0.0027692807665022075;0.05262966994137647;0.43884178522662964;0.04310337257013177;0.00745609202988119;0.05762348469859703;0.17407544847972403;2684354720;46506575906;29058605408;18257936384;106;204;208;233;-7.898021290110449;0.09375;;random_789
0;0.10182062900970404;0.12295226891626969;0.18209397621155826;0.22582416340436512;0.02763395062832244;0.02520401482710049;0.13889812595455805;0.17557287104812186;2415919104;44090656770;29610352866;1610752128;28;182;377;164;;;;random_79
1;0.22350086628715765;0.0027692807665022075;0.05262966994137647;0.43884178522662964;0.04310337257013177;0.00745609202988119;0.05762348469859703;0.17407544847972403;2415919136;44090656770;29610352866;1610752128;64;180;293;214;-7.783012102840703;0.09375;0.046875;random_79
2;0.22350086628715765;0.0027692807665022075;0.05262966994137647;0.43884178522662964;0.04310337257013177;0.00745609202988119;0.05762348469859703;0.17407544847972403;2415919136;44090656770;29610352866;1610752128;64;180;293;214;-7.858092923643183;0.09375;0.046875;random_79
3;0.22350086628715765;0.0027692807665022075;0.05262966994137647;0.43884178522662964;0.04310337257013177;0.00745609202988119;0.05762348469859703;0.17407544847972403;2415919136;44090656770;29610352866;1610752128;64;180;293;214;-7.858092923643183;0.078125;;random_79
0;0.11248855214833149;0.18214309609196225;0.02285079988807676;0.17839650040905206;0.1399869149461089;0.046222916565581355;0.1584795006392775;0.15943171931160963;2684354720;46802282550;26915008834;18257936384;92;264;226;169;;;;random_790
1;0.2308093585983686;0.12859103137220315;0.012810719944813947;0.2926995990654124;0.00829441579153979;0.08442058700028815;0.0014980813812954942;0.2408762068460784;20950556832;46802282550;26847748162;1073872896;204;222;197;128;-7.773389413107352;0.078125;0.046875;random_790
2;0.22350086628715765;0.0027692807665022075;0.05262966994137647;0.43884178522662964;0.04310337257013177;0.00745609202988119;0.05762348469859703;0.17407544847972403;20950556832;46506575906;29058605408;1073872896;215;203;205;128;-7.80667941757531;0.078125;0.046875;random_790
3;0.22350086628715765;0.0027692807665022075;0.05262966994137647;0.43884178522662964;0.04310337257013177;0.00745609202988119;0.05762348469859703;0.17407544847972403;20950556832;46506575906;29058605408;1073872896;215;203;205;128;-7.91022804383883;0.078125;0.046875;random_790
4;0.22350086628715765;0.0027692807665022075;0.05262966994137647;0.43884178522662964;0.04310337257013177;0.00745609202988119;0.05762348469859703;0.17407544847972403;20950556832;46506575906;29058605408;1073872896;215;203;205;128;-7.91022804383883;0.078125;;random_790
0;0.029482864842183626;0.07273611173958926;0.17440084518354385;0.10389135868544262;0.20890076217811065;0.14633180529479584;0.2339477614932939;0.030308490583040127;1610752128;68189404707;29264060480;29534331042;141;153;189;268;;;;random_791
1;0.1285112208549206;0.02327938369764338;0.13282124952797691;0.05796728286962441;0.24635275673720614;0.3539078301095832;0.048087801002773024;0.009072475200272255;1610752128;68189404707;12088123456;29534331042;226;103;145;277;-7.753834996279481;0.078125;0.0625;random_791
2;0.13377552132828424;0.06137089452485047;0.02844105773874069;0.14558092171782291;0.24414297592495682;0.2944848270608743;0.02030748447079243;0.07189631723367822;1073881088;68189404707;12088123456;29528301986;161;105;188;297;-7.782730386356319;0.078125;0.03125;random_791
3;0.18341313446051902;0.08417926612557122;0.02078870806908684;0.25620926682318945;0.1589376744039933;0.22336690389576494;0.025331537185377985;0.047773509036497276;1073881088;68189404707;12088123456;29528301986;169;113;184;285;-7.7935334958889015;0.09375;0.03125;random_791
4;0.18341313446051902;0.08417926612557122;0.02078870806908684;0.25620926682318945;0.1589376744039933;0.22336690389576494;0.025331537185377985;0.047773509036497276;1073881088;68189404707;12088123456;29528301986;169;113;184;285;-7.793621266383366;0.0625;;random_791
0;0.2387702896103634;0.15119960234455826;0.16901625137929563;0.09243194474688543;0.0875564834345722;0.061764512867766595;0.12149131021071083;0.07776960540584762;9126805634;2415919136;29610352866;1073872896;93;41;459;158;;;;random_792
1;0.4554956681272346;0.01950704247648652;0.009232546118176182;0.2560081526083127;0.0633016701255059;0.09745217600848076;0.014879842342759403;0.0841229021930442;61744482434;2415919136;29610352866;1073872896;238;64;334;115;-7.801750090677051;0.09375;0.046875;random_792
2;0.31432026688141895;0.08282628946517219;0.05861694141395444;0.2290022396863755;0.000594493705413575;0.2695746548623017;0.033007942457348054;0.012057171528015555;61744482434;2415919104;29610352866;1073881088;225;71;314;141;-7.827405035835857;0.078125;0.03125;random_792
3;0.2380546354771868;0.11173900989189237;0.026105787627590093;0.2538020055267487;0.04185444016434565;0.24887557479368702;0.006384928033296779;0.07318361848525257;61744482434;2415919104;29610352866;1073881088;206;69;335;141;-7.831227284494587;0.078125;0.046875;random_792
4;0.2380546354771868;0.11173900989189237;0.026105787627590093;0.2538020055267487;0.04185444016434565;0.24887557479368702;0.006384928033296779;0.07318361848525257;61744482434;2415919104;29610352866;1073881088;206;69;335;141;-7.835321480021934;0.09375;;random_792
0;0.04378785413019902;0.22197547113649896;0.10325994823391618;0.156505680983949;0.08635066199706182;0.13150423397969485;0.11521220031475547;0.1414039492239247;536871040;29610352866;2415919104;35433613312;53;458;45;195;;;;random_793
1;0.32429386405129795;0.004157040430867142;0.0014156520110912357;0.10095164322477827;0.02919755662595877;0.35921252053944347;0.04187065942688594;0.13890106368967722;18794832000;29610352866;2415919104;1073872896;232;299;99;121;-7.755359730108872;0.078125;0.0625;random_793
2;0.1630698429893746;0.00407268318921882;0.09797735637200568;0.2025790815233156;0.07132255533094715;0.3329994162083449;0.0012882034078602433;0.12669086097893295;18794807424;29602427378;3489800192;1073872896;182;365;100;104;-7.8307417494095155;0.078125;0.046875;random_793
3;0.1630698429893746;0.00407268318921882;0.09797735637200568;0.2025790815233156;0.07132255533094715;0.3329994162083449;0.0012882034078602433;0.12669086097893295;18794807424;29602427378;3489800192;1073872896;182;365;100;104;-7.839666929026741;0.078125;0.046875;random_793
4;0.1630698429893746;0.00407268318921882;0.09797735637200568;0.2025790815233156;0.07132255533094715;0.3329994162083449;0.0012882034078602433;0.12669086097893295;18794807424;29602427378;3489800192;1073872896;182;365;100;104;-7.839666929026741;0.09375;;random_793
0;0.21044998197330658;0.19332243185593392;0.22191540521369962;0.04260209631651622;0.027380745130292903;0.0986834675433322;0.14030251876821598;0.06534335319870263;9126805634;2147483680;29534331042;35433613312;90;45;435;181;;;;random_794
1;0.35206694389964255;0.24838557477533132;0.022495559963140233;0.015968218246313563;0.1405896304892291;0.13153222491131794;0.01137170991244835;0.07759013780257697;10200686786;2147483680;29610352866;35433613312;175;48;324;204;-7.7755242275703935;0.09375;0.0625;random_794
2;0.3213706583755633;0.11903814318268968;0.017556143254973008;0.27872367736218245;0.15140872368796396;0.0725830103446137;0.006198745360259357;0.03312089843175478;10200686786;2147483680;29610352866;1073872896;178;67;360;146;-7.779254765249282;0.078125;0.0625;random_794
3;0.34884434049438995;0.00273272513097807;0.06775407423558436;0.38042746609519695;0.011189118644623321;0.09961849730817919;0.034426194101241654;0.05500758398980671;10200686786;2147483680;29610352866;1073872896;180;76;343;152;-7.830051170537211;0.09375;0.046875;random_794
4;0.34884434049438995;0.00273272513097807;0.06775407423558436;0.38042746609519695;0.011189118644623321;0.09961849730817919;0.034426194101241654;0.05500758398980671;10200686786;2147483680;29610352866;1073872896;180;76;343;152;-7.830776011564675;0.09375;;random_794
0;0.16885825045945338;0.15713800214529353;0.19950910999452307;0.15919172097883558;0.023398599265578288;0.14522284041037398;0.08998630560022289;0.05669517114571932;9126805634;2147483680;29610352866;1073872896;113;61;432;145;;;;random_795
1;0.28781070354548244;0.055796013662973175;0.025259102217814636;0.2890178041962452;0.036218807741291055;0.23046486245127196;0.0734298625641276;0.002002843620793949;61746587650;2147483680;29540626790;1073881088;209;76;300;166;-7.800016034878457;0.09375;0.046875;random_795
2;0.34884434049438995;0.00273272513097807;0.06775407423558436;0.38042746609519695;0.011189118644623321;0.09961849730817919;0.034426194101241654;0.05500758398980671;61744482434;2147483680;29532451296;1073881088;294;74;237;146;-7.849613495633506;0.09375;0.03125;random_795
3;0.22350086628715765;0.0027692807665022075;0.05262966994137647;0.43884178522662964;0.04310337257013177;0.00745609202988119;0.05762348469859703;0.17407544847972403;61744482434;2147483680;29532451296;1073881088;269;41;254;187;-7.834180453534084;0.09375;0.046875;random_795
4;0.22350086628715765;0.0027692807665022075;0.05262966994137647;0.43884178522662964;0.04310337257013177;0.00745609202988119;0.05762348469859703;0.17407544847972403;61744482434;2147483680;29532451296;1073881088;269;41;254;187;-7.8411008549126375;0.09375;;random_795
0;0.16313356521697756;0.08189590976438885;0.14386623538613783;0.15609439709039266;0.14338129111764372;0.0028961309564897227;0.09451098590471796;0.21422148456325166;536871040;29610352866;2415919136;1073872896;83;498;36;134;;;;random_796
1;0.22350086628715765;0.0027692807665022075;0.05262966994137647;0.43884178522662964;0.04310337257013177;0.00745609202988119;0.05762348469859703;0.17407544847972403;1610752128;29610352866;2415919136;1073872896;155;431;46;119;-7.797625818632832;0.09375;0.046875;random_796
2;0.22350086628715765;0.0027692807665022075;0.05262966994137647;0.43884178522662964;0.04310337257013177;0.00745609202988119;0.05762348469859703;0.17407544847972403;1610752128;29610352866;2415919136;1073872896;155;432;46;118;-7.872818554810086;0.09375;0.046875;random_796
3;0.22350086628715765;0.0027692807665022075;0.05262966994137647;0.43884178522662964;0.04310337257013177;0.00745609202988119;0.05762348469859703;0.17407544847972403;1610752128;29610352866;2415919136;1073872896;155;432;46;118;-7.872377247269405;0.09375;;random_796
0;0.08870269321984334;0.1302505069271195;0.08863529866652722;0.050945981259616;0.051077812959096705;0.19148658428559867;0.16057016876489008;0.23833095391730852;536871040;29534331042;2415919104;35433613312;90;413;67;181;;;;random_797
1;0.24133863354290885;0.0034479921744328826;0.10899294801921862;0.00953337496740819;0.14839113593438724;0.2304924863812504;0.00859613419616861;0.24920729478422524;1610752128;29610352866;2415919104;1073872896;142;384;80;145;-7.778484878590959;0.09375;0.046875;random_797
2;0.22981236824301193;0.06474314081029917;0.05554132337516681;0.016073467164186665;0.18053825708676366;0.2551802717984384;0.02254044521833937;0.17557072630379392;1610752128;29610352866;2415919104;1073872896;159;346;98;148;-7.812135104331264;0.09375;0.046875;random_797
3;0.173774107802524;0.005944439597428946;0.1460460754256834;0.05636071752935284;0.15193135180814402;0.2964315205646726;0.0005845289065144723;0.16892725836567982;1610752128;29610352866;3489800192;1073872896;137;383;107;124;-7.820884856819001;0.078125;0.0625;random_797
4;0.173774107802524;0.005944439597428946;0.1460460754256834;0.05636071752935284;0.15193135180814402;0.2964315205646726;0.0005845289065144723;0.16892725836567982;1610752128;29610352866;3489800192;1073872896;137;383;107;124;-7.83074865801356;0.078125;0.046875;random_797
5;0.173774107802524;0.005944439597428946;0.1460460754256834;0.05636071752935284;0.15193135180814402;0.2964315205646726;0.0005845289065144723;0.16892725836567982;1610752128;29610352866;3489800192;1073872896;137;383;107;124;-7.83074865801356;0.09375;;random_797
0;0.08667795307311532;0.13105875608128675;0.09646461246682903;0.09757603326827856;0.17584257968485337;0.09353348228855715;0.19109431805617977;0.1277522650809001;2684354720;46802282550;29602427378;18257936384;64;216;277;194;;;;random_798
1;0.3213706583755633;0.11903814318268968;0.017556143254973008;0.27872367736218245;0.15140872368796396;0.0725830103446137;0.006198745360259357;0.03312089843175478;2684354720;44090656770;29610352866;18257944576;95;168;297;191;-7.740969493598789;0.078125;0.046875;random_798
2;0.22350086628715765;0.0027692807665022075;0.05262966994137647;0.43884178522662964;0.04310337257013177;0.00745609202988119;0.05762348469859703;0.17407544847972403;2952790176;44090656770;64229881568;18257936384;90;201;237;223;-7.831952963351711;0.09375;0.046875;random_798
3;0.22350086628715765;0.0027692807665022075;0.05262966994137647;0.43884178522662964;0.04310337257013177;0.00745609202988119;0.05762348469859703;0.17407544847972403;2952790176;44090656770;64229881568;18257936384;90;201;237;223;-7.886907146226282;0.078125;0.046875;random_798
4;0.22350086628715765;0.0027692807665022075;0.05262966994137647;0.43884178522662964;0.04310337257013177;0.00745609202988119;0.05762348469859703;0.17407544847972403;2952790176;44090656770;64229881568;18257936384;90;201;237;223;-7.886907146226282;0.078125;;random_798
0;0.03009408860606681;0.023949673192212678;0.34605906489955457;0.14069015184422895;0.20695562729561714;0.15204327680167407;0.0559775601638337;0.04423055719681196;536871040;9663807490;19595788544;29610352866;57;181;136;377;;;;random_799
1;0.1630698429893746;0.00407268318921882;0.09797735637200568;0.2025790815233156;0.07132255533094715;0.3329994162083449;0.0012882034078602433;0.12669086097893295;1073872896;9663815682;3489800192;29610352866;151;130;100;370;-7.742093882719051;0.078125;0.0625;random_799
2;0.1630698429893746;0.00407268318921882;0.09797735637200568;0.2025790815233156;0.07132255533094715;0.3329994162083449;0.0012882034078602433;0.12669086097893295;1073872896;9663815682;3489800192;29610352866;151;130;101;369;-7.852505927201398;0.109375;0.046875;random_799
3;0.1630698429893746;0.00407268318921882;0.09797735637200568;0.2025790815233156;0.07132255533094715;0.3329994162083449;0.0012882034078602433;0.12669086097893295;1073872896;9663815682;3489800192;29610352866;151;130;101;369;-7.852862733271729;0.109375;;random_799
0;0.05089437167003923;0.09546144282395136;0.21255179875431532;0.025139124271434984;0.21694051896003838;0.024879485862594797;0.25280137296347244;0.12133188469415349;2684354720;48882694208;29327761760;29534331042;70;164;189;328;;;;random_8
1;0.2135587374113718;0.015119268622326735;0.2510395923709819;0.03586811938442661;0.21716484195245772;0.014005253564782076;0.21914627954476226;0.03409790714889081;2684354720;1073872896;29327761760;29534331042;76;157;183;335;-7.70838043094203;0.09375;0.03125;random_8
2;0.3401043778858637;0.022021816831113178;0.2578264199129315;0.1548534781178542;0.0919944574908647;0.005976929225666723;0.056671684346527404;0.07055083618917844;2684354720;1073872896;29327761760;29534331042;70;126;200;355;-7.76614491237668;0.078125;0.046875;random_8
3;0.09171219702593535;0.01565772825661955;0.3085880103261945;0.3269233227144863;0.14677482226257624;0.01802903563390157;0.01551898498139269;0.07679589879889391;2684354720;1073872896;29327761760;29534331042;83;108;215;345;-7.794243574317122;0.078125;0.046875;random_8
4;0.22350086628715765;0.0027692807665022075;0.05262966994137647;0.43884178522662964;0.04310337257013177;0.00745609202988119;0.05762348469859703;0.17407544847972403;2684354720;1073872896;29058605408;29534331042;102;159;183;307;-7.823627625289468;0.078125;0.03125;random_8
5;0.22350086628715765;0.0027692807665022075;0.05262966994137647;0.43884178522662964;0.04310337257013177;0.00745609202988119;0.05762348469859703;0.17407544847972403;2684354720;1073872896;29058605408;29534331042;102;159;183;307;-7.867210541296768;0.09375;0.046875;random_8
6;0.22350086628715765;0.0027692807665022075;0.05262966994137647;0.43884178522662964;0.04310337257013177;0.00745609202988119;0.05762348469859703;0.17407544847972403;2684354720;1073872896;29058605408;29534331042;102;159;183;307;-7.867210541296768;0.078125;;random_8
0;0.16838234095247248;0.185789690197225;0.19523850565060813;0.07937218023292596;0.07550751615858622;0.02934429031935571;0.1359792636505365;0.13038621283829002;2684354720;46802282550;29327761760;18257936384;85;261;200;205;;;;random_80
1;0.3100584150792658;0.07343233757558437;0.025662999591963033;0.4248499922502482;0.09572582069474;0.01768437276106377;0.01984799302375869;0.03273806902337624;2684354720;63624054786;29532451296;18257936384;108;223;202;218;-7.737106280104956;0.078125;0.046875;random_80
2;0.22350086628715765;0.0027692807665022075;0.05262966994137647;0.43884178522662964;0.04310337257013177;0.00745609202988119;0.05762348469859703;0.17407544847972403;2952790176;46506575906;29532451296;18257936384;103;205;212;231;-7.885348097879284;0.078125;0.03125;random_80
3;0.22350086628715765;0.0027692807665022075;0.05262966994137647;0.43884178522662964;0.04310337257013177;0.00745609202988119;0.05762348469859703;0.17407544847972403;2952790176;46506575906;29532451296;18257936384;103;205;212;231;-7.896721927346881;0.078125;0.03125;random_80
4;0.22350086628715765;0.0027692807665022075;0.05262966994137647;0.43884178522662964;0.04310337257013177;0.00745609202988119;0.05762348469859703;0.17407544847972403;2952790176;46506575906;29532451296;18257936384;103;205;212;231;-7.896721927346881;0.09375;;random_80
0;0.06613510759158017;0.18822193434551399;0.16993752429194972;0.10217030752283886;0.013735406399321684;0.10075231588532063;0.12384724800492061;0.23520015595855437;536871040;29610352866;2415919104;35433613312;79;453;34;185;;;;random_800
1;0.39291997443258353;0.046678392075325884;0.08967364259959058;0.08593741867270752;0.0030779983045545484;0.012602836570425146;0.03494607953549779;0.33416365780931495;1610752128;29610352866;2415919136;1073872896;141;415;46;149;-7.778109222015653;0.078125;0.046875;random_800
2;0.24265488072094357;0.04774158604080464;0.12974322700013724;0.165487103809149;0.047542452493914734;0.0021567508552906506;0.0256253964842772;0.33904860259548303;1610752128;29610352866;2415919136;1073872896;140;431;43;137;-7.796191748375704;0.078125;0.046875;random_800
3;0.24265488072094357;0.04774158604080464;0.12974322700013724;0.165487103809149;0.047542452493914734;0.0021567508552906506;0.0256253964842772;0.33904860259548303;1610752128;29610352866;2415919136;1073872896;140;431;43;137;-7.80072073815007;0.078125;;random_800
0;0.2153225655224631;0.06464433133840779;0.06647376776235345;0.18332240857662452;0.19029857904361389;0.16382469448356438;0.032692187519668195;0.08342146575330467;44090656770;2147483680;29610352866;18794807424;175;68;293;215;;;;random_801
1;0.34884434049438995;0.00273272513097807;0.06775407423558436;0.38042746609519695;0.011189118644623321;0.09961849730817919;0.034426194101241654;0.05500758398980671;44090656770;2147483680;29610352866;18794807424;164;77;270;240;-7.8472959794374955;0.078125;0.046875;random_801
2;0.22350086628715765;0.0027692807665022075;0.05262966994137647;0.43884178522662964;0.04310337257013177;0.00745609202988119;0.05762348469859703;0.17407544847972403;44090656770;2415919136;64229881568;18794807424;218;50;223;260;-7.862792849177967;0.078125;0.046875;random_801
3;0.22350086628715765;0.0027692807665022075;0.05262966994137647;0.43884178522662964;0.04310337257013177;0.00745609202988119;0.05762348469859703;0.17407544847972403;44090656770;2415919136;64229881568;18794807424;218;50;223;260;-7.884359220432953;0.078125;0.046875;random_801
4;0.22350086628715765;0.0027692807665022075;0.05262966994137647;0.43884178522662964;0.04310337257013177;0.00745609202988119;0.05762348469859703;0.17407544847972403;44090656770;2415919136;64229881568;18794807424;218;50;223;260;-7.884359220432953;0.09375;;random_801
0;0.005837947036240424;0.14024277324444692;0.14851253474056939;0.16950071426825958;0.0161890987976567;0.16687341749240678;0.1691222296316387;0.18372128478878158;536871040;12348170466;18257809408;35433613312;48;421;130;152;;;;random_802
1;0.22350086628715765;0.0027692807665022075;0.05262966994137647;0.43884178522662964;0.04310337257013177;0.00745609202988119;0.05762348469859703;0.17407544847972403;1610752128;29610352866;18257936384;1073872896;140;415;121;75;-7.711766989909891;0.078125;0.03125;random_802
2;0.22350086628715765;0.0027692807665022075;0.05262966994137647;0.43884178522662964;0.04310337257013177;0.00745609202988119;0.05762348469859703;0.17407544847972403;1610752128;29610352866;18257936384;1073872896;140;415;121;75;-7.853764635352317;0.078125;0.046875;random_802
3;0.22350086628715765;0.0027692807665022075;0.05262966994137647;0.43884178522662964;0.04310337257013177;0.00745609202988119;0.05762348469859703;0.17407544847972403;1610752128;29610352866;18257936384;1073872896;140;415;121;75;-7.853764635352317;0.078125;;random_802
0;0.18493494693762952;0.06243942409412769;0.06289613004129484;0.16361643169622367;0.1615993972405414;0.15698642542145672;0.08395082755208508;0.12357641701664117;2684354720;29609828386;9730924610;1073872896;114;343;156;138;;;;random_803
1;0.32493273494266767;0.06843068819515095;0.012750570507117863;0.2712854437935107;0.00888992412495405;0.099940527587426;0.02604741663723245;0.18772269421194024;2684354720;29609828386;9730924610;1073872896;118;332;162;139;-7.798638773766101;0.078125;0.03125;random_803
2;0.22350086628715765;0.0027692807665022075;0.05262966994137647;0.43884178522662964;0.04310337257013177;0.00745609202988119;0.05762348469859703;0.17407544847972403;2684354720;29534331042;29058605408;1073872896;102;307;183;159;-7.820551390178212;0.078125;0.046875;random_803
3;0.22350086628715765;0.0027692807665022075;0.05262966994137647;0.43884178522662964;0.04310337257013177;0.00745609202988119;0.05762348469859703;0.17407544847972403;2684354720;29534331042;29058605408;1073872896;102;307;183;159;-7.867210541296768;0.078125;0.0625;random_803
4;0.22350086628715765;0.0027692807665022075;0.05262966994137647;0.43884178522662964;0.04310337257013177;0.00745609202988119;0.05762348469859703;0.17407544847972403;2684354720;29534331042;29058605408;1073872896;102;307;183;159;-7.867210541296768;0.078125;;random_803
0;0.06959949462728454;0.13776676445376942;0.1783059723757946;0.16129125890938031;0.09984213585703462;0.12113146562626598;0.17830973964595084;0.053753168504519486;536871040;42949675010;19595788544;12348170466;34;148;106;463;;;;random_804
1;0.2500791569798219;0.2354027773027801;0.014862273932091507;0.2486842722487812;0.05416282486031248;0.14072914265149306;0.02574566700541392;0.030333885019305878;1610752128;44090656770;20669923328;29610352866;120;203;127;301;-7.7213444172726575;0.09375;0.046875;random_804
2;0.2366789100818342;0.1819432033667347;0.02595492144120827;0.25233527557337193;0.12282527776671816;0.1402530047885955;0.006348029328823759;0.033661377652713445;1610752128;44090656770;20673732608;29610352866;120;185;142;304;-7.816399418709394;0.09375;0.046875;random_804
3;0.1392255002173059;0.0821827009485524;0.05539495984100827;0.3940745820312848;0.14956232609575937;0.1586385207047434;0.0060157991482112875;0.014905611013134545;1610752128;44090656770;20673732608;29602427378;143;158;133;317;-7.8244589647540375;0.078125;0.03125;random_804
4;0.34884434049438995;0.00273272513097807;0.06775407423558436;0.38042746609519695;0.011189118644623321;0.09961849730817919;0.034426194101241654;0.05500758398980671;1610752128;44090656770;20405682208;29610352866;152;160;175;264;-7.837203005857778;0.078125;0.046875;random_804
5;0.22350086628715765;0.0027692807665022075;0.05262966994137647;0.43884178522662964;0.04310337257013177;0.00745609202988119;0.05762348469859703;0.17407544847972403;1610752128;44090656770;20405682208;29610352866;165;160;166;260;-7.85781640113715;0.078125;0.046875;random_804
6;0.22350086628715765;0.0027692807665022075;0.05262966994137647;0.43884178522662964;0.04310337257013177;0.00745609202988119;0.05762348469859703;0.17407544847972403;1610752128;44090656770;20405682208;29610352866;165;160;166;260;-7.873249396203881;0.09375;;random_804
0;0.05957237149126619;0.13055579534104172;0.1330188351138908;0.0063187352565082285;0.15665676893280717;0.11245370691266253;0.1551582615540671;0.2462655253977562;34359740416;29609828386;2415919104;10200686786;85;379;40;247;;;;random_805
1;0.22731867997325075;0.21778282490020726;0.0233660952490885;0.051560957778979975;0.16741693497194463;0.09283113520877237;0.015945684424607864;0.2037776874931487;35433613312;29609828386;2415919104;10200686786;213;282;54;202;-7.743286861605663;0.09375;0.046875;random_805
2;0.22731867997325075;0.21778282490020726;0.0233660952490885;0.051560957778979975;0.16741693497194463;0.09283113520877237;0.015945684424607864;0.2037776874931487;35433613312;29609828386;2415919104;10200686786;213;282;54;202;-7.768927394690934;0.09375;0.046875;random_805
3;0.22731867997325075;0.21778282490020726;0.0233660952490885;0.051560957778979975;0.16741693497194463;0.09283113520877237;0.015945684424607864;0.2037776874931487;35433613312;29609828386;2415919104;10200686786;213;282;54;202;-7.768927394690934;0.078125;;random_805
0;0.09134861463659402;0.029571060479046722;0.05663215861887381;0.08405948821385237;0.23678329415743488;0.15056875765957356;0.27287431350249564;0.07816231273212898;2415919104;68189404707;10737418274;12348170466;62;211;69;409;;;;random_806
1;0.35536557504575755;0.038265523519394884;0.00450023963246392;0.001360380912786598;0.016291722576489084;0.3531279735521729;0.10437146840750454;0.12671711635343055;3489800192;10200686786;52617676800;29611143330;116;207;196;232;-7.733455629740866;0.09375;0.046875;random_806
2;0.1630698429893746;0.00407268318921882;0.09797735637200568;0.2025790815233156;0.07132255533094715;0.3329994162083449;0.0012882034078602433;0.12669086097893295;37849409536;10200686786;1073872896;29534331042;111;210;124;306;-7.848454290394146;0.078125;0.03125;random_806
3;0.1630698429893746;0.00407268318921882;0.09797735637200568;0.2025790815233156;0.07132255533094715;0.3329994162083449;0.0012882034078602433;0.12669086097893295;37849409536;10200686786;1073872896;29534331042;111;210;124;306;-7.847103401847379;0.078125;0.046875;random_806
4;0.1630698429893746;0.00407268318921882;0.09797735637200568;0.2025790815233156;0.07132255533094715;0.3329994162083449;0.0012882034078602433;0.12669086097893295;37849409536;10200686786;1073872896;29534331042;111;210;124;306;-7.847103401847379;0.09375;;random_806
0;0.014184193922330793;0.06216075723320193;0.20485684923645842;0.153364628996306;0.18885506949446468;0.1227671167250337;0.05683092568342019;0.1969804587087842;536871040;12348170466;18257944576;1073872896;69;393;209;80;;;;random_807
1;0.22350086628715765;0.0027692807665022075;0.05262966994137647;0.43884178522662964;0.04310337257013177;0.00745609202988119;0.05762348469859703;0.17407544847972403;1610752128;29610352866;18257936384;1073872896;140;415;121;75;-7.77490277564703;0.078125;0.046875;random_807
2;0.22350086628715765;0.0027692807665022075;0.05262966994137647;0.43884178522662964;0.04310337257013177;0.00745609202988119;0.05762348469859703;0.17407544847972403;1610752128;29610352866;18257936384;1073872896;140;415;121;75;-7.853764635352317;0.09375;0.046875;random_807
3;0.22350086628715765;0.0027692807665022075;0.05262966994137647;0.43884178522662964;0.04310337257013177;0.00745609202988119;0.05762348469859703;0.17407544847972403;1610752128;29610352866;18257936384;1073872896;140;415;121;75;-7.853764635352317;0.09375;;random_807
0;0.057252337431089914;0.09921477854737923;0.07329986806643514;0.1607614982191936;0.10443534813003988;0.23912345270813065;0.2416997654243585;0.024212951473373073;1610752128;63355365730;12088123456;29534331042;179;203;168;201;;;;random_808
1;0.2380546354771868;0.11173900989189237;0.026105787627590093;0.2538020055267487;0.04185444016434565;0.24887557479368702;0.006384928033296779;0.07318361848525257;1073881088;63355365730;12088123456;29528301986;156;194;149;252;-7.7830807680215015;0.078125;0.046875;random_808
2;0.20642446111882667;0.03247375426306101;0.008323848523663028;0.2607266687233741;0.10171287090797551;0.31275183634833637;0.0006962130348169285;0.07689034707994648;1073881088;63355365730;29263667264;29528301986;181;180;182;208;-7.808851597577343;0.078125;0.046875;random_808
3;0.2380546354771868;0.11173900989189237;0.026105787627590093;0.2538020055267487;0.04185444016434565;0.24887557479368702;0.006384928033296779;0.07318361848525257;1073881088;63355365730;29263667264;29528301986;156;194;157;244;-7.804569167369082;0.078125;0.03125;random_808
4;0.20642446111882667;0.03247375426306101;0.008323848523663028;0.2607266687233741;0.10171287090797551;0.31275183634833637;0.0006962130348169285;0.07689034707994648;1073881088;63355365730;29263667264;29528301986;181;180;182;208;-7.80873062762136;0.09375;0.046875;random_808
5;0.2380546354771868;0.11173900989189237;0.026105787627590093;0.2538020055267487;0.04185444016434565;0.24887557479368702;0.006384928033296779;0.07318361848525257;1073881088;63355365730;29263667264;29528301986;156;194;157;244;-7.804569167369082;0.09375;0.03125;random_808
6;0.20642446111882667;0.03247375426306101;0.008323848523663028;0.2607266687233741;0.10171287090797551;0.31275183634833637;0.0006962130348169285;0.07689034707994648;1073881088;63355365730;29263667264;29528301986;181;180;182;208;-7.80873062762136;0.078125;;random_808
0;0.15660465979734123;0.13461751550170648;0.12016738683908931;0.06119998914799471;0.11463754897592673;0.13675494508776748;0.14008806308121216;0.13592989156896185;536871040;42949675010;29610352866;18257944576;68;112;375;196;;;;random_809
1;0.2652928102179358;0.15373269069199993;0.04602216215185193;0.05001752882531023;0.025126077006584698;0.33905860638957874;0.0012182451395121444;0.11953187957722651;1610752128;44090656770;29610352866;18257944576;131;170;308;142;-7.7722217942820935;0.09375;0.046875;random_809
2;0.24583922759881016;0.08743795752925479;0.10132649713046628;0.051382160824446486;0.08725840913364279;0.3248062312263;0.004794632639486017;0.09715488391759348;1610752128;44090656770;29610352866;18257944576;154;159;313;125;-7.817063407430351;0.078125;0.03125;random_809
3;0.2380546354771868;0.11173900989189237;0.026105787627590093;0.2538020055267487;0.04185444016434565;0.24887557479368702;0.006384928033296779;0.07318361848525257;1610752128;44090656770;29610352866;1073872896;113;172;378;88;-7.7946811030807535;0.078125;0.046875;random_809
4;0.2380546354771868;0.11173900989189237;0.026105787627590093;0.2538020055267487;0.04185444016434565;0.24887557479368702;0.006384928033296779;0.07318361848525257;1610752128;44090656770;29610352866;1073872896;113;172;378;88;-7.829656883650524;0.09375;0.046875;random_809
5;0.2380546354771868;0.11173900989189237;0.026105787627590093;0.2538020055267487;0.04185444016434565;0.24887557479368702;0.006384928033296779;0.07318361848525257;1610752128;44090656770;29610352866;1073872896;113;172;378;88;-7.829656883650524;0.09375;;random_809
0;0.2560421523526506;0.028886703168395575;0.14784526261135425;0.1725877780598503;0.07174512007064422;0.05020242032988184;0.2553050422755601;0.017385521131663088;43486546050;2415919136;29540626790;1073872896;92;45;455;159;;;;random_81
1;0.3370927041630927;0.03677737734386989;0.04851520165464494;0.3264949718189318;0.09804812141565944;0.011141486207781803;0.1401809541299808;0.001749183266038627;43486546050;2415919136;29540626790;1073872896;130;45;404;172;-7.802322763899163;0.078125;0.03125;random_81
2;0.26400356727738417;0.13972626508717423;0.03191848428753177;0.3958529056178151;0.08658313179424464;0.012663840306161888;0.06594451750872049;0.003307288120967658;44585596934;2415919136;29540626790;1073872896;209;50;315;177;-7.8346455463113;0.09375;0.046875;random_81
3;0.22350086628715765;0.0027692807665022075;0.05262966994137647;0.43884178522662964;0.04310337257013177;0.00745609202988119;0.05762348469859703;0.17407544847972403;61744482434;2415919136;64229881568;1073872896;279;47;274;151;-7.831497122866307;0.09375;0.03125;random_81
4;0.22350086628715765;0.0027692807665022075;0.05262966994137647;0.43884178522662964;0.04310337257013177;0.00745609202988119;0.05762348469859703;0.17407544847972403;61744482434;2415919136;64229881568;1073872896;279;47;273;152;-7.8382803302934265;0.078125;0.03125;random_81
5;0.22350086628715765;0.0027692807665022075;0.05262966994137647;0.43884178522662964;0.04310337257013177;0.00745609202988119;0.05762348469859703;0.17407544847972403;61744482434;2415919136;64229881568;1073872896;279;47;273;152;-7.838340397057954;0.078125;;random_81
0;0.09591050379718352;0.05544806640899572;0.1629685106057215;0.07619108872175351;0.23525867045198495;0.013387515936883834;0.1274941891551065;0.23334145492237038;34359740416;29609828386;2415919136;1610752128;60;428;36;227;;;;random_810
1;0.2141875990279326;0.14140163163174538;0.04634367787947426;0.10831711571244376;0.05335031274434084;0.00656554995798805;0.03182409513900542;0.3980100179070696;1073872896;64163117378;2415919136;1610752128;148;372;49;182;-7.763304262172693;0.078125;0.046875;random_810
2;0.28285602862283515;0.2537776207989907;0.0451233842292053;0.02450298610495382;0.05022252087045374;0.006392669873997028;0.004814088301972496;0.3323107011975916;1073872896;64163117378;2415919136;1610752128;141;358;65;187;-7.838627081997724;0.078125;0.046875;random_810
3;0.3076469953297204;0.09220441931162156;0.012594904878318753;0.09049487347217217;0.17444898553748314;0.048363992212911135;0.0031122340942089;0.27113359516356395;1073872896;64163117378;2147483680;1610752128;140;375;59;177;-7.830770145013037;0.09375;0.046875;random_810
4;0.28285602862283515;0.2537776207989907;0.0451233842292053;0.02450298610495382;0.05022252087045374;0.006392669873997028;0.004814088301972496;0.3323107011975916;1073872896;64163117378;2147483680;1610752128;150;357;57;187;-7.8353741683759965;0.09375;0.03125;random_810
5;0.28285602862283515;0.2537776207989907;0.0451233842292053;0.02450298610495382;0.05022252087045374;0.006392669873997028;0.004814088301972496;0.3323107011975916;1073872896;64163117378;2147483680;1610752128;150;357;57;187;-7.842126880690075;0.078125;;random_810
0;0.033341931602416434;0.2843280338555749;0.09563283233118826;0.05272598930154151;0.12742870670022208;0.008002917427778119;0.26075472475049316;0.13778486403078538;2415919104;61807491474;8589934594;18257936384;25;455;45;226;;;;random_811
1;0.18859898241884274;0.15724977376624516;0.01222546220441595;0.2679038803225429;0.1887646563526722;0.035641952558197854;0.14587322506486017;0.003742067312222875;2147483680;64271383026;8589934594;18257936384;45;378;105;223;-7.737443296050014;0.078125;0.046875;random_811
2;0.22350086628715765;0.0027692807665022075;0.05262966994137647;0.43884178522662964;0.04310337257013177;0.00745609202988119;0.05762348469859703;0.17407544847972403;2415919136;63967544802;9663815682;18257936384;54;323;150;224;-7.826850400045493;0.078125;0.03125;random_811
3;0.22350086628715765;0.0027692807665022075;0.05262966994137647;0.43884178522662964;0.04310337257013177;0.00745609202988119;0.05762348469859703;0.17407544847972403;2415919136;63967544802;9663815682;18257936384;54;323;150;224;-7.865540247901284;0.09375;0.046875;random_811
4;0.22350086628715765;0.0027692807665022075;0.05262966994137647;0.43884178522662964;0.04310337257013177;0.00745609202988119;0.05762348469859703;0.17407544847972403;2415919136;63967544802;9663815682;18257936384;54;323;150;224;-7.865540247901284;0.09375;;random_811
0;0.23574946053433782;0.023211546044735208;0.21230362039269438;0.11813620565611387;0.027923486266151248;0.20310649758127955;0.026344607708804015;0.153224575815884;1610752128;9663807490;29602427378;18257936384;128;148;337;138;;;;random_812
1;0.173774107802524;0.005944439597428946;0.1460460754256834;0.05636071752935284;0.15193135180814402;0.2964315205646726;0.0005845289065144723;0.16892725836567982;1610752128;1073872896;29602427378;18257944576;145;94;365;147;-7.76365458401358;0.078125;0.046875;random_812
2;0.173774107802524;0.005944439597428946;0.1460460754256834;0.05636071752935284;0.15193135180814402;0.2964315205646726;0.0005845289065144723;0.16892725836567982;1610752128;1073872896;29602427378;18257944576;145;94;366;146;-7.805098178142792;0.078125;0.046875;random_812
3;0.173774107802524;0.005944439597428946;0.1460460754256834;0.05636071752935284;0.15193135180814402;0.2964315205646726;0.0005845289065144723;0.16892725836567982;1610752128;1073872896;29602427378;18257944576;145;94;366;146;-7.804923187720762;0.09375;;random_812
0;0.07207074136643896;0.1319980266794417;0.16841359254025093;0.2702974920866325;0.0836201022025956;0.11394557027594772;0.058662254943884114;0.10099221990480856;1610752128;8589934594;20673732608;63355365730;148;104;131;368;;;;random_813
1;0.17741399225223353;0.0584907195611287;0.011991751415866374;0.3585401708405919;0.3218778178348293;0.02535080401748362;0.02449916456797633;0.0218355795098904;1610752128;26948808962;20405682208;29532451296;187;192;169;203;-7.7942634150158145;0.078125;0.046875;random_813
2;0.22350086628715765;0.0027692807665022075;0.05262966994137647;0.43884178522662964;0.04310337257013177;0.00745609202988119;0.05762348469859703;0.17407544847972403;1610752128;29062463522;20405682208;29532451296;183;196;173;199;-7.906391626634649;0.078125;0.046875;random_813
3;0.22350086628715765;0.0027692807665022075;0.05262966994137647;0.43884178522662964;0.04310337257013177;0.00745609202988119;0.05762348469859703;0.17407544847972403;1610752128;29062463522;20405682208;29532451296;184;196;172;199;-7.900280049231719;0.09375;0.046875;random_813
4;0.22350086628715765;0.0027692807665022075;0.05262966994137647;0.43884178522662964;0.04310337257013177;0.00745609202988119;0.05762348469859703;0.17407544847972403;1610752128;29062463522;20405682208;29532451296;184;196;172;199;-7.900484749080394;0.078125;;random_813
0;0.04837253593745793;0.2107288655977861;0.21501516814590813;0.23967650682847125;0.08856662323696267;0.16623349092767106;0.015928788696179027;0.015478020629563802;1073881088;46707902626;2415919104;9663815744;160;372;64;155;;;;random_814
1;0.2380546354771868;0.11173900989189237;0.026105787627590093;0.2538020055267487;0.04185444016434565;0.24887557479368702;0.006384928033296779;0.07318361848525257;1073881088;29528301986;2415919104;9663815744;178;372;65;136;-7.840141435063135;0.078125;0.046875;random_814
2;0.20642446111882667;0.03247375426306101;0.008323848523663028;0.2607266687233741;0.10171287090797551;0.31275183634833637;0.0006962130348169285;0.07689034707994648;1073881088;29528301986;2415919104;9663815744;188;353;86;124;-7.854720333060367;0.078125;0.046875;random_814
3;0.1536894198364882;0.002031259805225586;0.015509271266870073;0.24031944545001954;0.08378739188450274;0.3347126832399806;0.042266667114845044;0.12768386140206808;1073881088;29528301986;2415919104;9663815744;183;356;98;114;-7.844466164624703;0.078125;0.046875;random_814
4;0.1630698429893746;0.00407268318921882;0.09797735637200568;0.2025790815233156;0.07132255533094715;0.3329994162083449;0.0012882034078602433;0.12669086097893295;1073872896;29528301986;3489800192;9663815744;155;376;106;114;-7.840216101726524;0.09375;0.046875;random_814
5;0.1630698429893746;0.00407268318921882;0.09797735637200568;0.2025790815233156;0.07132255533094715;0.3329994162083449;0.0012882034078602433;0.12669086097893295;1073872896;29528301986;3489800192;9663815744;155;376;106;114;-7.838722091928335;0.09375;0.046875;random_814
6;0.1630698429893746;0.00407268318921882;0.09797735637200568;0.2025790815233156;0.07132255533094715;0.3329994162083449;0.0012882034078602433;0.12669086097893295;1073872896;29528301986;3489800192;9663815744;155;376;106;114;-7.838722091928335;0.09375;;random_814
0;0.0649079499995955;0.10259475525712411;0.14534708028029583;0.15912713916524066;0.08427111382428759;0.15848384548553185;0.152610510318592;0.13265760566933252;2415919104;46802282550;29058605408;1610752128;56;267;248;180;;;;random_815
1;0.2380546354771868;0.11173900989189237;0.026105787627590093;0.2538020055267487;0.04185444016434565;0.24887557479368702;0.006384928033296779;0.07318361848525257;2415919104;46707902626;29004800096;1073881088;60;289;229;173;-7.7723653258598375;0.078125;0.046875;random_815
2;0.34884434049438995;0.00273272513097807;0.06775407423558436;0.38042746609519695;0.011189118644623321;0.09961849730817919;0.034426194101241654;0.05500758398980671;2415919104;46707902626;29004800096;1073881088;64;271;232;184;-7.842034044461365;0.09375;0.03125;random_815
3;0.22350086628715765;0.0027692807665022075;0.05262966994137647;0.43884178522662964;0.04310337257013177;0.00745609202988119;0.05762348469859703;0.17407544847972403;2415919136;46707902626;29004800096;1073881088;36;298;222;195;-7.841562889405585;0.078125;0.03125;random_815
4;0.22350086628715765;0.0027692807665022075;0.05262966994137647;0.43884178522662964;0.04310337257013177;0.00745609202988119;0.05762348469859703;0.17407544847972403;2415919136;46707902626;29004800096;1073881088;36;298;222;195;-7.843861651090054;0.078125;0.046875;random_815
5;0.22350086628715765;0.0027692807665022075;0.05262966994137647;0.43884178522662964;0.04310337257013177;0.00745609202988119;0.05762348469859703;0.17407544847972403;2415919136;46707902626;29004800096;1073881088;36;298;222;195;-7.843861651090054;0.078125;;random_815
0;0.034330170643652784;0.0696261510591384;0.12940839440827423;0.19729202359208806;0.09776075341092037;0.23441082576609346;0.16128894746558659;0.07588273365424603;2415919104;46802282550;29540626790;1610752128;84;207;288;172;;;;random_816
1;0.2380546354771868;0.11173900989189237;0.026105787627590093;0.2538020055267487;0.04185444016434565;0.24887557479368702;0.006384928033296779;0.07318361848525257;2415919104;61274851586;29610352866;1073881088;71;185;350;145;-7.796032614285535;0.078125;0.046875;random_816
2;0.2380546354771868;0.11173900989189237;0.026105787627590093;0.2538020055267487;0.04185444016434565;0.24887557479368702;0.006384928033296779;0.07318361848525257;2415919104;61274851586;29610352866;1073881088;71;185;350;145;-7.834414632761595;0.09375;0.03125;random_816
3;0.2380546354771868;0.11173900989189237;0.026105787627590093;0.2538020055267487;0.04185444016434565;0.24887557479368702;0.006384928033296779;0.07318361848525257;2415919104;61274851586;29610352866;1073881088;71;185;350;145;-7.834414632761595;0.078125;;random_816
0;0.17441164018333968;0.11651807092968985;0.2833104238385438;0.015019240373780692;0.07111348480292691;0.029998761466354554;0.25026883262099636;0.05935954578436815;9126805634;2415919136;29534331042;34359740416;69;31;577;74;;;;random_817
1;0.3344879673372354;0.1318794759139109;0.037712777295315754;0.05144443028847419;0.1511393085517133;0.03618179896763884;0.18877155347072497;0.06838268817498666;9126805634;2415919136;29534331042;34359740416;59;38;566;88;-7.747195889917234;0.09375;0.046875;random_817
2;0.3654385366671609;0.13866785552606806;0.0018778672905659368;0.16532125704780357;0.137943764862944;0.06497480183749599;0.08000235854611207;0.045773558221849565;9126805634;2415919136;29610352866;35433613312;75;46;454;176;-7.763277160268617;0.078125;0.046875;random_817
3;0.40072647367377445;0.00310362567010429;0.0033302005369709063;0.3927380356007213;0.046225443549343416;0.03708592971439797;0.06602574663090753;0.05076454462378014;61744482434;2415919136;29530141040;1073872896;262;51;284;154;-7.812356092563897;0.078125;0.03125;random_817
4;0.22350086628715765;0.0027692807665022075;0.05262966994137647;0.43884178522662964;0.04310337257013177;0.00745609202988119;0.05762348469859703;0.17407544847972403;61744482434;2415919136;29530141040;1073872896;287;50;268;146;-7.8391618715915135;0.078125;0.046875;random_817
5;0.22350086628715765;0.0027692807665022075;0.05262966994137647;0.43884178522662964;0.04310337257013177;0.00745609202988119;0.05762348469859703;0.17407544847972403;61744482434;2415919136;29530141040;1073872896;287;50;268;146;-7.837948283050312;0.078125;;random_817
0;0.18088305111984165;0.1367485299869723;0.2021572726009749;0.24226964776003046;0.03755659811354269;0.03662656227086434;0.1549182373058509;0.008840100841922834;9126805634;2415919136;29610352866;1073872896;112;41;437;161;;;;random_818
1;0.27002795685226705;0.14532099445965768;0.0831791085664718;0.41170311013635125;0.0045732289880018;0.013170908603486808;0.068584978332819;0.0034397140609446495;10200686722;2147483680;29542588512;1073872896;208;51;302;190;-7.813840003466036;0.078125;0.046875;random_818
2;0.26400356727738417;0.13972626508717423;0.03191848428753177;0.3958529056178151;0.08658313179424464;0.012663840306161888;0.06594451750872049;0.003307288120967658;10200686722;2415919136;29542588512;1073872896;205;53;286;207;-7.868332339682566;0.09375;0.046875;random_818
3;0.37340059868882525;0.034454710893647704;0.021988553198505963;0.4433429767374552;0.03507017768372346;0.0141831083682436;0.0738558143111319;0.0037040601184669896;61746587650;2415919136;29530141040;1073872896;274;54;248;175;-7.905279467413217;0.078125;0.03125;random_818
4;0.22350086628715765;0.0027692807665022075;0.05262966994137647;0.43884178522662964;0.04310337257013177;0.00745609202988119;0.05762348469859703;0.17407544847972403;61746587650;2415919136;29530141040;1073872896;301;56;246;148;-7.840305643378105;0.078125;0.046875;random_818
5;0.22350086628715765;0.0027692807665022075;0.05262966994137647;0.43884178522662964;0.04310337257013177;0.00745609202988119;0.05762348469859703;0.17407544847972403;61746587650;2415919136;29530141040;1073872896;301;56;246;148;-7.8348808308496;0.09375;;random_818
0;0.2190788247850555;0.10094431301174599;0.10691978350043368;0.15331584578986074;0.09168609051881554;0.08046701629721807;0.05493446231627291;0.1926536637805974;536871040;61744482434;18805301248;11811291170;54;260;210;227;;;;random_819
1;0.23100146817560832;0.28560526106641454;0.048180961704098677;0.07155834578377031;0.1489056167349243;0.024893341860084312;0.01694696935742803;0.1729080353176716;536871040;61744482434;18805301248;11811291170;69;265;200;217;-7.740419744582984;0.09375;0.03125;random_819
2;0.38589812353111147;0.33822650530596715;0.025394866539336865;0.0870196693724164;0.07977728595257258;0.011696213496250043;0.03381265441055873;0.03817468139178661;536871040;64271383026;18805301248;11811291170;23;274;246;208;-7.79128748846378;0.078125;0.046875;random_819
3;0.3213706583755633;0.11903814318268968;0.017556143254973008;0.27872367736218245;0.15140872368796396;0.0725830103446137;0.006198745360259357;0.03312089843175478;1610752128;64271383026;18257936384;11811291170;102;325;159;165;-7.771613473038873;0.09375;0.046875;random_819
4;0.3114339044952291;0.12936049714476824;0.0442786732718962;0.3664860621227759;0.059610964092349575;0.011724357455235737;0.07404360860745786;0.003061932810287608;1610752128;64271383026;18257936384;11811291170;150;322;133;146;-7.807459951185742;0.078125;0.03125;random_819
5;0.22350086628715765;0.0027692807665022075;0.05262966994137647;0.43884178522662964;0.04310337257013177;0.00745609202988119;0.05762348469859703;0.17407544847972403;1610752128;64229881568;1073872896;11811291170;145;274;137;195;-7.807121563987082;0.078125;0.046875;random_819
6;0.22350086628715765;0.0027692807665022075;0.05262966994137647;0.43884178522662964;0.04310337257013177;0.00745609202988119;0.05762348469859703;0.17407544847972403;1610752128;64229881568;1073872896;11811291170;145;274;137;195;-7.876292910659532;0.078125;0.046875;random_819
7;0.22350086628715765;0.0027692807665022075;0.05262966994137647;0.43884178522662964;0.04310337257013177;0.00745609202988119;0.05762348469859703;0.17407544847972403;1610752128;64229881568;1073872896;11811291170;145;274;137;195;-7.876292910659532;0.09375;;random_819
0;0.12744025076686152;0.03136689010244981;0.12376773465506857;0.2653656978927598;0.11473617828348297;0.23210234291743875;0.031768085084815385;0.0734528202971233;2415919104;44090656770;29610352866;1073881088;72;140;401;138;;;;random_82
1;0.20642446111882667;0.03247375426306101;0.008323848523663028;0.2607266687233741;0.10171287090797551;0.31275183634833637;0.0006962130348169285;0.07689034707994648;2415919104;44090656770;29565784290;1073881088;84;159;336;172;-7.847388085593777;0.09375;0.03125;random_82
2;0.1536894198364882;0.002031259805225586;0.015509271266870073;0.24031944545001954;0.08378739188450274;0.3347126832399806;0.042266667114845044;0.12768386140206808;2415919104;44090656770;29565784290;1073881088;98;138;339;176;-7.847482670748459;0.09375;0.03125;random_82
3;0.1630698429893746;0.00407268318921882;0.09797735637200568;0.2025790815233156;0.07132255533094715;0.3329994162083449;0.0012882034078602433;0.12669086097893295;3489800192;44090656770;29610352866;1073872896;101;140;373;137;-7.846846156902229;0.078125;0.046875;random_82
4;0.1630698429893746;0.00407268318921882;0.09797735637200568;0.2025790815233156;0.07132255533094715;0.3329994162083449;0.0012882034078602433;0.12669086097893295;3489800192;44090656770;29610352866;1073872896;102;140;372;137;-7.845097541378051;0.109375;0.046875;random_82
5;0.1630698429893746;0.00407268318921882;0.09797735637200568;0.2025790815233156;0.07132255533094715;0.3329994162083449;0.0012882034078602433;0.12669086097893295;3489800192;44090656770;29610352866;1073872896;102;140;372;137;-7.845462033926394;0.078125;;random_82
0;0.18017861918884467;0.14255179256348038;0.0553311858016254;0.16286580969314013;0.037005379803822076;0.2058875033708224;0.104628023292555;0.1115516862857099;536871040;44090656770;29610352866;18257944576;54;187;354;156;;;;random_820
1;0.2380546354771868;0.11173900989189237;0.026105787627590093;0.2538020055267487;0.04185444016434565;0.24887557479368702;0.006384928033296779;0.07318361848525257;1610752128;44090656770;29610352866;1073872896;113;174;376;88;-7.798469176773618;0.0625;0.03125;random_820
2;0.2380546354771868;0.11173900989189237;0.026105787627590093;0.2538020055267487;0.04185444016434565;0.24887557479368702;0.006384928033296779;0.07318361848525257;1610752128;44090656770;29610352866;1073872896;113;174;376;88;-7.829464519816589;0.078125;0.03125;random_820
3;0.2380546354771868;0.11173900989189237;0.026105787627590093;0.2538020055267487;0.04185444016434565;0.24887557479368702;0.006384928033296779;0.07318361848525257;1610752128;44090656770;29610352866;1073872896;113;174;376;88;-7.829464519816589;0.078125;;random_820
0;0.052931327494289394;0.1595890742760903;0.255402435880208;0.15274135240712458;0.169139363610772;0.07479916665940164;0.08448640938496989;0.05091087028714419;1610752128;61746587650;29327761760;9663815682;135;303;220;93;;;;random_821
1;0.25276191691639305;0.2535331325516979;0.11035363469172176;0.19167503284896156;0.13009985150662182;0.034330155478340514;0.015496471462810796;0.011749804543452516;1610752128;61746587650;29532451296;9663815682;183;237;230;101;-7.772998624072524;0.078125;0.03125;random_821
2;0.2500791569798219;0.2354027773027801;0.014862273932091507;0.2486842722487812;0.05416282486031248;0.14072914265149306;0.02574566700541392;0.030333885019305878;1073881088;61744482434;29532451296;9663815682;155;194;296;106;-7.799852250753536;0.09375;0.046875;random_821
3;0.2500791569798219;0.2354027773027801;0.014862273932091507;0.2486842722487812;0.05416282486031248;0.14072914265149306;0.02574566700541392;0.030333885019305878;1073881088;61744482434;29532451296;9663815682;154;194;297;106;-7.831079023940272;0.078125;0.0625;random_821
4;0.2500791569798219;0.2354027773027801;0.014862273932091507;0.2486842722487812;0.05416282486031248;0.14072914265149306;0.02574566700541392;0.030333885019305878;1073881088;61744482434;29532451296;9663815682;154;194;297;106;-7.830580819491603;0.09375;;random_821
0;0.13892987628448236;0.03994951969402477;0.1669748309639238;0.12562238990939723;0.1685489550201686;0.01909290121413338;0.2386738060691609;0.10220772084470897;2415919136;68189404707;26915008834;1610752128;39;205;301;206;;;;random_822
1;0.40072647367377445;0.00310362567010429;0.0033302005369709063;0.3927380356007213;0.046225443549343416;0.03708592971439797;0.06602574663090753;0.05076454462378014;2415919136;63944488370;26847879232;1610752128;69;265;221;196;-7.760404877102673;0.078125;0.03125;random_822
2;0.22350086628715765;0.0027692807665022075;0.05262966994137647;0.43884178522662964;0.04310337257013177;0.00745609202988119;0.05762348469859703;0.17407544847972403;2415919136;63944488370;26847879232;1610752128;58;274;221;198;-7.853906307719536;0.09375;0.046875;random_822
3;0.22350086628715765;0.0027692807665022075;0.05262966994137647;0.43884178522662964;0.04310337257013177;0.00745609202988119;0.05762348469859703;0.17407544847972403;2415919136;63944488370;26847879232;1610752128;58;274;221;198;-7.854503350465568;0.09375;;random_822
0;0.05553946462172646;0.13440814177272292;0.24955983048807365;0.18634334172426534;0.09127777678087388;0.08155026892181416;0.17748639728998003;0.02383477840054348;1610752128;61746587650;29530141040;10276184194;127;265;240;119;;;;random_823
1;0.2682873946994842;0.11374682483059616;0.15842495744027552;0.27328478529894595;0.04151339288841123;0.06717937882136701;0.03894275069556354;0.03862051532535638;1610752128;61746587650;29530141040;9663815682;179;239;243;90;-7.751385450194747;0.0625;0.046875;random_823
2;0.29367196430529735;0.0431497126012566;0.2162087121398788;0.3542349238155285;0.010690672475181013;0.005330983715718444;0.007158337437897366;0.06955469350924194;1073872896;61746587650;29532451296;9663815682;144;232;280;95;-7.791277967855769;0.078125;0.046875;random_823
3;0.22350086628715765;0.0027692807665022075;0.05262966994137647;0.43884178522662964;0.04310337257013177;0.00745609202988119;0.05762348469859703;0.17407544847972403;1073872896;61746587650;29532451296;9663815682;166;208;267;110;-7.79774674078379;0.09375;0.03125;random_823
4;0.22350086628715765;0.0027692807665022075;0.05262966994137647;0.43884178522662964;0.04310337257013177;0.00745609202988119;0.05762348469859703;0.17407544847972403;1073872896;61746587650;29532451296;9663815682;166;208;267;110;-7.817869003245053;0.09375;;random_823
0;0.09836502751986517;0.12885561381721192;0.20472424186280905;0.0876262377073473;0.21323991545186213;0.21069220357735177;0.005239315487910865;0.051257444575641777;2415919104;50466031650;29610352866;1073881088;87;155;392;117;;;;random_824
1;0.19883049497095154;0.03742594448461028;0.057491536928739144;0.07518269575244814;0.23759967522496006;0.3097673348596172;0.013145265247003334;0.07055705253167034;3489800192;61274851586;29610352866;1073881088;112;218;288;133;-7.794331057842797;0.078125;0.046875;random_824
2;0.1630698429893746;0.00407268318921882;0.09797735637200568;0.2025790815233156;0.07132255533094715;0.3329994162083449;0.0012882034078602433;0.12669086097893295;3489800192;61274851586;29610352866;1073872896;101;193;328;129;-7.8518136753625205;0.078125;0.046875;random_824
3;0.1630698429893746;0.00407268318921882;0.09797735637200568;0.2025790815233156;0.07132255533094715;0.3329994162083449;0.0012882034078602433;0.12669086097893295;3489800192;61274851586;29610352866;1073872896;100;193;329;129;-7.839378136938223;0.078125;0.03125;random_824
4;0.1630698429893746;0.00407268318921882;0.09797735637200568;0.2025790815233156;0.07132255533094715;0.3329994162083449;0.0012882034078602433;0.12669086097893295;3489800192;61274851586;29610352866;1073872896;100;193;329;129;-7.838989138161839;0.078125;;random_824
0;0.18595222569954317;0.14117069610977523;0.007865136979161842;0.10235398759800265;0.17809154051662218;0.28222818609511074;0.05887528262010135;0.04346294438168297;1073881088;20938367392;61744482434;29805125826;147;225;200;179;;;;random_825
1;0.1630698429893746;0.00407268318921882;0.09797735637200568;0.2025790815233156;0.07132255533094715;0.3329994162083449;0.0012882034078602433;0.12669086097893295;1073872896;3296862240;61744482434;12088123456;114;183;279;175;-7.8262740888406395;0.078125;0.046875;random_825
2;0.1630698429893746;0.00407268318921882;0.09797735637200568;0.2025790815233156;0.07132255533094715;0.3329994162083449;0.0012882034078602433;0.12669086097893295;1073872896;3296862240;61744482434;12088123456;114;183;279;175;-7.866489752489749;0.09375;0.046875;random_825
3;0.1630698429893746;0.00407268318921882;0.09797735637200568;0.2025790815233156;0.07132255533094715;0.3329994162083449;0.0012882034078602433;0.12669086097893295;1073872896;3296862240;61744482434;12088123456;114;183;279;175;-7.866489752489749;0.09375;;random_825
0;0.1482515432142796;0.22415125340342146;0.2703665647356962;0.14680563803685387;0.0929466431518471;0.0021256775797841507;0.07463955732762047;0.040713122550497055;536871040;2415919136;29610352866;35433613312;55;40;475;181;;;;random_826
1;0.3213706583755633;0.11903814318268968;0.017556143254973008;0.27872367736218245;0.15140872368796396;0.0725830103446137;0.006198745360259357;0.03312089843175478;1610752128;2415919136;29610352866;1073872896;133;62;456;100;-7.7885723766150425;0.09375;0.046875;random_826
2;0.22350086628715765;0.0027692807665022075;0.05262966994137647;0.43884178522662964;0.04310337257013177;0.00745609202988119;0.05762348469859703;0.17407544847972403;1610752128;2415919136;29610352866;1073872896;155;46;432;118;-7.85651401051244;0.078125;0.03125;random_826
3;0.22350086628715765;0.0027692807665022075;0.05262966994137647;0.43884178522662964;0.04310337257013177;0.00745609202988119;0.05762348469859703;0.17407544847972403;1610752128;2415919136;29610352866;1073872896;155;46;432;118;-7.872377247269405;0.078125;;random_826
0;0.08598287151447973;0.11455906342865674;0.027963147387606312;0.14413209007838781;0.05953070788792067;0.20646680962872416;0.13419934441406928;0.22716596566015526;536871040;29610352866;2415919104;1073872896;88;445;72;146;;;;random_827
1;0.1630698429893746;0.00407268318921882;0.09797735637200568;0.2025790815233156;0.07132255533094715;0.3329994162083449;0.0012882034078602433;0.12669086097893295;1610752128;29610352866;3489800192;1073872896;133;399;100;119;-7.783953077800211;0.09375;0.046875;random_827
2;0.1630698429893746;0.00407268318921882;0.09797735637200568;0.2025790815233156;0.07132255533094715;0.3329994162083449;0.0012882034078602433;0.12669086097893295;1610752128;29610352866;3489800192;1073872896;134;397;101;119;-7.836595514474449;0.09375;0.046875;random_827
3;0.1630698429893746;0.00407268318921882;0.09797735637200568;0.2025790815233156;0.07132255533094715;0.3329994162083449;0.0012882034078602433;0.12669086097893295;1610752128;29610352866;3489800192;1073872896;134;397;101;119;-7.83730789124835;0.09375;;random_827
0;0.19526078508721256;0.021309128103314857;0.096221947468705;0.24598346982353192;0.000581035869342416;0.11545038581105957;0.11796576751263543;0.2072274803241983;536871040;44090656770;3221356576;18794684544;43;283;181;244;;;;random_828
1;0.22350086628715765;0.0027692807665022075;0.05262966994137647;0.43884178522662964;0.04310337257013177;0.00745609202988119;0.05762348469859703;0.17407544847972403;536871040;63355365730;3489792032;18796904576;36;402;119;194;-7.7695489620597264;0.09375;0.046875;random_828
2;0.22350086628715765;0.0027692807665022075;0.05262966994137647;0.43884178522662964;0.04310337257013177;0.00745609202988119;0.05762348469859703;0.17407544847972403;536871040;63355365730;3489792032;18796904576;36;402;119;194;-7.850022310079888;0.078125;0.046875;random_828
3;0.22350086628715765;0.0027692807665022075;0.05262966994137647;0.43884178522662964;0.04310337257013177;0.00745609202988119;0.05762348469859703;0.17407544847972403;536871040;63355365730;3489792032;18796904576;36;402;119;194;-7.850022310079888;0.09375;;random_828
0;0.09185821583868993;0.24561744360859278;0.0006963810534990527;0.15532474762618276;0.10106647470478289;0.25578512307278284;0.12753475724798288;0.02211685684748679;536871040;19331547168;20938367392;29805125826;49;53;297;352;;;;random_829
1;0.1536894198364882;0.002031259805225586;0.015509271266870073;0.24031944545001954;0.08378739188450274;0.3347126832399806;0.042266667114845044;0.12768386140206808;18790621568;20405682208;1073872896;63623802434;176;194;93;288;-7.750178872023617;0.09375;0.046875;random_829
2;0.1630698429893746;0.00407268318921882;0.09797735637200568;0.2025790815233156;0.07132255533094715;0.3329994162083449;0.0012882034078602433;0.12669086097893295;18790621568;20405682208;1073872896;63623802434;176;209;100;266;-7.864684963021541;0.09375;0.046875;random_829
3;0.1630698429893746;0.00407268318921882;0.09797735637200568;0.2025790815233156;0.07132255533094715;0.3329994162083449;0.0012882034078602433;0.12669086097893295;18790621568;20405682208;1073872896;63623802434;176;209;100;266;-7.838975013148375;0.09375;;random_829
0;0.10085787885603431;0.09986361893378884;0.16769571797092753;0.08610243728715586;0.17828208656395017;0.15965377372039027;0.09970101583700562;0.10784347083074741;2415919104;46707902626;26915008834;1610752128;73;293;250;135;;;;random_83
1;0.2500753221895746;0.02631584140349527;0.01486204602943934;0.24868045884812284;0.12844901964676717;0.2581353234830028;0.04280500492180013;0.030676983477797903;2415919104;29534331042;26915008834;1610752128;82;278;231;160;-7.79220183660017;0.078125;0.046875;random_83
2;0.1630698429893746;0.00407268318921882;0.09797735637200568;0.2025790815233156;0.07132255533094715;0.3329994162083449;0.0012882034078602433;0.12669086097893295;37849409536;29534331042;26847748162;1073872896;114;304;220;113;-7.831802186151873;0.09375;0.03125;random_83
3;0.1630698429893746;0.00407268318921882;0.09797735637200568;0.2025790815233156;0.07132255533094715;0.3329994162083449;0.0012882034078602433;0.12669086097893295;37849409536;29534331042;26847748162;1073872896;114;304;220;113;-7.845801391503856;0.09375;0.046875;random_83
4;0.1630698429893746;0.00407268318921882;0.09797735637200568;0.2025790815233156;0.07132255533094715;0.3329994162083449;0.0012882034078602433;0.12669086097893295;37849409536;29534331042;26847748162;1073872896;114;304;220;113;-7.845801391503856;0.078125;;random_83
0;0.2001931894004682;0.003736872895755219;0.09450754595731332;0.14083019106586175;0.2096195812992428;0.08847320223772155;0.02941838634808008;0.23322103079555706;1610752128;29610352866;20673732608;1073872896;131;383;147;90;;;;random_830
1;0.1630698429893746;0.00407268318921882;0.09797735637200568;0.2025790815233156;0.07132255533094715;0.3329994162083449;0.0012882034078602433;0.12669086097893295;1610752128;29610352866;20673732608;1073872896;133;374;145;99;-7.779274927805452;0.078125;0.03125;random_830
2;0.1630698429893746;0.00407268318921882;0.09797735637200568;0.2025790815233156;0.07132255533094715;0.3329994162083449;0.0012882034078602433;0.12669086097893295;1610752128;29610352866;20673732608;1073872896;133;374;145;99;-7.8247256667372795;0.09375;;random_830
0;0.0032359453345423518;0.28764143250247365;0.03508419706960628;0.04141050672627028;0.05476188728757625;0.048869630415900756;0.26182938217474616;0.2671670184888843;43486546050;12694204578;8589934594;1073872896;188;385;35;143;;;;random_831
1;0.17627919742306378;0.20564029202026782;0.04049820379339048;0.11255105860125095;0.030115893458941636;0.0027545050084696026;0.26478693483388077;0.16737391486073497;60670609538;29610352866;8589934594;1073872896;172;381;43;155;-7.721283179800539;0.078125;0.046875;random_831
2;0.3334932562921738;0.13082841356859704;0.023179549918564364;0.34504326772339744;0.12682246553230944;0.005793332095011266;0.032101371493036726;0.002738343376910001;61746587650;29610352866;8589934594;1073872896;195;341;36;179;-7.745543115517515;0.078125;0.0625;random_831
3;0.3213706583755633;0.11903814318268968;0.017556143254973008;0.27872367736218245;0.15140872368796396;0.0725830103446137;0.006198745360259357;0.03312089843175478;61746587650;29610352866;8589934594;1073881088;191;372;40;148;-7.800413108914498;0.078125;0.046875;random_831
4;0.2366789100818342;0.1819432033667347;0.02595492144120827;0.25233527557337193;0.12282527776671816;0.1402530047885955;0.006348029328823759;0.033661377652713445;61744482434;29610352866;8589934594;1073881088;188;363;46;154;-7.787558158945691;0.078125;0.046875;random_831
5;0.2500791569798219;0.2354027773027801;0.014862273932091507;0.2486842722487812;0.05416282486031248;0.14072914265149306;0.02574566700541392;0.030333885019305878;61744482434;29610352866;8589934594;1073881088;197;353;46;155;-7.809368154638364;0.078125;0.046875;random_831
6;0.2500791569798219;0.2354027773027801;0.014862273932091507;0.2486842722487812;0.05416282486031248;0.14072914265149306;0.02574566700541392;0.030333885019305878;61744482434;29610352866;8589934594;1073881088;197;353;46;155;-7.815435094529229;0.078125;;random_831
0;0.04679908804649773;0.031072075281163018;0.15809222706306478;0.1932261553784277;0.15438051777693884;0.007646638906224159;0.21155754727750897;0.19722575027017483;536871040;29610352866;2415919104;1073872896;70;506;25;150;;;;random_832
1;0.22350086628715765;0.0027692807665022075;0.05262966994137647;0.43884178522662964;0.04310337257013177;0.00745609202988119;0.05762348469859703;0.17407544847972403;1610752128;29610352866;2415919136;1073872896;155;431;46;119;-7.786174004021371;0.09375;0.046875;random_832
2;0.22350086628715765;0.0027692807665022075;0.05262966994137647;0.43884178522662964;0.04310337257013177;0.00745609202988119;0.05762348469859703;0.17407544847972403;1610752128;29610352866;2415919136;1073872896;155;432;46;118;-7.872818554810086;0.078125;0.046875;random_832
3;0.22350086628715765;0.0027692807665022075;0.05262966994137647;0.43884178522662964;0.04310337257013177;0.00745609202988119;0.05762348469859703;0.17407544847972403;1610752128;29610352866;2415919136;1073872896;155;432;46;118;-7.872377247269405;0.078125;;random_832
0;0.18888028476426555;0.05456670785413403;0.01850796880409494;0.2626209148347001;0.12582122354392222;0.19124587631430917;0.02539016908295457;0.13296685480161943;1610752128;61744482434;20405682208;29327302754;164;191;150;246;;;;random_833
1;0.34884434049438995;0.00273272513097807;0.06775407423558436;0.38042746609519695;0.011189118644623321;0.09961849730817919;0.034426194101241654;0.05500758398980671;1610752128;61744482434;20405682208;29532451296;167;226;174;184;-7.8251202190718026;0.09375;0.046875;random_833
2;0.22350086628715765;0.0027692807665022075;0.05262966994137647;0.43884178522662964;0.04310337257013177;0.00745609202988119;0.05762348469859703;0.17407544847972403;1610752128;61208149506;20405682208;29532451296;174;211;172;194;-7.884811070413202;0.09375;0.046875;random_833
3;0.22350086628715765;0.0027692807665022075;0.05262966994137647;0.43884178522662964;0.04310337257013177;0.00745609202988119;0.05762348469859703;0.17407544847972403;1610752128;61208149506;20405682208;29532451296;175;211;171;194;-7.885266685745712;0.078125;0.03125;random_833
4;0.22350086628715765;0.0027692807665022075;0.05262966994137647;0.43884178522662964;0.04310337257013177;0.00745609202988119;0.05762348469859703;0.17407544847972403;1610752128;61208149506;20405682208;29532451296;175;211;171;194;-7.885506368865293;0.078125;;random_833
0;0.11250937603179668;0.02742069044993992;0.07847534009411403;0.19896577825576034;0.15404912800758058;0.16330166797241832;0.1960253500080122;0.06925266918037776;2415919104;46802282550;29610352866;1073881088;60;186;342;163;;;;random_834
1;0.34884434049438995;0.00273272513097807;0.06775407423558436;0.38042746609519695;0.011189118644623321;0.09961849730817919;0.034426194101241654;0.05500758398980671;2415919104;46707902626;29532451296;1073881088;61;230;294;166;-7.815294554672139;0.09375;0.03125;random_834
2;0.26400356727738417;0.13972626508717423;0.03191848428753177;0.3958529056178151;0.08658313179424464;0.012663840306161888;0.06594451750872049;0.003307288120967658;2147483680;64161454086;29530141040;1073881088;44;286;231;190;-7.856124747328799;0.078125;0.046875;random_834
3;0.22350086628715765;0.0027692807665022075;0.05262966994137647;0.43884178522662964;0.04310337257013177;0.00745609202988119;0.05762348469859703;0.17407544847972403;2415919136;63624054786;27395236032;1073872896;48;231;323;149;-7.842747556450901;0.078125;0.046875;random_834
4;0.22350086628715765;0.0027692807665022075;0.05262966994137647;0.43884178522662964;0.04310337257013177;0.00745609202988119;0.05762348469859703;0.17407544847972403;2415919136;61208149506;27395236032;1073872896;51;236;316;148;-7.853437326586505;0.09375;0.03125;random_834
5;0.22350086628715765;0.0027692807665022075;0.05262966994137647;0.43884178522662964;0.04310337257013177;0.00745609202988119;0.05762348469859703;0.17407544847972403;2415919136;61208149506;27395236032;1073872896;51;236;316;148;-7.8516823852044775;0.078125;0.03125;random_834
6;0.22350086628715765;0.0027692807665022075;0.05262966994137647;0.43884178522662964;0.04310337257013177;0.00745609202988119;0.05762348469859703;0.17407544847972403;2415919136;61208149506;27395236032;1073872896;51;236;316;148;-7.8516823852044775;0.09375;;random_834
0;0.20201374598624272;0.024687992598228334;0.14769740516929872;0.13659849031063076;0.11026942935647834;0.05349114246754059;0.10933199802535255;0.21590979608622793;536871040;43486546050;18796904576;11811295266;35;120;308;288;;;;random_835
1;0.22350086628715765;0.0027692807665022075;0.05262966994137647;0.43884178522662964;0.04310337257013177;0.00745609202988119;0.05762348469859703;0.17407544847972403;1610752128;1073872896;64229881568;11811291170;145;137;274;195;-7.728330047409172;0.078125;0.03125;random_835
2;0.22350086628715765;0.0027692807665022075;0.05262966994137647;0.43884178522662964;0.04310337257013177;0.00745609202988119;0.05762348469859703;0.17407544847972403;1610752128;1073872896;64229881568;11811291170;145;137;272;197;-7.876292910659532;0.078125;0.03125;random_835
3;0.22350086628715765;0.0027692807665022075;0.05262966994137647;0.43884178522662964;0.04310337257013177;0.00745609202988119;0.05762348469859703;0.17407544847972403;1610752128;1073872896;64229881568;11811291170;145;137;272;197;-7.875433991677041;0.09375;;random_835
0;0.16285105693201646;0.09819675767287489;0.21564542461000968;0.17501714513401517;0.009864315189166287;0.167315822913972;0.1601397242900801;0.01096975325786524;9126805634;2147483680;29610352866;34359740416;98;61;523;69;;;;random_836
1;0.40072647367377445;0.00310362567010429;0.0033302005369709063;0.3927380356007213;0.046225443549343416;0.03708592971439797;0.06602574663090753;0.05076454462378014;61744482434;2147483680;29530141040;1073872896;262;61;278;150;-7.772248057752995;0.09375;0.046875;random_836
2;0.22350086628715765;0.0027692807665022075;0.05262966994137647;0.43884178522662964;0.04310337257013177;0.00745609202988119;0.05762348469859703;0.17407544847972403;61744482434;2415919136;29530141040;1073872896;286;50;269;146;-7.839532910147422;0.09375;0.03125;random_836
3;0.22350086628715765;0.0027692807665022075;0.05262966994137647;0.43884178522662964;0.04310337257013177;0.00745609202988119;0.05762348469859703;0.17407544847972403;61744482434;2415919136;29530141040;1073872896;286;50;269;146;-7.837794642550649;0.078125;0.046875;random_836
4;0.22350086628715765;0.0027692807665022075;0.05262966994137647;0.43884178522662964;0.04310337257013177;0.00745609202988119;0.05762348469859703;0.17407544847972403;61744482434;2415919136;29530141040;1073872896;286;50;269;146;-7.837794642550649;0.078125;;random_836
0;0.22358638834745026;0.11270057073584847;0.05770356091856744;0.10816081152329877;0.2011985337113845;0.06044924964268522;0.22057860190397632;0.015622283216788962;9126805634;2415919136;29540626790;1073872896;81;44;457;169;;;;random_837
1;0.34371203770743186;0.03363230490021571;0.1343983704314524;0.26756594573415254;0.009646747055790671;0.02526603220970273;0.13853917245186928;0.047239389509384694;43486546050;2415919136;29610352866;1073872896;124;40;435;152;-7.785872922678733;0.078125;0.046875;random_837
2;0.26400356727738417;0.13972626508717423;0.03191848428753177;0.3958529056178151;0.08658313179424464;0.012663840306161888;0.06594451750872049;0.003307288120967658;44585596934;2147483680;29540626790;1073872896;209;48;317;177;-7.819262000329316;0.09375;0.046875;random_837
3;0.22350086628715765;0.0027692807665022075;0.05262966994137647;0.43884178522662964;0.04310337257013177;0.00745609202988119;0.05762348469859703;0.17407544847972403;61744482434;2415919136;64229881568;1073872896;279;47;274;151;-7.8310026991560395;0.09375;0.03125;random_837
4;0.22350086628715765;0.0027692807665022075;0.05262966994137647;0.43884178522662964;0.04310337257013177;0.00745609202988119;0.05762348469859703;0.17407544847972403;61744482434;2415919136;64229881568;1073872896;279;47;273;152;-7.8382803302934265;0.078125;0.03125;random_837
5;0.22350086628715765;0.0027692807665022075;0.05262966994137647;0.43884178522662964;0.04310337257013177;0.00745609202988119;0.05762348469859703;0.17407544847972403;61744482434;2415919136;64229881568;1073872896;279;47;273;152;-7.838340397057954;0.078125;;random_837
0;0.027740156621245775;0.18605512255360956;0.1582621848916788;0.20846311458898475;0.013487423724087287;0.08079005866404779;0.21828536335813192;0.10691657559821406;536871040;42949675010;2415919104;33827299570;41;163;29;518;;;;random_838
1;0.18211627082196974;0.28528973269395236;0.01837014813031534;0.28894014188978084;0.08422534163433823;0.04609811038728263;0.02060965781496721;0.0743505966273935;1610752128;44090656770;2415919136;29610352866;185;220;54;292;-7.753759085814079;0.078125;0.03125;random_838
2;0.2500791569798219;0.2354027773027801;0.014862273932091507;0.2486842722487812;0.05416282486031248;0.14072914265149306;0.02574566700541392;0.030333885019305878;1073881088;61271845122;2415919136;29610352866;146;233;61;311;-7.834501198382396;0.078125;0.046875;random_838
3;0.2366789100818342;0.1819432033667347;0.02595492144120827;0.25233527557337193;0.12282527776671816;0.1402530047885955;0.006348029328823759;0.033661377652713445;1073881088;61274851586;2415919136;29610352866;145;216;65;325;-7.8410112307803885;0.09375;0.046875;random_838
4;0.2366789100818342;0.1819432033667347;0.02595492144120827;0.25233527557337193;0.12282527776671816;0.1402530047885955;0.006348029328823759;0.033661377652713445;1073881088;61274851586;2415919136;29610352866;145;215;65;326;-7.8397863862556765;0.09375;0.046875;random_838
5;0.2366789100818342;0.1819432033667347;0.02595492144120827;0.25233527557337193;0.12282527776671816;0.1402530047885955;0.006348029328823759;0.033661377652713445;1073881088;61274851586;2415919136;29610352866;145;215;65;326;-7.839800267044719;0.078125;;random_838
0;0.06890743472404026;0.1854188777091447;0.1800552176879623;0.16850361743255196;0.14195763667839187;0.21586936284594896;0.004762715596848258;0.034525137325111574;2415919104;46707902626;29610352866;1073881088;78;220;354;99;;;;random_839
1;0.2380546354771868;0.11173900989189237;0.026105787627590093;0.2538020055267487;0.04185444016434565;0.24887557479368702;0.006384928033296779;0.07318361848525257;2415919104;61744482434;29610352866;1073881088;70;205;335;141;-7.7956218953407355;0.078125;0.046875;random_839
2;0.2380546354771868;0.11173900989189237;0.026105787627590093;0.2538020055267487;0.04185444016434565;0.24887557479368702;0.006384928033296779;0.07318361848525257;2415919104;61744482434;29610352866;1073881088;70;205;335;141;-7.83453393256829;0.078125;0.03125;random_839
3;0.2380546354771868;0.11173900989189237;0.026105787627590093;0.2538020055267487;0.04185444016434565;0.24887557479368702;0.006384928033296779;0.07318361848525257;2415919104;61744482434;29610352866;1073881088;70;205;335;141;-7.83453393256829;0.078125;;random_839
0;0.15600412448013118;0.017780924364449044;0.2087763386798355;0.16587762632634334;0.18438944293189727;0.13630338017791024;0.028045741437987434;0.10282242160144602;2415919104;44090656770;29610352866;1610752128;53;156;397;145;;;;random_84
1;0.22103738533750877;0.09897927894087459;0.1405391727087729;0.2020718870880258;0.05455944957114942;0.2717547839492319;0.003921606738696804;0.007136435665739789;2415919104;44090656770;29610352866;1610752128;79;182;338;152;-7.790918594044963;0.078125;0.046875;random_84
2;0.2380546354771868;0.11173900989189237;0.026105787627590093;0.2538020055267487;0.04185444016434565;0.24887557479368702;0.006384928033296779;0.07318361848525257;2415919104;44090656770;29610352866;1073881088;70;179;358;144;-7.824433577183984;0.078125;0.0625;random_84
3;0.20642446111882667;0.03247375426306101;0.008323848523663028;0.2607266687233741;0.10171287090797551;0.31275183634833637;0.0006962130348169285;0.07689034707994648;2415919104;44090656770;29565784290;1073881088;84;159;336;172;-7.851099297758951;0.078125;0.03125;random_84
4;0.1536894198364882;0.002031259805225586;0.015509271266870073;0.24031944545001954;0.08378739188450274;0.3347126832399806;0.042266667114845044;0.12768386140206808;2415919104;44090656770;29565784290;1073881088;98;138;339;176;-7.847482670748459;0.078125;0.046875;random_84
5;0.1630698429893746;0.00407268318921882;0.09797735637200568;0.2025790815233156;0.07132255533094715;0.3329994162083449;0.0012882034078602433;0.12669086097893295;3489800192;44090656770;29610352866;1073872896;102;140;372;137;-7.846846156902229;0.078125;0.046875;random_84
6;0.1630698429893746;0.00407268318921882;0.09797735637200568;0.2025790815233156;0.07132255533094715;0.3329994162083449;0.0012882034078602433;0.12669086097893295;3489800192;44090656770;29610352866;1073872896;102;140;372;137;-7.845462033926394;0.078125;0.046875;random_84
7;0.1630698429893746;0.00407268318921882;0.09797735637200568;0.2025790815233156;0.07132255533094715;0.3329994162083449;0.0012882034078602433;0.12669086097893295;3489800192;44090656770;29610352866;1073872896;102;140;372;137;-7.845462033926394;0.078125;;random_84
0;0.1446377409046086;0.08827871190963697;0.09226334891328712;0.3083093088938819;0.013907619144297289;0.008145042944277857;0.2941089077915079;0.050349319498502236;536871040;2415919136;29530141040;9663815682;46;32;368;305;;;;random_840
1;0.22350086628715765;0.0027692807665022075;0.05262966994137647;0.43884178522662964;0.04310337257013177;0.00745609202988119;0.05762348469859703;0.17407544847972403;1610752128;2415919136;64229881568;9663815682;238;59;269;185;-7.776049444753511;0.078125;0.046875;random_840
2;0.22350086628715765;0.0027692807665022075;0.05262966994137647;0.43884178522662964;0.04310337257013177;0.00745609202988119;0.05762348469859703;0.17407544847972403;1610752128;2415919136;64229881568;9663815682;238;59;269;185;-7.888513615661164;0.09375;0.03125;random_840
3;0.22350086628715765;0.0027692807665022075;0.05262966994137647;0.43884178522662964;0.04310337257013177;0.00745609202988119;0.05762348469859703;0.17407544847972403;1610752128;2415919136;64229881568;9663815682;238;59;269;185;-7.888513615661164;0.078125;;random_840
0;0.010225716831264546;0.10910308721365296;0.20983093314560086;0.07282292341591705;0.2218134521019608;0.20587781383471235;0.06672068848307276;0.10360538497381866;536871040;29610352866;2415919104;35433613312;56;456;91;148;;;;random_841
1;0.08365946100027769;0.041121742231133386;0.09186568040930077;0.044696011818012756;0.21723168090227032;0.3311928691550277;0.0033295270512081624;0.18690302743276893;1610752128;29610352866;3489800192;1073872896;130;374;113;134;-7.787985455389772;0.09375;0.046875;random_841
2;0.08365946100027769;0.041121742231133386;0.09186568040930077;0.044696011818012756;0.21723168090227032;0.3311928691550277;0.0033295270512081624;0.18690302743276893;1610752128;29610352866;3489800192;1073872896;130;374;113;134;-7.831225413677393;0.078125;0.0625;random_841
3;0.08365946100027769;0.041121742231133386;0.09186568040930077;0.044696011818012756;0.21723168090227032;0.3311928691550277;0.0033295270512081624;0.18690302743276893;1610752128;29610352866;3489800192;1073872896;130;374;113;134;-7.831225413677393;0.078125;;random_841
0;0.3767254833118219;0.05027969837621775;0.025241784373306188;0.07696498136197294;0.09201448580687836;0.07315971383705037;0.012933042595820987;0.2926808103369315;2415919136;26847870978;29565784290;35433613312;51;204;372;124;;;;random_842
1;0.299162776378207;0.0023435370518073407;0.05061484071292489;0.1970743608872093;0.1932657499957611;0.009595591530040902;0.031612117135623855;0.21633102630842568;2415919136;26847870978;29800542402;35433613312;46;206;373;126;-7.811477091890151;0.078125;0.0625;random_842
2;0.22350086628715765;0.0027692807665022075;0.05262966994137647;0.43884178522662964;0.04310337257013177;0.00745609202988119;0.05762348469859703;0.17407544847972403;2415919136;29062463522;29532451296;1073872896;52;225;300;174;-7.80627467524285;0.078125;0.046875;random_842
3;0.22350086628715765;0.0027692807665022075;0.05262966994137647;0.43884178522662964;0.04310337257013177;0.00745609202988119;0.05762348469859703;0.17407544847972403;2415919136;29062463522;29532451296;1073872896;51;225;301;174;-7.858128414912638;0.078125;0.046875;random_842
4;0.22350086628715765;0.0027692807665022075;0.05262966994137647;0.43884178522662964;0.04310337257013177;0.00745609202988119;0.05762348469859703;0.17407544847972403;2415919136;29062463522;29532451296;1073872896;51;225;301;174;-7.858207486480822;0.09375;;random_842
0;0.04023490993942375;0.113135619491824;0.029908962925476047;0.09080834538231243;0.09874579758096086;0.22681980276992014;0.17522701512090957;0.22511954678917326;536871040;29610352866;2415919104;35433613312;67;428;86;170;;;;random_843
1;0.29513442005183466;0.02707243946231567;0.07605640429220996;0.1054815297343189;0.027612328356812533;0.3223962065984231;0.008452055351736893;0.13779461615234825;1610752128;29610352866;2415919104;1073872896;151;370;97;133;-7.7856134679471545;0.09375;0.03125;random_843
2;0.1630698429893746;0.00407268318921882;0.09797735637200568;0.2025790815233156;0.07132255533094715;0.3329994162083449;0.0012882034078602433;0.12669086097893295;1610752128;29610352866;3489800192;1073872896;134;397;101;119;-7.825179957419964;0.078125;0.03125;random_843
3;0.1630698429893746;0.00407268318921882;0.09797735637200568;0.2025790815233156;0.07132255533094715;0.3329994162083449;0.0012882034078602433;0.12669086097893295;1610752128;29610352866;3489800192;1073872896;133;399;100;119;-7.83730789124835;0.09375;0.046875;random_843
4;0.1630698429893746;0.00407268318921882;0.09797735637200568;0.2025790815233156;0.07132255533094715;0.3329994162083449;0.0012882034078602433;0.12669086097893295;1610752128;29610352866;3489800192;1073872896;133;399;100;119;-7.836595514474449;0.09375;;random_843
0;0.12387488749100362;0.042889664905788195;0.10374903410242749;0.15036272236209258;0.13708277810460423;0.22700996679095037;0.15003329227497603;0.06499765396815758;2684354720;46802282550;29632917990;18257936384;71;201;265;214;;;;random_844
1;0.22350086628715765;0.0027692807665022075;0.05262966994137647;0.43884178522662964;0.04310337257013177;0.00745609202988119;0.05762348469859703;0.17407544847972403;2684354720;46506575906;29058605408;18257936384;106;204;208;233;-7.789221332100364;0.09375;0.046875;random_844
2;0.22350086628715765;0.0027692807665022075;0.05262966994137647;0.43884178522662964;0.04310337257013177;0.00745609202988119;0.05762348469859703;0.17407544847972403;2684354720;46506575906;29058605408;18257936384;106;204;208;233;-7.898021290110449;0.09375;0.03125;random_844
3;0.22350086628715765;0.0027692807665022075;0.05262966994137647;0.43884178522662964;0.04310337257013177;0.00745609202988119;0.05762348469859703;0.17407544847972403;2684354720;46506575906;29058605408;18257936384;106;204;208;233;-7.898021290110449;0.09375;;random_844
0;0.19594384867149792;0.03577603597212219;0.09800177088682216;0.1825867664465939;0.1460285681451696;0.11012638966206156;0.14148394929654526;0.09005267091918738;2952790176;46506575906;29610352866;18257936384;63;182;323;183;;;;random_845
1;0.22350086628715765;0.0027692807665022075;0.05262966994137647;0.43884178522662964;0.04310337257013177;0.00745609202988119;0.05762348469859703;0.17407544847972403;2952790176;46506575906;64229881568;18257936384;91;208;229;223;-7.800378296029358;0.078125;0.046875;random_845
2;0.22350086628715765;0.0027692807665022075;0.05262966994137647;0.43884178522662964;0.04310337257013177;0.00745609202988119;0.05762348469859703;0.17407544847972403;2952790176;46506575906;64229881568;18257936384;91;208;229;223;-7.886525219607982;0.09375;0.046875;random_845
3;0.22350086628715765;0.0027692807665022075;0.05262966994137647;0.43884178522662964;0.04310337257013177;0.00745609202988119;0.05762348469859703;0.17407544847972403;2952790176;46506575906;64229881568;18257936384;91;208;229;223;-7.886525219607982;0.078125;;random_845
0;0.07083656253850161;0.11207971097784884;0.1315684369667428;0.16735250870684176;0.14933753155107368;0.17149986386024252;0.020687633398684516;0.17663775200006415;1073872896;29618085986;2415919104;12348170466;103;340;71;237;;;;random_846
1;0.1630698429893746;0.00407268318921882;0.09797735637200568;0.2025790815233156;0.07132255533094715;0.3329994162083449;0.0012882034078602433;0.12669086097893295;1073872896;29618085986;3489800192;12348170466;164;297;96;194;-7.794744047416109;0.09375;0.03125;random_846
2;0.1630698429893746;0.00407268318921882;0.09797735637200568;0.2025790815233156;0.07132255533094715;0.3329994162083449;0.0012882034078602433;0.12669086097893295;1073872896;29618085986;3489800192;12348170466;164;297;96;194;-7.797842843838664;0.09375;0.046875;random_846
3;0.1630698429893746;0.00407268318921882;0.09797735637200568;0.2025790815233156;0.07132255533094715;0.3329994162083449;0.0012882034078602433;0.12669086097893295;1073872896;29618085986;3489800192;12348170466;164;297;96;194;-7.797842843838664;0.078125;;random_846
0;0.04605577687932315;0.01860239539424878;0.15102170816389549;0.15485623355929012;0.22391283371378304;0.17728296602305854;0.09028468890860408;0.13798339735779674;536871040;29610352866;2415919104;1073872896;65;491;74;121;;;;random_847
1;0.1630698429893746;0.00407268318921882;0.09797735637200568;0.2025790815233156;0.07132255533094715;0.3329994162083449;0.0012882034078602433;0.12669086097893295;1610752128;29610352866;3489800192;1073872896;133;399;100;119;-7.79629755351754;0.078125;0.046875;random_847
2;0.1630698429893746;0.00407268318921882;0.09797735637200568;0.2025790815233156;0.07132255533094715;0.3329994162083449;0.0012882034078602433;0.12669086097893295;1610752128;29610352866;3489800192;1073872896;134;397;101;119;-7.836595514474449;0.09375;0.046875;random_847
3;0.1630698429893746;0.00407268318921882;0.09797735637200568;0.2025790815233156;0.07132255533094715;0.3329994162083449;0.0012882034078602433;0.12669086097893295;1610752128;29610352866;3489800192;1073872896;134;397;101;119;-7.83730789124835;0.078125;;random_847
0;0.16538098133189683;0.20770333687322814;0.15768623878048138;0.10486419392084032;0.18491985503957725;0.06515372776483679;0.0948539094837607;0.019437756805378556;9126805634;2415919136;29610352866;1073872896;93;43;460;155;;;;random_848
1;0.26944712927038167;0.009030505292281932;0.1843464987843593;0.2648111191012427;0.1051204705266616;0.008471646098846347;0.15656017610759415;0.002212454818632198;43486546050;2415919136;29610352866;1073872896;117;39;433;162;-7.790113808254692;0.09375;0.046875;random_848
2;0.27002795685226705;0.14532099445965768;0.0831791085664718;0.41170311013635125;0.0045732289880018;0.013170908603486808;0.068584978332819;0.0034397140609446495;44585596934;2147483680;29610352866;1073872896;206;46;334;165;-7.819940630507743;0.09375;0.03125;random_848
3;0.22350086628715765;0.0027692807665022075;0.05262966994137647;0.43884178522662964;0.04310337257013177;0.00745609202988119;0.05762348469859703;0.17407544847972403;44090656770;2415919136;64229881568;1073872896;195;48;346;162;-7.825089014722776;0.078125;0.046875;random_848
4;0.22350086628715765;0.0027692807665022075;0.05262966994137647;0.43884178522662964;0.04310337257013177;0.00745609202988119;0.05762348469859703;0.17407544847972403;44090656770;2415919136;64229881568;1073872896;195;48;345;163;-7.864914607260789;0.09375;0.046875;random_848
5;0.22350086628715765;0.0027692807665022075;0.05262966994137647;0.43884178522662964;0.04310337257013177;0.00745609202988119;0.05762348469859703;0.17407544847972403;44090656770;2415919136;64229881568;1073872896;195;48;345;163;-7.86499269525641;0.09375;;random_848
0;0.17138456422549814;0.014907741669065892;0.06273862913361136;0.194355954410185;0.11745974208144205;0.0457484378058393;0.2084773888999676;0.18492754177439066;2415919104;68189404707;26915008834;1610752128;39;223;277;212;;;;random_849
1;0.22350086628715765;0.0027692807665022075;0.05262966994137647;0.43884178522662964;0.04310337257013177;0.00745609202988119;0.05762348469859703;0.17407544847972403;2415919136;63624054786;26847879232;1610752128;55;260;215;221;-7.753930372846935;0.09375;0.046875;random_849
2;0.22350086628715765;0.0027692807665022075;0.05262966994137647;0.43884178522662964;0.04310337257013177;0.00745609202988119;0.05762348469859703;0.17407544847972403;2415919136;63624054786;26847879232;1610752128;55;260;215;221;-7.853997917883671;0.09375;0.046875;random_849
3;0.22350086628715765;0.0027692807665022075;0.05262966994137647;0.43884178522662964;0.04310337257013177;0.00745609202988119;0.05762348469859703;0.17407544847972403;2415919136;63624054786;26847879232;1610752128;55;260;215;221;-7.853997917883671;0.078125;;random_849
0;0.11426320642283044;0.09049282684909288;0.008442139058431754;0.2078108620595055;0.030945095399323386;0.17090090300199312;0.19821687785954778;0.17892808934927526;536870928;61271845122;20405682208;18794832000;36;292;215;208;;;;random_85
1;0.22350086628715765;0.0027692807665022075;0.05262966994137647;0.43884178522662964;0.04310337257013177;0.00745609202988119;0.05762348469859703;0.17407544847972403;536870928;63355365730;3489792032;18794807424;33;399;124;195;-7.719899463604927;0.078125;0.046875;random_85
2;0.22350086628715765;0.0027692807665022075;0.05262966994137647;0.43884178522662964;0.04310337257013177;0.00745609202988119;0.05762348469859703;0.17407544847972403;536870928;63355365730;3489792032;18794807424;33;399;124;195;-7.8238902035493885;0.078125;0.046875;random_85
3;0.22350086628715765;0.0027692807665022075;0.05262966994137647;0.43884178522662964;0.04310337257013177;0.00745609202988119;0.05762348469859703;0.17407544847972403;536870928;63355365730;3489792032;18794807424;33;399;124;195;-7.8238902035493885;0.09375;;random_85
0;0.02237980048709468;0.07558980843284013;0.21081851649545688;0.06525604570863394;0.1763257098262292;0.05444288484152296;0.2208118930156531;0.1743753411925691;34359740416;29609828386;2415919104;1610752128;45;446;23;237;;;;random_850
1;0.39567907905963257;0.005439393654600127;0.15852952756363642;0.014869362053693736;0.05586524770661193;0.06406898197436588;0.101513592120518;0.20403481586694117;34359740416;29609828386;2415919104;1610752128;64;429;51;207;-7.740622269206426;0.09375;0.046875;random_850
2;0.2337700385736786;0.0030813621737787885;0.24985205292281729;0.04691282902530974;0.1648275416836902;0.10245125319663659;0.0009746452323179247;0.1981302771917709;1073872896;29609828386;2415919104;1610752128;127;422;47;155;-7.77485943972265;0.09375;0.046875;random_850
3;0.26068616155225904;0.07802160775740341;0.18845564554737468;0.02094762416389881;0.11737357604359684;0.12593463673546051;0.003650368807332477;0.20493037939267414;1073872896;29609828386;2415919104;1610752128;129;419;49;154;-7.800527031095373;0.078125;0.03125;random_850
4;0.29382752109469074;0.062164222621021704;0.20102672797801371;0.01332673250048366;0.14066689825429834;0.03716270616530733;0.027516531284261084;0.22430866010192338;1073872896;29609828386;2415919104;1610752128;136;405;46;164;-7.801712596243015;0.09375;0.046875;random_850
5;0.25684321668033083;0.09843818709393659;0.32564395533480545;0.0025511810856839673;0.13562817520750076;0.010445788172416788;0.014440175421168508;0.1560093210041574;1073872896;29609828386;2415919104;1610752128;142;403;43;163;-7.80198080251413;0.078125;0.0625;random_850
6;0.2337700385736786;0.0030813621737787885;0.24985205292281729;0.04691282902530974;0.1648275416836902;0.10245125319663659;0.0009746452323179247;0.1981302771917709;1073872896;29609828386;2415919104;1610752128;127;423;47;154;-7.8068905141344755;0.09375;0.046875;random_850
7;0.26068616155225904;0.07802160775740341;0.18845564554737468;0.02094762416389881;0.11737357604359684;0.12593463673546051;0.003650368807332477;0.20493037939267414;1073872896;29609828386;2415919104;1610752128;129;420;49;153;-7.800722003974872;0.09375;0.03125;random_850
8;0.29382752109469074;0.062164222621021704;0.20102672797801371;0.01332673250048366;0.14066689825429834;0.03716270616530733;0.027516531284261084;0.22430866010192338;1073872896;29609828386;2415919104;1610752128;135;407;46;163;-7.801643741919611;0.09375;0.046875;random_850
9;0.25684321668033083;0.09843818709393659;0.32564395533480545;0.0025511810856839673;0.13562817520750076;0.010445788172416788;0.014440175421168508;0.1560093210041574;1073872896;29609828386;2415919104;1610752128;142;403;43;163;-7.802507900540027;0.09375;0.046875;random_850
10;0.2337700385736786;0.0030813621737787885;0.24985205292281729;0.04691282902530974;0.1648275416836902;0.10245125319663659;0.0009746452323179247;0.1981302771917709;1073872896;29609828386;2415919104;1610752128;127;423;47;154;-7.8068905141344755;0.09375;;random_850
0;0.23501676917728623;0.032439981618489704;0.12866127997524515;0.07557035770267112;0.14853243692093865;0.0492746767592471;0.22434032670535653;0.10616417114076554;43486546050;2415919136;29534331042;1073872896;93;41;458;159;;;;random_851
1;0.3462756393079222;0.008205280802740194;0.004277236468970023;0.1072427835096712;0.20480471150285293;0.033308968913574766;0.2223050048994628;0.0735803745948058;43486546050;2147483680;29632917990;1073872896;90;40;452;169;-7.785857204419832;0.09375;0.046875;random_851
2;0.3462756393079222;0.008205280802740194;0.004277236468970023;0.1072427835096712;0.20480471150285293;0.033308968913574766;0.2223050048994628;0.0735803745948058;43486546050;2147483680;29632917990;1073872896;90;40;452;169;-7.793348167863421;0.078125;0.046875;random_851
3;0.3462756393079222;0.008205280802740194;0.004277236468970023;0.1072427835096712;0.20480471150285293;0.033308968913574766;0.2223050048994628;0.0735803745948058;43486546050;2147483680;29632917990;1073872896;90;40;452;169;-7.793348167863421;0.09375;;random_851
0;0.0963728492368929;0.17551043954066867;0.2025611822926395;0.11025663350951762;0.172154394232185;0.03212811545344581;0.05633857709374093;0.15467780864090944;2415919136;63624054786;26915008834;1610752128;41;276;233;201;;;;random_852
1;0.38589812353111147;0.33822650530596715;0.025394866539336865;0.0870196693724164;0.07977728595257258;0.011696213496250043;0.03381265441055873;0.03817468139178661;2147483680;64271383026;26915008834;1610752128;48;256;259;188;-7.772072535638299;0.078125;0.046875;random_852
2;0.3213706583755633;0.11903814318268968;0.017556143254973008;0.27872367736218245;0.15140872368796396;0.0725830103446137;0.006198745360259357;0.03312089843175478;2147483680;64271383026;26847748162;1610752128;56;297;231;167;-7.813770012533688;0.09375;0.03125;random_852
3;0.2366789100818342;0.1819432033667347;0.02595492144120827;0.25233527557337193;0.12282527776671816;0.1402530047885955;0.006348029328823759;0.033661377652713445;2147483680;64271383026;26847748162;1610752128;75;309;230;137;-7.816873276283931;0.078125;0.046875;random_852
4;0.2500791569798219;0.2354027773027801;0.014862273932091507;0.2486842722487812;0.05416282486031248;0.14072914265149306;0.02574566700541392;0.030333885019305878;2147483680;64271383026;26915008834;1610752128;74;302;236;139;-7.824954682434872;0.09375;0.046875;random_852
5;0.2500791569798219;0.2354027773027801;0.014862273932091507;0.2486842722487812;0.05416282486031248;0.14072914265149306;0.02574566700541392;0.030333885019305878;2147483680;64271383026;26915008834;1610752128;74;302;236;139;-7.82631920518415;0.078125;0.046875;random_852
6;0.2500791569798219;0.2354027773027801;0.014862273932091507;0.2486842722487812;0.05416282486031248;0.14072914265149306;0.02574566700541392;0.030333885019305878;2147483680;64271383026;26915008834;1610752128;74;302;236;139;-7.82631920518415;0.078125;;random_852
0;0.30446361303513625;0.03850651105612039;0.04415013561367875;0.32039075743817297;0.029973820577955605;0.014092560685456283;0.17469689915481618;0.0737257024386635;536871040;2415919136;1073881088;29610352866;50;30;179;492;;;;random_853
1;0.22350086628715765;0.0027692807665022075;0.05262966994137647;0.43884178522662964;0.04310337257013177;0.00745609202988119;0.05762348469859703;0.17407544847972403;1610752128;2415919136;1073872896;29610352866;155;46;119;431;-7.8234877455865695;0.078125;0.046875;random_853
2;0.22350086628715765;0.0027692807665022075;0.05262966994137647;0.43884178522662964;0.04310337257013177;0.00745609202988119;0.05762348469859703;0.17407544847972403;1610752128;2415919136;1073872896;29610352866;155;46;118;432;-7.872818554810086;0.078125;0.046875;random_853
3;0.22350086628715765;0.0027692807665022075;0.05262966994137647;0.43884178522662964;0.04310337257013177;0.00745609202988119;0.05762348469859703;0.17407544847972403;1610752128;2415919136;1073872896;29610352866;155;46;118;432;-7.872377247269405;0.078125;;random_853
0;0.06374898306338818;0.1323473737607662;0.07523388559161868;0.2132603421849877;0.048882929992839726;0.18533435229854772;0.1874649898727968;0.09372714323505518;2684354720;46802282550;29632917990;18257936384;73;229;261;188;;;;random_854
1;0.22350086628715765;0.0027692807665022075;0.05262966994137647;0.43884178522662964;0.04310337257013177;0.00745609202988119;0.05762348469859703;0.17407544847972403;2684354720;46506575906;29058605408;18257936384;106;204;208;233;-7.789653024981644;0.078125;0.046875;random_854
2;0.22350086628715765;0.0027692807665022075;0.05262966994137647;0.43884178522662964;0.04310337257013177;0.00745609202988119;0.05762348469859703;0.17407544847972403;2684354720;46506575906;29058605408;18257936384;106;204;208;233;-7.898021290110449;0.09375;0.03125;random_854
3;0.22350086628715765;0.0027692807665022075;0.05262966994137647;0.43884178522662964;0.04310337257013177;0.00745609202988119;0.05762348469859703;0.17407544847972403;2684354720;46506575906;29058605408;18257936384;106;204;208;233;-7.898021290110449;0.078125;;random_854
0;0.2712702280223456;0.07692019336139765;0.024768857311202958;0.15427404824917132;0.0020322833844557174;0.128970046081593;0.22760622763929894;0.11415811595053477;34896611456;2147483680;18257944576;29610352866;73;49;216;413;;;;random_855
1;0.40072647367377445;0.00310362567010429;0.0033302005369709063;0.3927380356007213;0.046225443549343416;0.03708592971439797;0.06602574663090753;0.05076454462378014;34896611456;2147483680;18257944576;29610352866;69;53;203;426;-7.823964427835837;0.078125;0.046875;random_855
2;0.22350086628715765;0.0027692807665022075;0.05262966994137647;0.43884178522662964;0.04310337257013177;0.00745609202988119;0.05762348469859703;0.17407544847972403;34896611456;2415919136;18257944576;29610352866;78;44;203;426;-7.848459039160252;0.078125;0.046875;random_855
3;0.22350086628715765;0.0027692807665022075;0.05262966994137647;0.43884178522662964;0.04310337257013177;0.00745609202988119;0.05762348469859703;0.17407544847972403;34896611456;2415919136;18257944576;29610352866;78;44;203;426;-7.862394168033043;0.078125;0.046875;random_855
4;0.22350086628715765;0.0027692807665022075;0.05262966994137647;0.43884178522662964;0.04310337257013177;0.00745609202988119;0.05762348469859703;0.17407544847972403;34896611456;2415919136;18257944576;29610352866;78;44;203;426;-7.862394168033043;0.078125;;random_855
0;0.053967543232658864;0.06763538284933894;0.2417540678136133;0.17519279230215007;0.0426761312610507;0.12254092266531758;0.1625948915147901;0.13363826836108048;2415919104;42949675010;29610352866;1610752128;44;114;422;171;;;;random_856
1;0.22350086628715765;0.0027692807665022075;0.05262966994137647;0.43884178522662964;0.04310337257013177;0.00745609202988119;0.05762348469859703;0.17407544847972403;2415919136;44090656770;29610352866;1610752128;64;180;293;214;-7.775003125660443;0.078125;0.046875;random_856
2;0.22350086628715765;0.0027692807665022075;0.05262966994137647;0.43884178522662964;0.04310337257013177;0.00745609202988119;0.05762348469859703;0.17407544847972403;2415919136;44090656770;29610352866;1610752128;64;180;293;214;-7.858092923643183;0.078125;0.046875;random_856
3;0.22350086628715765;0.0027692807665022075;0.05262966994137647;0.43884178522662964;0.04310337257013177;0.00745609202988119;0.05762348469859703;0.17407544847972403;2415919136;44090656770;29610352866;1610752128;64;180;293;214;-7.858092923643183;0.078125;;random_856
0;0.2439534600942932;0.0019552762380523744;0.08733612613386439;0.17854461769808158;0.16745423915107538;0.0323412101564894;0.05444552572749153;0.23396954480065216;536871040;44090656770;29610352866;1073872896;73;157;392;129;;;;random_857
1;0.22350086628715765;0.0027692807665022075;0.05262966994137647;0.43884178522662964;0.04310337257013177;0.00745609202988119;0.05762348469859703;0.17407544847972403;1610752128;44090656770;29610352866;1073872896;151;157;304;139;-7.8075393437243905;0.09375;0.03125;random_857
2;0.22350086628715765;0.0027692807665022075;0.05262966994137647;0.43884178522662964;0.04310337257013177;0.00745609202988119;0.05762348469859703;0.17407544847972403;1610752128;44090656770;29610352866;1073872896;151;157;305;138;-7.876445880685877;0.078125;0.046875;random_857
3;0.22350086628715765;0.0027692807665022075;0.05262966994137647;0.43884178522662964;0.04310337257013177;0.00745609202988119;0.05762348469859703;0.17407544847972403;1610752128;44090656770;29610352866;1073872896;151;157;305;138;-7.8761050239141195;0.078125;;random_857
0;0.14017966694239137;0.1677502763811826;0.2140896817602642;0.1530345009423305;0.08229341649444544;0.13715602600341398;0.034178684636278815;0.07131774683969318;2684354720;44090656770;27380421058;18257944576;133;197;224;197;;;;random_858
1;0.2612206543758201;0.12298541394328338;0.08618795032956693;0.3612386279953682;0.08139311465758489;0.015019051858791096;0.04411887907697158;0.027836307762614036;2684354720;44090656770;29610352866;18257944576;98;184;264;205;-7.76430758324967;0.09375;0.0625;random_858
2;0.22350086628715765;0.0027692807665022075;0.05262966994137647;0.43884178522662964;0.04310337257013177;0.00745609202988119;0.05762348469859703;0.17407544847972403;2952790176;44090656770;64229881568;18257936384;90;201;237;223;-7.853369007274312;0.078125;0.0625;random_858
3;0.22350086628715765;0.0027692807665022075;0.05262966994137647;0.43884178522662964;0.04310337257013177;0.00745609202988119;0.05762348469859703;0.17407544847972403;2952790176;44090656770;64229881568;18257936384;90;201;237;223;-7.886907146226282;0.09375;0.046875;random_858
4;0.22350086628715765;0.0027692807665022075;0.05262966994137647;0.43884178522662964;0.04310337257013177;0.00745609202988119;0.05762348469859703;0.17407544847972403;2952790176;44090656770;64229881568;18257936384;90;201;237;223;-7.886907146226282;0.09375;;random_858
0;0.14807798263387548;0.00929224790989485;0.00019233514904879853;0.20050343325634487;0.21796556077955;0.20469405115074527;0.048700401542811106;0.1705739875777297;18790621568;29610352866;2415919104;1073872896;159;412;75;105;;;;random_859
1;0.1536894198364882;0.002031259805225586;0.015509271266870073;0.24031944545001954;0.08378739188450274;0.3347126832399806;0.042266667114845044;0.12768386140206808;18790621568;29610352866;2415919104;1073872896;161;396;95;99;-7.831776170795544;0.09375;0.03125;random_859
2;0.1630698429893746;0.00407268318921882;0.09797735637200568;0.2025790815233156;0.07132255533094715;0.3329994162083449;0.0012882034078602433;0.12669086097893295;18790621568;29610352866;3489800192;1073872896;179;369;101;102;-7.8433351715809065;0.078125;0.046875;random_859
3;0.1630698429893746;0.00407268318921882;0.09797735637200568;0.2025790815233156;0.07132255533094715;0.3329994162083449;0.0012882034078602433;0.12669086097893295;18790621568;29610352866;3489800192;1073872896;177;370;100;104;-7.8359609692133985;0.078125;0.046875;random_859
4;0.1630698429893746;0.00407268318921882;0.09797735637200568;0.2025790815233156;0.07132255533094715;0.3329994162083449;0.0012882034078602433;0.12669086097893295;18790621568;29610352866;3489800192;1073872896;177;370;100;104;-7.835526204846031;0.078125;;random_859
0;0.2532561291585605;0.02727529816576532;0.2289706220276608;0.007707517703260191;0.14124179371843104;0.1067382587986538;0.1384078067428969;0.0964025736847715;9126805634;2147483680;29534331042;34359740416;96;55;539;61;;;;random_86
1;0.3654385366671609;0.13866785552606806;0.0018778672905659368;0.16532125704780357;0.137943764862944;0.06497480183749599;0.08000235854611207;0.045773558221849565;9126805634;2147483680;29610352866;35433613312;77;46;453;175;-7.750016683243194;0.09375;0.03125;random_86
2;0.40072647367377445;0.00310362567010429;0.0033302005369709063;0.3927380356007213;0.046225443549343416;0.03708592971439797;0.06602574663090753;0.05076454462378014;61744482434;2147483680;29530141040;1073872896;263;61;277;150;-7.810555435038211;0.078125;0.046875;random_86
3;0.22350086628715765;0.0027692807665022075;0.05262966994137647;0.43884178522662964;0.04310337257013177;0.00745609202988119;0.05762348469859703;0.17407544847972403;61744482434;2415919136;29530141040;1073872896;286;50;269;146;-7.839396573345442;0.078125;0.046875;random_86
4;0.22350086628715765;0.0027692807665022075;0.05262966994137647;0.43884178522662964;0.04310337257013177;0.00745609202988119;0.05762348469859703;0.17407544847972403;61744482434;2415919136;29530141040;1073872896;287;50;268;146;-7.837794642550649;0.078125;0.03125;random_86
5;0.22350086628715765;0.0027692807665022075;0.05262966994137647;0.43884178522662964;0.04310337257013177;0.00745609202988119;0.05762348469859703;0.17407544847972403;61744482434;2415919136;29530141040;1073872896;287;50;268;146;-7.837948283050312;0.078125;;random_86
0;0.09091831542104037;0.01413044711331326;0.1583436319645417;0.16097051127668363;0.14380192835492892;0.19849083679237745;0.19760775889025553;0.035736570186859135;2952790176;11811291170;29540626790;1073881088;72;157;360;162;;;;random_860
1;0.21441745143005972;0.1441016272306112;0.044044851136924176;0.40824856950054417;0.1047067635431164;0.013060393434033321;0.06800949180181319;0.0034108519228977572;2684354720;29609828386;29530141040;1073881088;87;268;190;206;-7.784122027049511;0.078125;0.0625;random_860
2;0.37340059868882525;0.034454710893647704;0.021988553198505963;0.4433429767374552;0.03507017768372346;0.0141831083682436;0.0738558143111319;0.0037040601184669896;2684354720;29609828386;29530141040;1073881088;92;266;190;203;-7.912789320691797;0.09375;0.046875;random_860
3;0.37340059868882525;0.034454710893647704;0.021988553198505963;0.4433429767374552;0.03507017768372346;0.0141831083682436;0.0738558143111319;0.0037040601184669896;2684354720;29609828386;29530141040;1073881088;92;266;190;203;-7.912765239738169;0.09375;;random_860
0;0.12801621757668866;0.10619419369176013;0.1169200656078243;0.15947868563620954;0.13464816916190292;0.0630120412288596;0.15087870546165963;0.1408519216350953;2415919104;46802282550;26915008834;1610752128;38;257;265;191;;;;random_861
1;0.22350086628715765;0.0027692807665022075;0.05262966994137647;0.43884178522662964;0.04310337257013177;0.00745609202988119;0.05762348469859703;0.17407544847972403;2415919136;46506575906;26847879232;1610752128;58;220;256;217;-7.763402459924336;0.09375;0.046875;random_861
2;0.22350086628715765;0.0027692807665022075;0.05262966994137647;0.43884178522662964;0.04310337257013177;0.00745609202988119;0.05762348469859703;0.17407544847972403;2415919136;46506575906;26847879232;1610752128;58;220;256;217;-7.8594745906711605;0.09375;0.03125;random_861
3;0.22350086628715765;0.0027692807665022075;0.05262966994137647;0.43884178522662964;0.04310337257013177;0.00745609202988119;0.05762348469859703;0.17407544847972403;2415919136;46506575906;26847879232;1610752128;58;220;256;217;-7.8594745906711605;0.078125;;random_861
0;0.1570076022560242;0.2083018183174212;0.10276967680173728;0.15856885652367644;0.0009086743606609311;0.12640513739976247;0.16088825103170176;0.08514998330901558;536871040;2147483680;26915008834;18796904576;45;92;371;243;;;;random_862
1;0.22350086628715765;0.0027692807665022075;0.05262966994137647;0.43884178522662964;0.04310337257013177;0.00745609202988119;0.05762348469859703;0.17407544847972403;1610752128;2415919136;63355365730;18257936384;143;43;399;166;-7.756569816213722;0.078125;0.0625;random_862
2;0.22350086628715765;0.0027692807665022075;0.05262966994137647;0.43884178522662964;0.04310337257013177;0.00745609202988119;0.05762348469859703;0.17407544847972403;1610752128;2415919136;63355365730;18257936384;143;43;399;166;-7.871005839821718;0.078125;0.046875;random_862
3;0.22350086628715765;0.0027692807665022075;0.05262966994137647;0.43884178522662964;0.04310337257013177;0.00745609202988119;0.05762348469859703;0.17407544847972403;1610752128;2415919136;63355365730;18257936384;143;43;399;166;-7.871005839821718;0.078125;;random_862
0;0.16785491034295694;0.09381184349753503;0.05464527469112552;0.10626236167640965;0.17512624462552656;0.13198523012291496;0.18374481664116712;0.08656931840236425;536871040;2147483680;25769804098;29534331042;57;49;110;535;;;;random_863
1;0.3462756393079222;0.008205280802740194;0.004277236468970023;0.1072427835096712;0.20480471150285293;0.033308968913574766;0.2223050048994628;0.0735803745948058;536871040;2147483680;25773998146;29534331042;53;38;79;581;-7.747999556208488;0.078125;0.0625;random_863
2;0.3462756393079222;0.008205280802740194;0.004277236468970023;0.1072427835096712;0.20480471150285293;0.033308968913574766;0.2223050048994628;0.0735803745948058;536871040;2147483680;25773998146;29534331042;55;38;79;579;-7.761408473835934;0.09375;0.046875;random_863
3;0.3462756393079222;0.008205280802740194;0.004277236468970023;0.1072427835096712;0.20480471150285293;0.033308968913574766;0.2223050048994628;0.0735803745948058;536871040;2147483680;25773998146;29534331042;55;38;79;579;-7.761222647394634;0.078125;;random_863
0;0.20075311691035483;0.19158072424161524;0.07290238094828295;0.22700153068695553;0.020728880026413956;0.17534026931730315;0.05427208923335294;0.0574210086357215;10200686722;2415919136;29610352866;1073881088;175;69;364;143;;;;random_864
1;0.34884434049438995;0.00273272513097807;0.06775407423558436;0.38042746609519695;0.011189118644623321;0.09961849730817919;0.034426194101241654;0.05500758398980671;10200686722;2415919136;29610352866;1073881088;168;68;364;151;-7.837403739056615;0.09375;0.03125;random_864
2;0.26400356727738417;0.13972626508717423;0.03191848428753177;0.3958529056178151;0.08658313179424464;0.012663840306161888;0.06594451750872049;0.003307288120967658;29609828386;2147483680;29530141040;1073881088;298;45;202;206;-7.83616544601305;0.09375;0.046875;random_864
3;0.37340059868882525;0.034454710893647704;0.021988553198505963;0.4433429767374552;0.03507017768372346;0.0141831083682436;0.0738558143111319;0.0037040601184669896;29609828386;2147483680;29530141040;1073881088;292;46;206;207;-7.886962299984637;0.078125;0.03125;random_864
4;0.37340059868882525;0.034454710893647704;0.021988553198505963;0.4433429767374552;0.03507017768372346;0.0141831083682436;0.0738558143111319;0.0037040601184669896;29609828386;2147483680;29530141040;1073881088;292;46;206;207;-7.887158318455456;0.078125;;random_864
0;0.21890899773499073;0.08590765913049789;0.11608895373142239;0.14859635132359972;0.11132563196184166;0.16217163525282213;0.005815540874877554;0.15118522998994796;1073881088;61744482434;20950556832;11811291170;115;248;232;156;;;;random_865
1;0.2380546354771868;0.11173900989189237;0.026105787627590093;0.2538020055267487;0.04185444016434565;0.24887557479368702;0.006384928033296779;0.07318361848525257;1073872896;61781195090;20950556832;11811291170;124;266;192;169;-7.777418356288978;0.078125;0.03125;random_865
2;0.34884434049438995;0.00273272513097807;0.06775407423558436;0.38042746609519695;0.011189118644623321;0.09961849730817919;0.034426194101241654;0.05500758398980671;1073872896;61956501826;20950556832;11811291170;122;253;220;156;-7.823893913073758;0.078125;0.046875;random_865
3;0.22350086628715765;0.0027692807665022075;0.05262966994137647;0.43884178522662964;0.04310337257013177;0.00745609202988119;0.05762348469859703;0.17407544847972403;1073872896;64162527712;20950556832;9663815682;131;222;211;187;-7.870407816697072;0.09375;0.046875;random_865
4;0.22350086628715765;0.0027692807665022075;0.05262966994137647;0.43884178522662964;0.04310337257013177;0.00745609202988119;0.05762348469859703;0.17407544847972403;1073872896;64162527712;20950556832;9663815682;131;223;211;186;-7.913801326224155;0.09375;0.046875;random_865
5;0.22350086628715765;0.0027692807665022075;0.05262966994137647;0.43884178522662964;0.04310337257013177;0.00745609202988119;0.05762348469859703;0.17407544847972403;1073872896;64162527712;20950556832;9663815682;131;223;211;186;-7.914128820155093;0.078125;;random_865
0;0.11073825430999897;0.3001886466443559;0.04895518209151393;0.010460763658043078;0.02080688377907;0.17825842361560285;0.07347946946551291;0.25711237643590223;1610752128;29534331042;19599982592;35433613312;169;286;94;202;;;;random_866
1;0.18188606648576022;0.2060963719372275;0.03693677100322254;0.12714717450765642;0.0970806822083606;0.29092086372409687;0.030447838548820782;0.02948423158485502;1073881088;29610352866;2415919104;35433613312;153;365;105;128;-7.748140920332974;0.078125;0.046875;random_866
2;0.2380546354771868;0.11173900989189237;0.026105787627590093;0.2538020055267487;0.04185444016434565;0.24887557479368702;0.006384928033296779;0.07318361848525257;1073881088;29610352866;2415919104;35433613312;127;452;78;94;-7.827435669525024;0.078125;0.03125;random_866
3;0.20351755227612883;0.11702777632732324;0.07684897614325388;0.15060676575082368;0.06044924340346322;0.37948267454670465;0.011261351265992668;0.0008056602863097856;1073881088;29610352866;3489800192;35433613312;157;366;111;117;-7.8389890202691825;0.09375;0.046875;random_866
4;0.2380546354771868;0.11173900989189237;0.026105787627590093;0.2538020055267487;0.04185444016434565;0.24887557479368702;0.006384928033296779;0.07318361848525257;1073881088;29610352866;3489800192;35433613312;127;439;92;93;-7.828050269163359;0.09375;0.03125;random_866
5;0.20351755227612883;0.11702777632732324;0.07684897614325388;0.15060676575082368;0.06044924340346322;0.37948267454670465;0.011261351265992668;0.0008056602863097856;1073881088;29610352866;3489800192;35433613312;157;366;111;117;-7.841468061155869;0.078125;0.03125;random_866
6;0.2380546354771868;0.11173900989189237;0.026105787627590093;0.2538020055267487;0.04185444016434565;0.24887557479368702;0.006384928033296779;0.07318361848525257;1073881088;29610352866;3489800192;35433613312;127;438;93;93;-7.828050269163359;0.09375;0.046875;random_866
7;0.20351755227612883;0.11702777632732324;0.07684897614325388;0.15060676575082368;0.06044924340346322;0.37948267454670465;0.011261351265992668;0.0008056602863097856;1073881088;29610352866;3489800192;35433613312;157;366;111;117;-7.841928588664425;0.078125;;random_866
0;0.015037847600378873;0.06359761493803934;0.2248504649687764;0.0123607821414921;0.21330550471476312;0.030268809575984598;0.22824049080591588;0.21233848525464963;536871040;29602427378;2415919104;26847870978;91;366;27;267;;;;random_867
1;0.29865380431734506;0.020717171841805573;0.1311631175891735;0.06994229123180486;0.006099207787828917;0.01579148800768778;0.14784115476230025;0.3097917644620539;536871040;29610352866;2415919136;26847870978;89;318;52;292;-7.741490225942066;0.078125;0.046875;random_867
2;0.2141875990279326;0.14140163163174538;0.04634367787947426;0.10831711571244376;0.05335031274434084;0.00656554995798805;0.03182409513900542;0.3980100179070696;1610752128;29806911586;2415919136;26847870978;198;205;52;296;-7.792374962533178;0.09375;0.046875;random_867
3;0.2141875990279326;0.14140163163174538;0.04634367787947426;0.10831711571244376;0.05335031274434084;0.00656554995798805;0.03182409513900542;0.3980100179070696;1610752128;29806911586;2415919136;26847870978;198;205;52;296;-7.799573230488532;0.09375;0.03125;random_867
4;0.2141875990279326;0.14140163163174538;0.04634367787947426;0.10831711571244376;0.05335031274434084;0.00656554995798805;0.03182409513900542;0.3980100179070696;1610752128;29806911586;2415919136;26847870978;198;205;52;296;-7.799573230488532;0.078125;;random_867
0;0.07949114849909943;0.14606812921940507;0.16642898883614657;0.14308990250466755;0.07668434452062255;0.08218089707823856;0.25098399555762213;0.05507259378419819;2415919136;46802282550;29540626790;1073881088;36;230;335;150;;;;random_868
1;0.3213706583755633;0.11903814318268968;0.017556143254973008;0.27872367736218245;0.15140872368796396;0.0725830103446137;0.006198745360259357;0.03312089843175478;2415919136;61744482434;29610352866;1073881088;65;208;348;130;-7.77946978695022;0.09375;0.046875;random_868
2;0.2366789100818342;0.1819432033667347;0.02595492144120827;0.25233527557337193;0.12282527776671816;0.1402530047885955;0.006348029328823759;0.033661377652713445;2415919136;61744482434;29610352866;1073881088;64;220;322;145;-7.8252800678413275;0.09375;0.03125;random_868
3;0.2366789100818342;0.1819432033667347;0.02595492144120827;0.25233527557337193;0.12282527776671816;0.1402530047885955;0.006348029328823759;0.033661377652713445;2415919136;61744482434;29610352866;1073881088;64;220;322;145;-7.836786044725954;0.078125;;random_868
0;0.10985048347399345;0.02455229261536562;0.08496611848989331;0.014728670292535849;0.27204430942345015;0.157549088874614;0.1471241725644085;0.18918486426573922;2684354720;63971487074;8589934594;18257936384;151;326;43;231;;;;random_869
1;0.4279938756474947;0.09325158365896077;0.00431010456294503;0.15743464697475373;0.02304739972639021;0.005614367080700799;0.019832079269668904;0.2685159430790857;2684354720;64163117378;9663815682;18257936384;116;316;128;191;-7.758791200710441;0.078125;0.046875;random_869
2;0.22350086628715765;0.0027692807665022075;0.05262966994137647;0.43884178522662964;0.04310337257013177;0.00745609202988119;0.05762348469859703;0.17407544847972403;2952790176;64229881568;9663815682;18257936384;91;246;185;229;-7.804557676362873;0.078125;0.03125;random_869
3;0.22350086628715765;0.0027692807665022075;0.05262966994137647;0.43884178522662964;0.04310337257013177;0.00745609202988119;0.05762348469859703;0.17407544847972403;2952790176;64229881568;9663815682;18257936384;91;246;185;229;-7.897030734749952;0.09375;0.046875;random_869
4;0.22350086628715765;0.0027692807665022075;0.05262966994137647;0.43884178522662964;0.04310337257013177;0.00745609202988119;0.05762348469859703;0.17407544847972403;2952790176;64229881568;9663815682;18257936384;91;246;185;229;-7.897030734749952;0.09375;;random_869
0;0.08169934113912752;0.008198317754791795;0.22213981063509278;0.3613130559956158;0.16000415232911136;0.09554558356208126;0.03452546642911635;0.03657427215506319;1073881088;44090656770;2415919104;9672204352;256;233;74;188;;;;random_87
1;0.22350086628715765;0.0027692807665022075;0.05262966994137647;0.43884178522662964;0.04310337257013177;0.00745609202988119;0.05762348469859703;0.17407544847972403;1073872896;63665547266;2415919136;29004800096;213;265;51;222;-7.884373062049148;0.078125;0.046875;random_87
2;0.22350086628715765;0.0027692807665022075;0.05262966994137647;0.43884178522662964;0.04310337257013177;0.00745609202988119;0.05762348469859703;0.17407544847972403;1073872896;63665547266;2415919136;29004800096;213;264;51;223;-7.853220452522617;0.078125;0.046875;random_87
3;0.22350086628715765;0.0027692807665022075;0.05262966994137647;0.43884178522662964;0.04310337257013177;0.00745609202988119;0.05762348469859703;0.17407544847972403;1073872896;63665547266;2415919136;29004800096;213;264;51;223;-7.853112723957437;0.078125;;random_87
0;0.08951289645722503;0.12344113402363718;0.20244982498564904;0.07691617236756891;0.15825848186424935;0.19695389374193992;0.04730749500151806;0.10516010155821255;2415919104;50466031650;29610352866;1073881088;84;155;392;120;;;;random_870
1;0.2380546354771868;0.11173900989189237;0.026105787627590093;0.2538020055267487;0.04185444016434565;0.24887557479368702;0.006384928033296779;0.07318361848525257;2415919104;44090656770;29610352866;1073881088;70;179;358;144;-7.771880340944618;0.078125;0.046875;random_870
2;0.20642446111882667;0.03247375426306101;0.008323848523663028;0.2607266687233741;0.10171287090797551;0.31275183634833637;0.0006962130348169285;0.07689034707994648;2415919104;44090656770;29565784290;1073881088;84;159;336;172;-7.851099297758951;0.078125;0.046875;random_870
3;0.1536894198364882;0.002031259805225586;0.015509271266870073;0.24031944545001954;0.08378739188450274;0.3347126832399806;0.042266667114845044;0.12768386140206808;2415919104;44090656770;29565784290;1073881088;98;138;339;176;-7.847482670748459;0.078125;0.03125;random_870
4;0.1630698429893746;0.00407268318921882;0.09797735637200568;0.2025790815233156;0.07132255533094715;0.3329994162083449;0.0012882034078602433;0.12669086097893295;3489800192;44090656770;29610352866;1073872896;102;140;372;137;-7.846846156902229;0.09375;0.046875;random_870
5;0.1630698429893746;0.00407268318921882;0.09797735637200568;0.2025790815233156;0.07132255533094715;0.3329994162083449;0.0012882034078602433;0.12669086097893295;3489800192;44090656770;29610352866;1073872896;102;140;372;137;-7.845462033926394;0.109375;0.03125;random_870
6;0.1630698429893746;0.00407268318921882;0.09797735637200568;0.2025790815233156;0.07132255533094715;0.3329994162083449;0.0012882034078602433;0.12669086097893295;3489800192;44090656770;29610352866;1073872896;102;140;372;137;-7.845462033926394;0.09375;;random_870
0;0.13053875291698358;0.09485474707826141;0.16925564070463864;0.054682698940861384;0.11127548002235826;0.1940890027283363;0.033749573007325666;0.2115541046012347;35970484240;1073872896;29611143330;18794807424;112;104;343;192;;;;random_871
1;0.35536557504575755;0.038265523519394884;0.00450023963246392;0.001360380912786598;0.016291722576489084;0.3531279735521729;0.10437146840750454;0.12671711635343055;35433613312;1073872896;29611143330;18794832000;106;80;318;247;-7.769668323667591;0.09375;0.0625;random_871
2;0.35536557504575755;0.038265523519394884;0.00450023963246392;0.001360380912786598;0.016291722576489084;0.3531279735521729;0.10437146840750454;0.12671711635343055;35433613312;1073872896;29611143330;18794832000;106;80;318;247;-7.843441122653085;0.09375;0.046875;random_871
3;0.35536557504575755;0.038265523519394884;0.00450023963246392;0.001360380912786598;0.016291722576489084;0.3531279735521729;0.10437146840750454;0.12671711635343055;35433613312;1073872896;29611143330;18794832000;106;80;318;247;-7.843441122653085;0.09375;;random_871
0;0.12748921202370445;0.13678037755490835;0.18126821138929491;0.15445180686643067;0.23467071310607499;0.05320249912295086;0.03702983074666046;0.07510734918997529;2415919104;44090656770;29610352866;1073881088;44;189;415;103;;;;random_872
1;0.2366789100818342;0.1819432033667347;0.02595492144120827;0.25233527557337193;0.12282527776671816;0.1402530047885955;0.006348029328823759;0.033661377652713445;2415919104;44090656770;29610352866;1073881088;57;184;364;146;-7.802958723508325;0.078125;0.03125;random_872
2;0.23305217935049427;0.24520217241991435;0.013850355910538516;0.23175226723291628;0.10393040132183767;0.15078164055193224;0.014373299585556198;0.007057683626810569;2415919104;61744482434;29610352866;1073881088;51;228;326;146;-7.836010114153632;0.09375;0.046875;random_872
3;0.2366789100818342;0.1819432033667347;0.02595492144120827;0.25233527557337193;0.12282527776671816;0.1402530047885955;0.006348029328823759;0.033661377652713445;2415919104;61744482434;29610352866;1073881088;54;215;337;145;-7.831709630466118;0.078125;0.046875;random_872
4;0.2380546354771868;0.11173900989189237;0.026105787627590093;0.2538020055267487;0.04185444016434565;0.24887557479368702;0.006384928033296779;0.07318361848525257;2415919104;61744482434;29610352866;1073881088;70;206;334;141;-7.828501128549518;0.09375;0.03125;random_872
5;0.2380546354771868;0.11173900989189237;0.026105787627590093;0.2538020055267487;0.04185444016434565;0.24887557479368702;0.006384928033296779;0.07318361848525257;2415919104;61744482434;29610352866;1073881088;70;206;334;141;-7.834431857730589;0.078125;;random_872
0;0.17389705732445077;0.017229906767635916;0.09244615573383959;0.13478335757675622;0.14510331061363116;0.16685819656829604;0.17343583836392404;0.09624617705146628;2952790144;68189404707;29610352866;1073872896;83;154;356;158;;;;random_873
1;0.22352177554152336;0.013933884125510719;0.06253197493453261;0.21163666058181785;0.26261692524996455;0.19475658839223114;0.02758841884629807;0.0034137723281217284;2952790144;61761521922;29610352866;1073881088;81;224;316;130;-7.756988586809725;0.078125;0.03125;random_873
2;0.2380546354771868;0.11173900989189237;0.026105787627590093;0.2538020055267487;0.04185444016434565;0.24887557479368702;0.006384928033296779;0.07318361848525257;2952790144;61274851586;29610352866;1073881088;90;185;331;145;-7.822949406529325;0.09375;0.046875;random_873
3;0.2380546354771868;0.11173900989189237;0.026105787627590093;0.2538020055267487;0.04185444016434565;0.24887557479368702;0.006384928033296779;0.07318361848525257;2952790144;61274851586;29610352866;1073881088;90;185;331;145;-7.830295984453066;0.09375;0.03125;random_873
4;0.2380546354771868;0.11173900989189237;0.026105787627590093;0.2538020055267487;0.04185444016434565;0.24887557479368702;0.006384928033296779;0.07318361848525257;2952790144;61274851586;29610352866;1073881088;90;185;331;145;-7.830295984453066;0.09375;;random_873
0;0.054139219529839876;0.11689504116757828;0.16549163464622543;0.10717536426560019;0.06122702345511228;0.18484180684312962;0.18642062321397707;0.12380928687853725;2684354720;46802282550;29530141040;18257936384;80;236;245;190;;;;random_874
1;0.22350086628715765;0.0027692807665022075;0.05262966994137647;0.43884178522662964;0.04310337257013177;0.00745609202988119;0.05762348469859703;0.17407544847972403;2952790176;46506575906;64229881568;18257936384;91;208;229;223;-7.717902396529608;0.109375;0.046875;random_874
2;0.22350086628715765;0.0027692807665022075;0.05262966994137647;0.43884178522662964;0.04310337257013177;0.00745609202988119;0.05762348469859703;0.17407544847972403;2952790176;46506575906;64229881568;18257936384;91;208;229;223;-7.886525219607982;0.09375;0.046875;random_874
3;0.22350086628715765;0.0027692807665022075;0.05262966994137647;0.43884178522662964;0.04310337257013177;0.00745609202988119;0.05762348469859703;0.17407544847972403;2952790176;46506575906;64229881568;18257936384;91;208;229;223;-7.886525219607982;0.109375;;random_874
0;0.13358510498988135;0.11403769417266771;0.17368491381196263;0.1969885523846851;0.0004467760590779786;0.21620796574941073;0.07641699007635541;0.088632002755959;2684354720;44090656770;29602427378;18257944576;96;184;287;184;;;;random_875
1;0.2380546354771868;0.11173900989189237;0.026105787627590093;0.2538020055267487;0.04185444016434565;0.24887557479368702;0.006384928033296779;0.07318361848525257;3758620832;44090656770;29610352866;18257944576;154;181;264;152;-7.797159007340406;0.09375;0.046875;random_875
2;0.2366789100818342;0.1819432033667347;0.02595492144120827;0.25233527557337193;0.12282527776671816;0.1402530047885955;0.006348029328823759;0.033661377652713445;3758620832;44090656770;29610352866;18257944576;151;187;274;139;-7.8367259602137445;0.09375;0.046875;random_875
3;0.2366789100818342;0.1819432033667347;0.02595492144120827;0.25233527557337193;0.12282527776671816;0.1402530047885955;0.006348029328823759;0.033661377652713445;3758620832;44090656770;29610352866;18257944576;151;187;274;139;-7.8463651437252935;0.09375;;random_875
0;0.10276324185504326;0.23598989148902222;0.20592510090617408;0.05000354463879062;0.11405747317109036;0.0007620902305160429;0.22446097174983626;0.06603768595952718;9126805634;2415919104;29534331042;34359740416;75;24;530;122;;;;random_876
1;0.3188267260209409;0.3125167311315185;0.01233475156003031;0.05729383544931351;0.06127058421008044;0.16402134228503878;0.02036627212274369;0.05336975722033394;10200686786;2415919104;29610352866;35433613312;211;49;299;192;-7.757926545446955;0.078125;0.0625;random_876
2;0.2940985242496007;0.16691998144413625;0.021869178412160992;0.06509988062962803;0.0625237540796771;0.27062616109209964;0.009538048259700704;0.1093244718329965;27384742082;2415919104;29610352866;1073872896;289;94;241;127;-7.7914676591450265;0.078125;0.046875;random_876
3;0.1630698429893746;0.00407268318921882;0.09797735637200568;0.2025790815233156;0.07132255533094715;0.3329994162083449;0.0012882034078602433;0.12669086097893295;27384742082;3489800192;29610352866;1073872896;304;100;232;115;-7.861561967284794;0.09375;0.03125;random_876
4;0.1630698429893746;0.00407268318921882;0.09797735637200568;0.2025790815233156;0.07132255533094715;0.3329994162083449;0.0012882034078602433;0.12669086097893295;27384742082;3489800192;29610352866;1073872896;304;101;231;115;-7.892912676331154;0.078125;0.046875;random_876
5;0.1630698429893746;0.00407268318921882;0.09797735637200568;0.2025790815233156;0.07132255533094715;0.3329994162083449;0.0012882034078602433;0.12669086097893295;27384742082;3489800192;29610352866;1073872896;304;101;231;115;-7.893505440417546;0.078125;;random_876
0;0.023367422798186467;0.18599233248878852;0.06167072723015659;0.1545339210543758;0.045375732782272436;0.22239860286133126;0.2764045453916054;0.030256715393283586;1610752128;63355365730;12088123456;12348162210;158;260;170;163;;;;random_877
1;0.2380546354771868;0.11173900989189237;0.026105787627590093;0.2538020055267487;0.04185444016434565;0.24887557479368702;0.006384928033296779;0.07318361848525257;1073881088;63355365730;12088123456;12348162210;166;236;150;199;-7.771177475493491;0.078125;0.046875;random_877
2;0.20642446111882667;0.03247375426306101;0.008323848523663028;0.2607266687233741;0.10171287090797551;0.31275183634833637;0.0006962130348169285;0.07689034707994648;1073881088;63355365730;29263667264;12348162210;186;187;185;193;-7.815156275892364;0.078125;0.046875;random_877
3;0.2380546354771868;0.11173900989189237;0.026105787627590093;0.2538020055267487;0.04185444016434565;0.24887557479368702;0.006384928033296779;0.07318361848525257;1073881088;63355365730;29263667264;12348162210;166;230;164;191;-7.800468876635733;0.09375;0.03125;random_877
4;0.20642446111882667;0.03247375426306101;0.008323848523663028;0.2607266687233741;0.10171287090797551;0.31275183634833637;0.0006962130348169285;0.07689034707994648;1073881088;63355365730;29263667264;12348162210;186;187;185;193;-7.812227938385238;0.078125;0.046875;random_877
5;0.2380546354771868;0.11173900989189237;0.026105787627590093;0.2538020055267487;0.04185444016434565;0.24887557479368702;0.006384928033296779;0.07318361848525257;1073881088;63355365730;29263667264;12348162210;166;229;164;192;-7.800468876635733;0.09375;0.046875;random_877
6;0.20642446111882667;0.03247375426306101;0.008323848523663028;0.2607266687233741;0.10171287090797551;0.31275183634833637;0.0006962130348169285;0.07689034707994648;1073881088;63355365730;29263667264;12348162210;186;187;185;193;-7.812077149861907;0.078125;;random_877
0;0.19231670640554213;0.1119483024978372;0.011750677562642075;0.11915219525733355;0.11015027273040677;0.20374500043807153;0.07780133855452663;0.17313550655364002;536871040;44090656770;29610352866;1073881088;67;183;386;115;;;;random_878
1;0.2380546354771868;0.11173900989189237;0.026105787627590093;0.2538020055267487;0.04185444016434565;0.24887557479368702;0.006384928033296779;0.07318361848525257;1610752128;44090656770;29610352866;1073872896;113;174;376;88;-7.784786904616607;0.09375;0.046875;random_878
2;0.2380546354771868;0.11173900989189237;0.026105787627590093;0.2538020055267487;0.04185444016434565;0.24887557479368702;0.006384928033296779;0.07318361848525257;1610752128;44090656770;29610352866;1073872896;113;174;376;88;-7.829464519816589;0.078125;0.0625;random_878
3;0.2380546354771868;0.11173900989189237;0.026105787627590093;0.2538020055267487;0.04185444016434565;0.24887557479368702;0.006384928033296779;0.07318361848525257;1610752128;44090656770;29610352866;1073872896;113;174;376;88;-7.829464519816589;0.09375;;random_878
0;0.039247264922620186;0.11524563450510414;0.15999544642361765;0.05384679050375899;0.05866651673703597;0.07277793788648561;0.22034319464630803;0.27987721437506935;34359740416;29609828386;2415919104;1610752128;66;419;30;236;;;;random_879
1;0.29244857425987714;0.307099990175721;0.02198410264128196;0.0022349689551305193;0.039777866992436295;0.017028148439896338;0.03792978224614748;0.2814965662895093;63355365730;26847879232;2415919136;18794832000;238;235;41;237;-7.751894879089176;0.09375;0.046875;random_879
2;0.38589812353111147;0.33822650530596715;0.025394866539336865;0.0870196693724164;0.07977728595257258;0.011696213496250043;0.03381265441055873;0.03817468139178661;64271383026;29610352866;2147483680;18794807424;264;254;45;188;-7.840574019903311;0.09375;0.046875;random_879
3;0.3213706583755633;0.11903814318268968;0.017556143254973008;0.27872367736218245;0.15140872368796396;0.0725830103446137;0.006198745360259357;0.03312089843175478;64271383026;29610352866;2147483680;18794807424;221;244;57;229;-7.864410718972602;0.09375;0.046875;random_879
4;0.3213706583755633;0.11903814318268968;0.017556143254973008;0.27872367736218245;0.15140872368796396;0.0725830103446137;0.006198745360259357;0.03312089843175478;64271383026;29610352866;2147483680;18794807424;221;244;57;229;-7.873497524716531;0.078125;;random_879
0;0.09641512372506027;0.04355475536967669;0.11542116297599501;0.028807185847592297;0.02857002221547234;0.37289656263036264;0.07060115578328266;0.24373403145255806;34359740416;11811291170;18257944576;1610752128;59;275;255;162;;;;random_88
1;0.35536557504575755;0.038265523519394884;0.00450023963246392;0.001360380912786598;0.016291722576489084;0.3531279735521729;0.10437146840750454;0.12671711635343055;34359740416;29058605408;18257944576;1610752128;59;310;233;149;-7.802971009750717;0.078125;0.03125;random_88
2;0.35536557504575755;0.038265523519394884;0.00450023963246392;0.001360380912786598;0.016291722576489084;0.3531279735521729;0.10437146840750454;0.12671711635343055;34359740416;29058605408;18257944576;1610752128;59;312;233;147;-7.830005564225612;0.09375;0.046875;random_88
3;0.35536557504575755;0.038265523519394884;0.00450023963246392;0.001360380912786598;0.016291722576489084;0.3531279735521729;0.10437146840750454;0.12671711635343055;34359740416;29058605408;18257944576;1610752128;59;312;233;147;-7.8308736802318775;0.078125;;random_88
0;0.05223412886256455;0.22508827081604116;0.060428765801418746;0.022287757256299737;0.016208572389952457;0.1761905120524574;0.17471835398036897;0.2728436388408969;536871040;29609828386;2415919104;35433613312;117;374;55;205;;;;random_880
1;0.22394237358506447;0.001756607287801618;0.016734533059291477;0.11485199358479467;0.0031443148704906046;0.27735355638418424;0.014467932471169535;0.34774868875720333;1610752128;63971487074;2415919104;1073872896;160;370;75;146;-7.774183827074548;0.09375;0.0625;random_880
2;0.24133863354290885;0.0034479921744328826;0.10899294801921862;0.00953337496740819;0.14839113593438724;0.2304924863812504;0.00859613419616861;0.24920729478422524;1610752128;63971487074;2415919104;1073872896;154;370;79;148;-7.822997824035087;0.09375;0.046875;random_880
3;0.24133863354290885;0.0034479921744328826;0.10899294801921862;0.00953337496740819;0.14839113593438724;0.2304924863812504;0.00859613419616861;0.24920729478422524;1610752128;63971487074;2415919104;1073872896;154;370;79;148;-7.8242156650983965;0.09375;;random_880
0;0.18151805256530015;0.10693583188895324;0.044830378708801716;0.2658809948694302;0.10117377141313641;0.1755682256517184;0.008160589172924193;0.11593215572973575;1073881088;61781195090;20405682208;12087992354;116;302;147;186;;;;random_881
1;0.20642446111882667;0.03247375426306101;0.008323848523663028;0.2607266687233741;0.10171287090797551;0.31275183634833637;0.0006962130348169285;0.07689034707994648;1073872896;27384742082;20405682208;29272178690;139;245;194;173;-7.826044131179371;0.09375;0.046875;random_881
2;0.1630698429893746;0.00407268318921882;0.09797735637200568;0.2025790815233156;0.07132255533094715;0.3329994162083449;0.0012882034078602433;0.12669086097893295;1073872896;27384742082;3296862240;46507497474;116;289;185;161;-7.852347937606493;0.09375;0.03125;random_881
3;0.1630698429893746;0.00407268318921882;0.09797735637200568;0.2025790815233156;0.07132255533094715;0.3329994162083449;0.0012882034078602433;0.12669086097893295;1073872896;27384742082;3296862240;46507497474;116;289;185;161;-7.86315851616991;0.09375;0.046875;random_881
4;0.1630698429893746;0.00407268318921882;0.09797735637200568;0.2025790815233156;0.07132255533094715;0.3329994162083449;0.0012882034078602433;0.12669086097893295;1073872896;27384742082;3296862240;46507497474;116;289;185;161;-7.86315851616991;0.078125;;random_881
0;0.13896722828849578;0.026285786289221718;0.14117715500242237;0.1836709403918166;0.18558105775720798;0.03359872576715495;0.0997598203395117;0.19095928616416896;536871040;29610352866;2415919104;1073872896;83;500;35;133;;;;random_882
1;0.22350086628715765;0.0027692807665022075;0.05262966994137647;0.43884178522662964;0.04310337257013177;0.00745609202988119;0.05762348469859703;0.17407544847972403;1610752128;29610352866;2415919136;1073872896;155;431;46;119;-7.804660846173005;0.078125;0.046875;random_882
2;0.22350086628715765;0.0027692807665022075;0.05262966994137647;0.43884178522662964;0.04310337257013177;0.00745609202988119;0.05762348469859703;0.17407544847972403;1610752128;29610352866;2415919136;1073872896;155;432;46;118;-7.872818554810086;0.078125;0.03125;random_882
3;0.22350086628715765;0.0027692807665022075;0.05262966994137647;0.43884178522662964;0.04310337257013177;0.00745609202988119;0.05762348469859703;0.17407544847972403;1610752128;29610352866;2415919136;1073872896;155;432;46;118;-7.872377247269405;0.078125;;random_882
0;0.14893096057035604;0.17677370057010802;0.0789399639842881;0.10181636911481912;0.18263517004763802;0.08753408772943135;0.13673809741712958;0.08663165056622979;2684354720;46802282550;29632917990;18257936384;66;233;272;180;;;;random_883
1;0.3213706583755633;0.11903814318268968;0.017556143254973008;0.27872367736218245;0.15140872368796396;0.0725830103446137;0.006198745360259357;0.03312089843175478;2684354720;44090656770;29610352866;18257944576;95;168;297;191;-7.788880512927383;0.078125;0.046875;random_883
2;0.22350086628715765;0.0027692807665022075;0.05262966994137647;0.43884178522662964;0.04310337257013177;0.00745609202988119;0.05762348469859703;0.17407544847972403;2952790176;44090656770;64229881568;18257936384;90;201;237;223;-7.831952963351711;0.078125;0.046875;random_883
3;0.22350086628715765;0.0027692807665022075;0.05262966994137647;0.43884178522662964;0.04310337257013177;0.00745609202988119;0.05762348469859703;0.17407544847972403;2952790176;44090656770;64229881568;18257936384;90;201;237;223;-7.886907146226282;0.078125;0.0625;random_883
4;0.22350086628715765;0.0027692807665022075;0.05262966994137647;0.43884178522662964;0.04310337257013177;0.00745609202988119;0.05762348469859703;0.17407544847972403;2952790176;44090656770;64229881568;18257936384;90;201;237;223;-7.886907146226282;0.078125;;random_883
0;0.13668897992474927;0.11839026458055926;0.08525674932942633;0.10599515534744333;0.11547968048664387;0.16971252714625346;0.1306779456174409;0.13779869756748372;2684354720;46802282550;29602427378;18257936384;84;201;270;196;;;;random_884
1;0.40072647367377445;0.00310362567010429;0.0033302005369709063;0.3927380356007213;0.046225443549343416;0.03708592971439797;0.06602574663090753;0.05076454462378014;2684354720;63944488370;29530141040;18257936384;94;235;198;224;-7.777619331582344;0.078125;0.046875;random_884
2;0.22350086628715765;0.0027692807665022075;0.05262966994137647;0.43884178522662964;0.04310337257013177;0.00745609202988119;0.05762348469859703;0.17407544847972403;2684354720;63665547266;29058605408;18257936384;106;224;187;234;-7.88242618718219;0.078125;0.03125;random_884
3;0.22350086628715765;0.0027692807665022075;0.05262966994137647;0.43884178522662964;0.04310337257013177;0.00745609202988119;0.05762348469859703;0.17407544847972403;2684354720;63665547266;29058605408;18257936384;106;224;187;234;-7.895435347196231;0.078125;0.046875;random_884
4;0.22350086628715765;0.0027692807665022075;0.05262966994137647;0.43884178522662964;0.04310337257013177;0.00745609202988119;0.05762348469859703;0.17407544847972403;2684354720;63665547266;29058605408;18257936384;106;224;187;234;-7.895435347196231;0.078125;;random_884
0;0.2852052288297989;0.01989582205510096;0.05516744229108087;0.09354330745303671;0.2781894583410903;0.06720620814542777;0.1661650771128311;0.034627455771633356;43486546050;2147483680;29610352866;1073872896;90;44;444;173;;;;random_885
1;0.40072647367377445;0.00310362567010429;0.0033302005369709063;0.3927380356007213;0.046225443549343416;0.03708592971439797;0.06602574663090753;0.05076454462378014;61744482434;2147483680;29530141040;1073872896;262;61;278;150;-7.809881442599078;0.078125;0.046875;random_885
2;0.22350086628715765;0.0027692807665022075;0.05262966994137647;0.43884178522662964;0.04310337257013177;0.00745609202988119;0.05762348469859703;0.17407544847972403;61744482434;2415919136;29530141040;1073872896;286;50;269;146;-7.839532910147422;0.078125;0.0625;random_885
3;0.22350086628715765;0.0027692807665022075;0.05262966994137647;0.43884178522662964;0.04310337257013177;0.00745609202988119;0.05762348469859703;0.17407544847972403;61744482434;2415919136;29530141040;1073872896;286;50;269;146;-7.837794642550649;0.078125;0.046875;random_885
4;0.22350086628715765;0.0027692807665022075;0.05262966994137647;0.43884178522662964;0.04310337257013177;0.00745609202988119;0.05762348469859703;0.17407544847972403;61744482434;2415919136;29530141040;1073872896;286;50;269;146;-7.837794642550649;0.078125;;random_885
0;0.07679298526497876;0.07833712012408427;0.20100417980763022;0.030876700131814278;0.2147696443987664;0.0861213233556804;0.2080982939170908;0.1039997529999551;2684354720;48882694208;29327761760;29534331042;74;152;195;330;;;;random_886
1;0.3396010301481035;0.015568997557375692;0.21114473019424349;0.11131788866233469;0.06307839769177712;0.05141398249280928;0.1305484247299012;0.0773265485234551;2684354720;1073872896;29327761760;29534331042;73;133;185;360;-7.69742225679334;0.09375;0.046875;random_886
2;0.15402560050613806;0.006853630897635309;0.3361156688667859;0.32160042554715546;0.01392848094220139;0.08955845995114811;0.007368323316577919;0.07054940997235763;2684354720;1073872896;29327761760;29534331042;96;100;208;347;-7.779043622635595;0.078125;0.046875;random_886
3;0.15824798434716636;0.03489239518016501;0.18066294666002936;0.32217078879756345;0.25528921738476545;0.0002821702142185076;0.03053941982347076;0.017915077592621034;2684354720;1073872896;29530141040;29534331042;67;131;240;313;-7.823174926648398;0.09375;0.046875;random_886
4;0.15824798434716636;0.03489239518016501;0.18066294666002936;0.32217078879756345;0.25528921738476545;0.0002821702142185076;0.03053941982347076;0.017915077592621034;2684354720;1073872896;29530141040;29534331042;67;131;240;313;-7.83745191818158;0.09375;0.046875;random_886
5;0.15824798434716636;0.03489239518016501;0.18066294666002936;0.32217078879756345;0.25528921738476545;0.0002821702142185076;0.03053941982347076;0.017915077592621034;2684354720;1073872896;29530141040;29534331042;67;131;240;313;-7.83745191818158;0.078125;;random_886
0;0.20285575921636956;0.0598626429531571;0.05082889978464791;0.25777548078624535;0.30307933577216084;0.04383018450406565;0.06633340395022806;0.01543429303312568;536871040;2415919136;1073881088;29610352866;36;43;172;500;;;;random_887
1;0.26400356727738417;0.13972626508717423;0.03191848428753177;0.3958529056178151;0.08658313179424464;0.012663840306161888;0.06594451750872049;0.003307288120967658;536871040;2147483680;1073881088;29540626790;45;40;198;468;-7.825732781838233;0.078125;0.046875;random_887
2;0.26400356727738417;0.13972626508717423;0.03191848428753177;0.3958529056178151;0.08658313179424464;0.012663840306161888;0.06594451750872049;0.003307288120967658;536871040;2147483680;1073881088;29540626790;45;40;198;468;-7.839098398635262;0.078125;0.0625;random_887
3;0.26400356727738417;0.13972626508717423;0.03191848428753177;0.3958529056178151;0.08658313179424464;0.012663840306161888;0.06594451750872049;0.003307288120967658;536871040;2147483680;1073881088;29540626790;45;40;198;468;-7.839098398635262;0.078125;;random_887
0;0.04834999757629531;0.06626260007294392;0.20562625912745344;0.019414773201031972;0.20464484653993675;0.12069837377543735;0.04255814046429966;0.29244500924260164;34359740416;1610752128;29609828386;1073872896;77;162;402;110;;;;random_888
1;0.289043844555905;0.04380639852119489;0.0646811295596687;0.15521353841383523;0.0133797138455192;0.015255197615012128;0.03296691581926518;0.38565326166959957;34359740416;1610752128;29609828386;1073872896;72;180;367;132;-7.793470816718952;0.09375;0.03125;random_888
2;0.28285602862283515;0.2537776207989907;0.0451233842292053;0.02450298610495382;0.05022252087045374;0.006392669873997028;0.004814088301972496;0.3323107011975916;35500730368;1610752128;29609828386;1073872896;166;167;285;133;-7.820773762625221;0.078125;0.046875;random_888
3;0.204010366811844;0.2987667435432591;0.03065162719019198;0.08078032796635412;0.016787901371500866;0.042166449379253054;0.01703437799657975;0.3098022057410172;35500730368;1610752128;29609828386;1073872896;169;172;286;124;-7.8238903682030445;0.09375;0.046875;random_888
4;0.204010366811844;0.2987667435432591;0.03065162719019198;0.08078032796635412;0.016787901371500866;0.042166449379253054;0.01703437799657975;0.3098022057410172;35500730368;1610752128;29609828386;1073872896;169;172;286;124;-7.825991464320391;0.078125;;random_888
0;0.17545718951134462;0.10235954277061846;0.019312670335696655;0.10936621101051616;0.21310023883153206;0.08551511691058114;0.19806393168120756;0.09682509894850337;536871040;2147483680;26915008834;18794832000;52;65;364;270;;;;random_889
1;0.22350086628715765;0.0027692807665022075;0.05262966994137647;0.43884178522662964;0.04310337257013177;0.00745609202988119;0.05762348469859703;0.17407544847972403;18257944576;2415919136;29610352866;35970493568;157;38;405;151;-7.760477809647566;0.078125;0.03125;random_889
2;0.22350086628715765;0.0027692807665022075;0.05262966994137647;0.43884178522662964;0.04310337257013177;0.00745609202988119;0.05762348469859703;0.17407544847972403;18257944576;2415919136;29610352866;35970493568;157;38;405;151;-7.869765457765219;0.078125;0.046875;random_889
3;0.22350086628715765;0.0027692807665022075;0.05262966994137647;0.43884178522662964;0.04310337257013177;0.00745609202988119;0.05762348469859703;0.17407544847972403;18257944576;2415919136;29610352866;35970493568;157;38;405;151;-7.869765457765219;0.09375;;random_889
0;0.2104659081722347;0.12419414969222148;0.04173338777604544;0.05431234363819674;0.11781984737612561;0.1437384063045139;0.09508661350453651;0.21264934353612558;536870916;44090656770;29609828386;18790621568;21;214;302;214;;;;random_89
1;0.22747499295958876;0.0013303766502435292;0.0023813649833761973;0.08698381906997216;0.22410151643192908;0.1834010848788703;0.010957372015137546;0.26336947301088254;536870916;44090656770;29609828386;18790621568;24;207;311;209;-7.732730082412568;0.078125;0.0625;random_89
2;0.22747499295958876;0.0013303766502435292;0.0023813649833761973;0.08698381906997216;0.22410151643192908;0.1834010848788703;0.010957372015137546;0.26336947301088254;536870916;44090656770;29609828386;18790621568;24;207;311;209;-7.756899593218313;0.09375;;random_89
0;0.01252272531920556;0.11638812846698561;0.10045923805310059;0.0692667773719855;0.14901033110374495;0.10975598811505242;0.26759778166221154;0.1749990299077139;34359740416;29609828386;2415919104;10200686786;57;383;36;275;;;;random_890
1;0.35536557504575755;0.038265523519394884;0.00450023963246392;0.001360380912786598;0.016291722576489084;0.3531279735521729;0.10437146840750454;0.12671711635343055;34359740416;29611143330;2415919104;27384742082;66;230;103;352;-7.72652162474936;0.078125;0.046875;random_890
2;0.1630698429893746;0.00407268318921882;0.09797735637200568;0.2025790815233156;0.07132255533094715;0.3329994162083449;0.0012882034078602433;0.12669086097893295;1073872896;29534331042;3489800192;27384742082;123;242;102;284;-7.83693772835671;0.09375;0.046875;random_890
3;0.1630698429893746;0.00407268318921882;0.09797735637200568;0.2025790815233156;0.07132255533094715;0.3329994162083449;0.0012882034078602433;0.12669086097893295;1073872896;29534331042;3489800192;27384742082;123;242;102;284;-7.873518580837658;0.09375;0.03125;random_890
4;0.1630698429893746;0.00407268318921882;0.09797735637200568;0.2025790815233156;0.07132255533094715;0.3329994162083449;0.0012882034078602433;0.12669086097893295;1073872896;29534331042;3489800192;27384742082;123;242;102;284;-7.873518580837658;0.078125;;random_890
0;0.06827629222769116;0.04085982252541129;0.12679510159806334;0.17540765214091028;0.11954896754083129;0.1581102110590447;0.13043712496646867;0.18056482794157924;536871040;12348170466;18257936384;35970484240;42;409;187;113;;;;random_891
1;0.22350086628715765;0.0027692807665022075;0.05262966994137647;0.43884178522662964;0.04310337257013177;0.00745609202988119;0.05762348469859703;0.17407544847972403;1610752128;29610352866;18257936384;1073872896;140;415;121;75;-7.740582163396207;0.078125;0.0625;random_891
2;0.22350086628715765;0.0027692807665022075;0.05262966994137647;0.43884178522662964;0.04310337257013177;0.00745609202988119;0.05762348469859703;0.17407544847972403;1610752128;29610352866;18257936384;1073872896;140;415;121;75;-7.853764635352317;0.078125;0.046875;random_891
3;0.22350086628715765;0.0027692807665022075;0.05262966994137647;0.43884178522662964;0.04310337257013177;0.00745609202988119;0.05762348469859703;0.17407544847972403;1610752128;29610352866;18257936384;1073872896;140;415;121;75;-7.853764635352317;0.078125;;random_891
0;0.11004919717028364;0.20883087751172572;0.13760874634049153;0.013375189357503686;0.0035841526810774503;0.11489065028411155;0.17835968402673116;0.23330150262807514;536870928;42949675010;29609828386;1610752128;47;122;362;220;;;;random_892
1;0.204010366811844;0.2987667435432591;0.03065162719019198;0.08078032796635412;0.016787901371500866;0.042166449379253054;0.01703437799657975;0.3098022057410172;18795339792;44090656770;29004800096;1610752128;113;206;241;191;-7.731005863629446;0.09375;0.0625;random_892
2;0.13284555134653317;0.3173002852383266;0.06068037919570604;0.03121435780812581;0.03706304543064638;0.002911361518931726;0.05030086532891859;0.36768415413281164;18795339792;44090656770;29004800096;1610752128;124;194;253;180;-7.764775669747924;0.09375;0.046875;random_892
3;0.204010366811844;0.2987667435432591;0.03065162719019198;0.08078032796635412;0.016787901371500866;0.042166449379253054;0.01703437799657975;0.3098022057410172;18795339792;44090656770;29004800096;1610752128;112;206;242;191;-7.772583063810856;0.09375;0.046875;random_892
4;0.13284555134653317;0.3173002852383266;0.06068037919570604;0.03121435780812581;0.03706304543064638;0.002911361518931726;0.05030086532891859;0.36768415413281164;18795343888;44090656770;29004800096;1610752128;124;193;254;180;-7.764802706754655;0.09375;0.046875;random_892
5;0.204010366811844;0.2987667435432591;0.03065162719019198;0.08078032796635412;0.016787901371500866;0.042166449379253054;0.01703437799657975;0.3098022057410172;18795339792;44090656770;29004800096;1610752128;113;206;241;191;-7.772507959601772;0.09375;0.046875;random_892
6;0.13284555134653317;0.3173002852383266;0.06068037919570604;0.03121435780812581;0.03706304543064638;0.002911361518931726;0.05030086532891859;0.36768415413281164;18795339792;44090656770;29004800096;1610752128;124;194;253;180;-7.764775669747924;0.078125;0.03125;random_892
7;0.204010366811844;0.2987667435432591;0.03065162719019198;0.08078032796635412;0.016787901371500866;0.042166449379253054;0.01703437799657975;0.3098022057410172;18795339792;44090656770;29004800096;1610752128;113;206;241;191;-7.772583063810856;0.078125;0.03125;random_892
8;0.13284555134653317;0.3173002852383266;0.06068037919570604;0.03121435780812581;0.03706304543064638;0.002911361518931726;0.05030086532891859;0.36768415413281164;18795343888;44090656770;29004800096;1610752128;124;193;254;180;-7.764775669747924;0.09375;0.046875;random_892
9;0.204010366811844;0.2987667435432591;0.03065162719019198;0.08078032796635412;0.016787901371500866;0.042166449379253054;0.01703437799657975;0.3098022057410172;18795339792;44090656770;29004800096;1610752128;113;206;241;191;-7.772507959601772;0.09375;;random_892
0;0.0067231795883239825;0.19410097276306762;0.1823368387588548;0.18004035805539484;0.132445305411464;0.09617173767790621;0.16569197217799667;0.04248963556699174;1610752128;63355365730;29327761760;29534331042;112;237;170;232;;;;random_893
1;0.3346667974057345;0.19822558734389195;0.09942187776613554;0.26237694715521326;0.036137863164416306;0.005977162525429077;0.0045268609855967715;0.05866690365358251;1610752128;63355365730;29327761760;29534331042;172;209;157;213;-7.737933814135771;0.09375;0.03125;random_893
2;0.3108049230710843;0.1342368484039529;0.08297966311625633;0.3206530360442655;0.05028152786398771;0.05356678836777686;0.007670486943682847;0.03980672618899351;1610752128;63355365730;29327761760;29534331042;197;191;147;216;-7.794273744821413;0.078125;0.03125;random_893
3;0.22350086628715765;0.0027692807665022075;0.05262966994137647;0.43884178522662964;0.04310337257013177;0.00745609202988119;0.05762348469859703;0.17407544847972403;1610752128;63355365730;29058605408;29062463522;245;163;155;188;-7.774552985795791;0.078125;0.046875;random_893
4;0.22350086628715765;0.0027692807665022075;0.05262966994137647;0.43884178522662964;0.04310337257013177;0.00745609202988119;0.05762348469859703;0.17407544847972403;1610752128;63355365730;29058605408;29062463522;245;164;155;187;-7.824779982526892;0.078125;0.046875;random_893
5;0.22350086628715765;0.0027692807665022075;0.05262966994137647;0.43884178522662964;0.04310337257013177;0.00745609202988119;0.05762348469859703;0.17407544847972403;1610752128;63355365730;29058605408;29062463522;245;164;155;187;-7.825112064134718;0.078125;;random_893
0;0.09967215202148709;0.058888843812181284;0.34031427437179956;0.06553429465294087;0.23895780213313797;0.15756779058186743;0.011353774781039867;0.027711067645545834;10200686722;27917353058;29610352866;1073881088;199;99;358;95;;;;random_894
1;0.2733434987265134;0.009451244750347686;0.2398005343986876;0.2401717970099991;0.14574613539676542;0.02565288041491666;0.03355627799325328;0.03227763130951691;10200686722;2415919136;29610352866;1073872896;174;50;405;122;-7.764838119482317;0.078125;0.046875;random_894
2;0.21441745143005972;0.1441016272306112;0.044044851136924176;0.40824856950054417;0.1047067635431164;0.013060393434033321;0.06800949180181319;0.0034108519228977572;10200686722;2415919136;29542588512;1073872896;211;52;283;205;-7.804325296201768;0.078125;0.046875;random_894
3;0.37340059868882525;0.034454710893647704;0.021988553198505963;0.4433429767374552;0.03507017768372346;0.0141831083682436;0.0738558143111319;0.0037040601184669896;61746587650;2415919136;29530141040;1073872896;274;54;248;175;-7.903132738590059;0.078125;0.046875;random_894
4;0.22350086628715765;0.0027692807665022075;0.05262966994137647;0.43884178522662964;0.04310337257013177;0.00745609202988119;0.05762348469859703;0.17407544847972403;61746587650;2415919136;29530141040;1073872896;301;56;246;148;-7.840305643378105;0.09375;0.046875;random_894
5;0.22350086628715765;0.0027692807665022075;0.05262966994137647;0.43884178522662964;0.04310337257013177;0.00745609202988119;0.05762348469859703;0.17407544847972403;61746587650;2415919136;29530141040;1073872896;301;56;246;148;-7.8348808308496;0.078125;;random_894
0;0.24885686805850743;0.19935324598843976;0.1461955436237972;0.05608474705445144;0.001701872911533983;0.2068790300103689;0.08361876903756572;0.057309923315335576;1610752128;29610352866;61744482434;1073881088;109;319;214;109;;;;random_895
1;0.28352667924301206;0.1051106751065324;0.0436051392896673;0.008917201254994641;0.04581660859754534;0.3412105661438268;0.015738707729988453;0.15607442263443316;1610752128;29610352866;61207611458;1073872896;151;301;191;108;-7.814553385381128;0.078125;0.046875;random_895
2;0.35536557504575755;0.038265523519394884;0.00450023963246392;0.001360380912786598;0.016291722576489084;0.3531279735521729;0.10437146840750454;0.12671711635343055;1610752128;29611143330;61207611458;1073872896;157;304;186;104;-7.8465915157184885;0.09375;0.046875;random_895
3;0.35536557504575755;0.038265523519394884;0.00450023963246392;0.001360380912786598;0.016291722576489084;0.3531279735521729;0.10437146840750454;0.12671711635343055;1610752128;29611143330;61207611458;1073872896;157;304;186;104;-7.853314143745859;0.078125;0.0625;random_895
4;0.35536557504575755;0.038265523519394884;0.00450023963246392;0.001360380912786598;0.016291722576489084;0.3531279735521729;0.10437146840750454;0.12671711635343055;1610752128;29611143330;61207611458;1073872896;157;304;186;104;-7.853314143745859;0.09375;;random_895
0;0.03022072897463419;0.14185015215430438;0.10884924046554371;0.11247405979590805;0.1623071251771929;0.15640751170888673;0.11934218737352897;0.1685489943500011;536871040;29610352866;2415919104;35433613312;73;449;60;169;;;;random_896
1;0.173774107802524;0.005944439597428946;0.1460460754256834;0.05636071752935284;0.15193135180814402;0.2964315205646726;0.0005845289065144723;0.16892725836567982;1610752128;29610352866;3489800192;1073872896;137;383;107;124;-7.767302201919662;0.078125;0.0625;random_896
2;0.173774107802524;0.005944439597428946;0.1460460754256834;0.05636071752935284;0.15193135180814402;0.2964315205646726;0.0005845289065144723;0.16892725836567982;1610752128;29610352866;3489800192;1073872896;137;383;107;124;-7.83074865801356;0.078125;0.046875;random_896
3;0.173774107802524;0.005944439597428946;0.1460460754256834;0.05636071752935284;0.15193135180814402;0.2964315205646726;0.0005845289065144723;0.16892725836567982;1610752128;29610352866;3489800192;1073872896;137;383;107;124;-7.83074865801356;0.078125;;random_896
0;0.059942937636020675;0.005131945581586389;0.241306641521914;0.06920215584390314;0.25476237615537806;0.05865435098934168;0.0729018722356184;0.2380977200362377;536871040;29609828386;2415919104;1073872896;138;439;43;131;;;;random_897
1;0.2141875990279326;0.14140163163174538;0.04634367787947426;0.10831711571244376;0.05335031274434084;0.00656554995798805;0.03182409513900542;0.3980100179070696;1610752128;64163117378;2415919136;1073872896;183;372;49;147;-7.795615008879421;0.09375;0.046875;random_897
2;0.28285602862283515;0.2537776207989907;0.0451233842292053;0.02450298610495382;0.05022252087045374;0.006392669873997028;0.004814088301972496;0.3323107011975916;1610752128;64163117378;2415919136;1073872896;188;358;65;140;-7.83845647426124;0.078125;0.03125;random_897
3;0.3076469953297204;0.09220441931162156;0.012594904878318753;0.09049487347217217;0.17444898553748314;0.048363992212911135;0.0031122340942089;0.27113359516356395;1610752128;64163117378;2147483680;1073872896;178;375;65;133;-7.830757497264006;0.078125;0.03125;random_897
4;0.28285602862283515;0.2537776207989907;0.0451233842292053;0.02450298610495382;0.05022252087045374;0.006392669873997028;0.004814088301972496;0.3323107011975916;1610752128;64163117378;2147483680;1073872896;188;357;66;140;-7.838093287538329;0.09375;0.046875;random_897
5;0.2513448966457677;0.08915769942608719;0.016629634072666266;0.1181371434798492;0.2008391403663697;0.12327716479800704;0.007096098510675712;0.19351822270057709;1610752128;64163117378;2147483680;1073872896;163;382;84;122;-7.806852670832182;0.078125;0.0625;random_897
6;0.2513448966457677;0.08915769942608719;0.016629634072666266;0.1181371434798492;0.2008391403663697;0.12327716479800704;0.007096098510675712;0.19351822270057709;1610752128;64163117378;2147483680;1073872896;163;382;84;122;-7.807805306963473;0.09375;;random_897
0;0.28243964444673997;0.033848481662723966;0.20000598442020665;0.05482683170936646;0.02490957455202178;0.2128343176561935;0.027127282568864958;0.16400788298388255;1610752128;29610352866;9663815682;1073872896;141;416;100;94;;;;random_898
1;0.1630698429893746;0.00407268318921882;0.09797735637200568;0.2025790815233156;0.07132255533094715;0.3329994162083449;0.0012882034078602433;0.12669086097893295;1610752128;29610352866;9663815682;1073872896;130;374;137;110;-7.8006919938581465;0.078125;0.03125;random_898
2;0.34884434049438995;0.00273272513097807;0.06775407423558436;0.38042746609519695;0.011189118644623321;0.09961849730817919;0.034426194101241654;0.05500758398980671;1610752128;29610352866;9663815682;1073872896;144;337;145;125;-7.837608070548349;0.078125;0.046875;random_898
3;0.22350086628715765;0.0027692807665022075;0.05262966994137647;0.43884178522662964;0.04310337257013177;0.00745609202988119;0.05762348469859703;0.17407544847972403;1610752128;64229881568;9663815682;1073872896;145;284;185;137;-7.856617140741778;0.078125;0.046875;random_898
4;0.22350086628715765;0.0027692807665022075;0.05262966994137647;0.43884178522662964;0.04310337257013177;0.00745609202988119;0.05762348469859703;0.17407544847972403;1610752128;64229881568;9663815682;1073872896;145;284;185;137;-7.894462095249555;0.078125;0.046875;random_898
5;0.22350086628715765;0.0027692807665022075;0.05262966994137647;0.43884178522662964;0.04310337257013177;0.00745609202988119;0.05762348469859703;0.17407544847972403;1610752128;64229881568;9663815682;1073872896;145;284;185;137;-7.894462095249555;0.09375;;random_898
0;0.09989876883517929;0.15266599267985814;0.14976736734155852;0.09875181712854857;0.08172387117587329;0.10573137364159649;0.1503677706534894;0.1610930385438964;2684354720;46802282550;29602427378;18257936384;84;203;273;191;;;;random_899
1;0.22350086628715765;0.0027692807665022075;0.05262966994137647;0.43884178522662964;0.04310337257013177;0.00745609202988119;0.05762348469859703;0.17407544847972403;2952790176;46506575906;64229881568;18257936384;91;208;229;223;-7.742690151805157;0.09375;0.046875;random_899
2;0.22350086628715765;0.0027692807665022075;0.05262966994137647;0.43884178522662964;0.04310337257013177;0.00745609202988119;0.05762348469859703;0.17407544847972403;2952790176;46506575906;64229881568;18257936384;91;208;229;223;-7.886525219607982;0.109375;0.046875;random_899
3;0.22350086628715765;0.0027692807665022075;0.05262966994137647;0.43884178522662964;0.04310337257013177;0.00745609202988119;0.05762348469859703;0.17407544847972403;2952790176;46506575906;64229881568;18257936384;91;208;229;223;-7.886525219607982;0.109375;;random_899
0;0.3073577034430235;0.19032692040493424;0.23262429139545557;0.0123312342966136;0.08899095140678255;0.03782228782749114;0.09318652443066298;0.037360086795036385;536871040;2147483680;61740288386;18805301248;47;71;320;313;;;;random_9
1;0.34870402262988504;0.11181153141680465;0.17411328383867739;0.10029455151024277;0.06935062072635674;0.13344425449260094;0.0030071593304150782;0.059274576055017604;1073881088;2147483680;64271383026;18257944576;112;64;406;169;-7.754514956021822;0.078125;0.046875;random_9
2;0.3185978616200468;0.0399253692728866;0.07682932231412168;0.20500689188455026;0.19099429936681292;0.12665723020531697;0.02933711933047395;0.012651906005790876;1073881088;2147483680;64271383026;18257944576;108;57;443;143;-7.810168730706341;0.09375;0.046875;random_9
3;0.3185978616200468;0.0399253692728866;0.07682932231412168;0.20500689188455026;0.19099429936681292;0.12665723020531697;0.02933711933047395;0.012651906005790876;1073881088;2147483680;64271383026;18257944576;108;57;443;143;-7.831467554855623;0.09375;;random_9
0;0.13527163662397448;0.1670064489771019;0.0052148412729200455;0.1613290736110488;0.07070824467394257;0.15820966705349318;0.12442196222693283;0.17783812556058623;536870928;44090656770;20405682208;18790621568;42;254;227;228;;;;random_90
1;0.2513448966457677;0.08915769942608719;0.016629634072666266;0.1181371434798492;0.2008391403663697;0.12327716479800704;0.007096098510675712;0.19351822270057709;1073872896;44090656770;20405682208;18790621568;71;238;212;230;-7.720616122103267;0.078125;0.046875;random_90
2;0.2235164133347643;0.044984565607968305;0.048652968654094186;0.19092340394814344;0.018184106688373433;0.2577698068560201;0.009798790277745441;0.20616994463289068;1073872896;44090656770;20405682208;18790621568;79;225;246;201;-7.81690393026689;0.09375;0.046875;random_90
3;0.2380546354771868;0.11173900989189237;0.026105787627590093;0.2538020055267487;0.04185444016434565;0.24887557479368702;0.006384928033296779;0.07318361848525257;1073872896;61274851586;3296862240;18794807424;60;284;205;202;-7.8349786530538035;0.078125;0.0625;random_90
4;0.13832114060166764;0.12207605262350694;0.042304437782045234;0.24000982122589923;0.05854775505797657;0.3675456867146399;0.010907114769701144;0.02028799122456329;1073872896;61744482434;3296862240;18794807424;60;276;231;184;-7.843988968834509;0.078125;0.046875;random_90
5;0.2380546354771868;0.11173900989189237;0.026105787627590093;0.2538020055267487;0.04185444016434565;0.24887557479368702;0.006384928033296779;0.07318361848525257;1073872896;61744482434;3296862240;18794807424;66;306;199;180;-7.843508022140087;0.078125;0.046875;random_90
6;0.20642446111882667;0.03247375426306101;0.008323848523663028;0.2607266687233741;0.10171287090797551;0.31275183634833637;0.0006962130348169285;0.07689034707994648;1073872896;61744482434;3296862240;18794807424;86;282;223;160;-7.865101000453778;0.109375;0.046875;random_90
7;0.2380546354771868;0.11173900989189237;0.026105787627590093;0.2538020055267487;0.04185444016434565;0.24887557479368702;0.006384928033296779;0.07318361848525257;1073872896;61744482434;3296862240;18794807424;66;306;199;180;-7.851197962025761;0.09375;0.0625;random_90
8;0.20642446111882667;0.03247375426306101;0.008323848523663028;0.2607266687233741;0.10171287090797551;0.31275183634833637;0.0006962130348169285;0.07689034707994648;1073872896;61744482434;3296862240;18794807424;86;282;223;160;-7.865101000453778;0.09375;;random_90
0;0.007029773337860336;0.20597349207441729;0.1706303589954752;0.015934171000814665;0.16998918786491116;0.1407709973385355;0.1924166930769123;0.09725532631107349;34359740416;29609828386;2415919104;10200686786;112;380;52;207;;;;random_900
1;0.08922816510716168;0.25961254950769286;0.06657640034426583;0.02785986017088236;0.2539664785206419;0.24572598476350171;0.0505776570364607;0.0064529045493929085;35433613312;29610352866;2415919104;10200686786;153;245;94;259;-7.764637464747532;0.078125;0.03125;random_900
2;0.08020312214282933;0.28317853320546726;0.03688824525264534;0.02472112386774247;0.2356989350538666;0.27100241208790804;0.0654684994975424;0.002839128891998634;35433613312;29609828386;2415919104;10200686786;152;230;94;275;-7.8527318643254045;0.078125;0.046875;random_900
3;0.08020312214282933;0.28317853320546726;0.03688824525264534;0.02472112386774247;0.2356989350538666;0.27100241208790804;0.0654684994975424;0.002839128891998634;35433613312;29609828386;2415919104;10200686786;152;230;94;275;-7.862516161680315;0.09375;0.046875;random_900
4;0.08020312214282933;0.28317853320546726;0.03688824525264534;0.02472112386774247;0.2356989350538666;0.27100241208790804;0.0654684994975424;0.002839128891998634;35433613312;29609828386;2415919104;10200686786;152;230;94;275;-7.862516161680315;0.0625;;random_900
0;0.1544503951249143;0.2569312329485724;0.14845123414175812;0.16151702349200306;0.07498200155398796;0.10139079625371691;0.08826546847237479;0.014011848012672513;9126805634;2147483680;29610352866;1073872896;108;56;444;143;;;;random_901
1;0.28781070354548244;0.055796013662973175;0.025259102217814636;0.2890178041962452;0.036218807741291055;0.23046486245127196;0.0734298625641276;0.002002843620793949;61746587650;2147483680;29540626790;1073881088;209;76;300;166;-7.806542935169795;0.078125;0.03125;random_901
2;0.34884434049438995;0.00273272513097807;0.06775407423558436;0.38042746609519695;0.011189118644623321;0.09961849730817919;0.034426194101241654;0.05500758398980671;61744482434;2147483680;29532451296;1073881088;294;74;237;146;-7.849613495633506;0.09375;0.046875;random_901
3;0.22350086628715765;0.0027692807665022075;0.05262966994137647;0.43884178522662964;0.04310337257013177;0.00745609202988119;0.05762348469859703;0.17407544847972403;61744482434;2147483680;29532451296;1073881088;269;41;254;187;-7.834180453534084;0.09375;0.03125;random_901
4;0.22350086628715765;0.0027692807665022075;0.05262966994137647;0.43884178522662964;0.04310337257013177;0.00745609202988119;0.05762348469859703;0.17407544847972403;61744482434;2147483680;29532451296;1073881088;269;41;254;187;-7.8411008549126375;0.078125;;random_901
0;0.12433126610419203;0.1796944365787384;0.1642682622989876;0.052584095997132665;0.12502984774616802;0.1045837574207827;0.17412915831760384;0.07537917553639481;536871040;2147483680;25769804098;27386847234;61;95;95;500;;;;random_902
1;0.23623297543447683;0.0025542872841534912;0.23098915764191166;0.0276297622088498;0.1745594670738448;0.17625026030068255;0.023455594002535187;0.12832849605354568;1610752128;3221356576;61211814146;27386847234;134;161;212;244;-7.733275533087589;0.09375;0.046875;random_902
2;0.23543620788601538;0.15189604130766804;0.06429943878797563;0.042677209003625614;0.13395178162728244;0.3452135883258078;0.01746022728386297;0.009065505777762299;1073881088;12348170466;61744482434;27384742082;113;267;171;200;-7.775141792941467;0.09375;0.03125;random_902
3;0.2380546354771868;0.11173900989189237;0.026105787627590093;0.2538020055267487;0.04185444016434565;0.24887557479368702;0.006384928033296779;0.07318361848525257;1073881088;29610352866;61274851586;27451850944;119;288;173;171;-7.8121543329924386;0.078125;0.046875;random_902
4;0.2380546354771868;0.11173900989189237;0.026105787627590093;0.2538020055267487;0.04185444016434565;0.24887557479368702;0.006384928033296779;0.07318361848525257;1073881088;29610352866;61274851586;27451850944;119;287;174;171;-7.829188119376591;0.09375;0.046875;random_902
5;0.2380546354771868;0.11173900989189237;0.026105787627590093;0.2538020055267487;0.04185444016434565;0.24887557479368702;0.006384928033296779;0.07318361848525257;1073881088;29610352866;61274851586;27451850944;119;287;174;171;-7.829041995482301;0.09375;;random_902
0;0.01148462457854762;0.2784393043751435;0.21034318033138613;0.057069676071843024;0.06455278261946072;0.12496056932336606;0.1494971536983085;0.10365270900194447;536871040;29534331042;2415919104;35433613312;46;443;55;207;;;;random_903
1;0.06935266764101954;0.24892660428504518;0.11030265273974672;0.00204236867861173;0.11523980446550591;0.24010863916318387;0.015758545616898753;0.19826871740998814;1610752128;29534331042;2415919104;35433613312;173;327;92;159;-7.737756009578618;0.09375;0.046875;random_903
2;0.1338885487732435;0.3072761861540483;0.051761692319657736;0.02303917922763541;0.2591855894009643;0.1834203292747021;0.031005530151239816;0.010422944698508824;1610752128;29610352866;2415919104;35433613312;201;294;83;173;-7.786292261521185;0.09375;0.046875;random_903
3;0.07332379143504786;0.28248918147887575;0.0203606418305896;0.020263333577729522;0.20045942724005905;0.2912648451067301;0.07715760292276125;0.03468117640820695;1610752128;29610352866;2415919104;35433613312;240;265;94;152;-7.826831422413101;0.078125;0.03125;random_903
4;0.12961102506719674;0.2121446348816462;0.009650034826341298;0.011627904301703115;0.228667349850816;0.2936266473663647;0.10472314378615677;0.009949259919775369;1610752128;29632917990;2415919104;35433613312;242;272;109;128;-7.848363734541142;0.078125;0.03125;random_903
5;0.12961102506719674;0.2121446348816462;0.009650034826341298;0.011627904301703115;0.228667349850816;0.2936266473663647;0.10472314378615677;0.009949259919775369;1610752128;29632917990;2415919104;35433613312;243;270;110;128;-7.856033051596499;0.078125;0.046875;random_903
6;0.2940985242496007;0.16691998144413625;0.021869178412160992;0.06509988062962803;0.0625237540796771;0.27062616109209964;0.009538048259700704;0.1093244718329965;1073881088;29610352866;2415919104;35433613312;123;405;93;130;-7.847638075882179;0.09375;0.046875;random_903
7;0.2380546354771868;0.11173900989189237;0.026105787627590093;0.2538020055267487;0.04185444016434565;0.24887557479368702;0.006384928033296779;0.07318361848525257;1073881088;29610352866;2415919104;35433613312;127;452;78;94;-7.809998319914187;0.09375;0.03125;random_903
8;0.20351755227612883;0.11702777632732324;0.07684897614325388;0.15060676575082368;0.06044924340346322;0.37948267454670465;0.011261351265992668;0.0008056602863097856;1073881088;29610352866;3489800192;35433613312;157;366;111;117;-7.8389890202691825;0.09375;0.046875;random_903
9;0.2380546354771868;0.11173900989189237;0.026105787627590093;0.2538020055267487;0.04185444016434565;0.24887557479368702;0.006384928033296779;0.07318361848525257;1073881088;29610352866;3489800192;35433613312;127;438;93;93;-7.828050269163359;0.09375;0.046875;random_903
10;0.20351755227612883;0.11702777632732324;0.07684897614325388;0.15060676575082368;0.06044924340346322;0.37948267454670465;0.011261351265992668;0.0008056602863097856;1073881088;29610352866;3489800192;35433613312;157;366;111;117;-7.841928588664425;0.09375;0.046875;random_903
11;0.2380546354771868;0.11173900989189237;0.026105787627590093;0.2538020055267487;0.04185444016434565;0.24887557479368702;0.006384928033296779;0.07318361848525257;1073881088;29610352866;3489800192;35433613312;127;439;92;93;-7.828050269163359;0.078125;0.0625;random_903
12;0.20351755227612883;0.11702777632732324;0.07684897614325388;0.15060676575082368;0.06044924340346322;0.37948267454670465;0.011261351265992668;0.0008056602863097856;1073881088;29610352866;3489800192;35433613312;157;366;111;117;-7.841468061155869;0.078125;;random_903
0;0.10162959215378564;0.17588627520093156;0.12415419496721643;0.07282770751114442;0.1695782239557192;0.13711479825391004;0.11701254624382616;0.10179666171346649;2684354720;46506575906;29602427378;18257936384;76;213;280;182;;;;random_904
1;0.2526542830843927;0.18668396011088545;0.021331413327387593;0.2591310565658573;0.0622932278017316;0.20683089346856998;0.0006388279167979416;0.010436337724377494;3758620832;44090656770;29602427378;18257944576;151;193;267;140;-7.752563674467122;0.078125;0.046875;random_904
2;0.2366789100818342;0.1819432033667347;0.02595492144120827;0.25233527557337193;0.12282527776671816;0.1402530047885955;0.006348029328823759;0.033661377652713445;3758620832;44090656770;29610352866;18257944576;151;187;274;139;-7.846618565096129;0.078125;0.03125;random_904
3;0.2366789100818342;0.1819432033667347;0.02595492144120827;0.25233527557337193;0.12282527776671816;0.1402530047885955;0.006348029328823759;0.033661377652713445;3758620832;44090656770;29610352866;18257944576;150;188;274;139;-7.8463651437252935;0.078125;0.046875;random_904
4;0.2366789100818342;0.1819432033667347;0.02595492144120827;0.25233527557337193;0.12282527776671816;0.1402530047885955;0.006348029328823759;0.033661377652713445;3758620832;44090656770;29610352866;18257944576;150;188;274;139;-7.846324877548619;0.09375;;random_904
0;0.02262389776252529;0.15272033792861717;0.10257832208864942;0.14174642769550397;0.03195501617174732;0.20249314717209108;0.13186282185140744;0.21402002932945827;34359740416;63355365730;18258997248;1610752128;46;389;142;174;;;;random_905
1;0.32429386405129795;0.004157040430867142;0.0014156520110912357;0.10095164322477827;0.02919755662595877;0.35921252053944347;0.04187065942688594;0.13890106368967722;34359740416;63355365730;1073872896;18794832000;35;362;104;250;-7.744308783872047;0.078125;0.046875;random_905
2;0.35536557504575755;0.038265523519394884;0.00450023963246392;0.001360380912786598;0.016291722576489084;0.3531279735521729;0.10437146840750454;0.12671711635343055;34359740416;29058605408;1073872896;18794832000;50;322;99;280;-7.815377089513863;0.09375;0.046875;random_905
3;0.35536557504575755;0.038265523519394884;0.00450023963246392;0.001360380912786598;0.016291722576489084;0.3531279735521729;0.10437146840750454;0.12671711635343055;34359740416;29058605408;1073872896;18794832000;50;323;99;279;-7.8279196457413;0.09375;0.046875;random_905
4;0.35536557504575755;0.038265523519394884;0.00450023963246392;0.001360380912786598;0.016291722576489084;0.3531279735521729;0.10437146840750454;0.12671711635343055;34359740416;29058605408;1073872896;18794832000;50;323;99;279;-7.827540941011663;0.09375;;random_905
0;0.05009682822551434;0.22723527685841832;0.1400556200994119;0.018333602678732616;0.07599288495181104;0.23803906549407078;0.14856998361805912;0.10167673807398188;2684354720;46802282550;29603398050;29534331042;63;237;154;297;;;;random_906
1;0.15983828140870956;0.31634608926652114;0.03398207493619413;0.006263938844708587;0.2917080292596274;0.004233811715254074;0.024263881652758203;0.16336389291622705;2684354720;63355365730;29528301986;26847870978;55;239;236;221;-7.729292866080965;0.078125;0.046875;random_906
2;0.3188267260209409;0.3125167311315185;0.01233475156003031;0.05729383544931351;0.06127058421008044;0.16402134228503878;0.02036627212274369;0.05336975722033394;2684354720;63355365730;29565784290;26915008834;57;230;225;239;-7.79358378276177;0.09375;0.03125;random_906
3;0.27108794754259014;0.1831778606953081;0.020925739515263015;0.1971217476648742;0.1559468901172474;0.13987100957370288;0.020175438554036883;0.011693366336977266;3760324640;64271383026;29610352866;26915008834;196;225;135;195;-7.781615151299157;0.078125;0.046875;random_906
4;0.3213706583755633;0.11903814318268968;0.017556143254973008;0.27872367736218245;0.15140872368796396;0.0725830103446137;0.006198745360259357;0.03312089843175478;3827437728;64271383026;29610352866;26915008834;228;214;146;163;-7.794039049577676;0.09375;0.046875;random_906
5;0.3213706583755633;0.11903814318268968;0.017556143254973008;0.27872367736218245;0.15140872368796396;0.0725830103446137;0.006198745360259357;0.03312089843175478;3827437728;64271383026;29610352866;26915008834;228;214;146;163;-7.793725458242605;0.09375;0.046875;random_906
6;0.3213706583755633;0.11903814318268968;0.017556143254973008;0.27872367736218245;0.15140872368796396;0.0725830103446137;0.006198745360259357;0.03312089843175478;3827437728;64271383026;29610352866;26915008834;228;214;146;163;-7.793725458242605;0.09375;;random_906
0;0.22805483491069167;0.08997867905217363;0.18607819209368656;0.03642762005129193;0.17362905960799255;0.12239408222623963;0.10575478807019562;0.057682743987728366;9126805634;2415919136;29534331042;1073872896;83;65;454;149;;;;random_907
1;0.4119807570143515;4.829496155221253e-05;0.15409063363725392;0.24826915988256826;0.05781067310387891;0.06990611589670567;0.041094391249730515;0.01679997425395898;43486546050;2415919136;29610352866;1073872896;111;56;459;125;-7.803311367251114;0.09375;0.046875;random_907
2;0.21441745143005972;0.1441016272306112;0.044044851136924176;0.40824856950054417;0.1047067635431164;0.013060393434033321;0.06800949180181319;0.0034108519228977572;44585596934;2147483680;29610352866;1073872896;216;47;312;176;-7.805673080023124;0.078125;0.046875;random_907
3;0.22350086628715765;0.0027692807665022075;0.05262966994137647;0.43884178522662964;0.04310337257013177;0.00745609202988119;0.05762348469859703;0.17407544847972403;44090656770;2415919136;64229881568;1073872896;195;48;346;162;-7.8325962964626115;0.078125;0.0625;random_907
4;0.22350086628715765;0.0027692807665022075;0.05262966994137647;0.43884178522662964;0.04310337257013177;0.00745609202988119;0.05762348469859703;0.17407544847972403;44090656770;2415919136;64229881568;1073872896;195;48;345;163;-7.864914607260789;0.078125;0.046875;random_907
5;0.22350086628715765;0.0027692807665022075;0.05262966994137647;0.43884178522662964;0.04310337257013177;0.00745609202988119;0.05762348469859703;0.17407544847972403;44090656770;2415919136;64229881568;1073872896;195;48;345;163;-7.86499269525641;0.078125;;random_907
0;0.2404325456068017;0.030099690473264197;0.049547608002617836;0.09189470681159413;0.031926090961968655;0.22773923914831515;0.22166592554443895;0.10669419345099944;34896611456;29610352866;26915008834;1073872896;73;328;221;129;;;;random_908
1;0.35033565480167345;0.07313021044589284;0.009242168863010996;0.14729873199225382;0.03079014788024344;0.28686881011606;0.02786004260860249;0.07447423329226299;34896611456;29610352866;26915008834;1073872896;80;312;240;119;-7.797540299582279;0.078125;0.03125;random_908
2;0.2500753221895746;0.02631584140349527;0.01486204602943934;0.24868045884812284;0.12844901964676717;0.2581353234830028;0.04280500492180013;0.030676983477797903;34896611456;29610352866;26915008834;1073881088;66;308;203;174;-7.831196805149183;0.078125;0.0625;random_908
3;0.2380546354771868;0.11173900989189237;0.026105787627590093;0.2538020055267487;0.04185444016434565;0.24887557479368702;0.006384928033296779;0.07318361848525257;35970484352;29610352866;26915008834;1073881088;174;296;195;86;-7.847966638535743;0.09375;0.03125;random_908
4;0.2380546354771868;0.11173900989189237;0.026105787627590093;0.2538020055267487;0.04185444016434565;0.24887557479368702;0.006384928033296779;0.07318361848525257;53150357888;29610352866;26915008834;1073881088;164;296;187;104;-7.855815408045432;0.078125;0.046875;random_908
5;0.2380546354771868;0.11173900989189237;0.026105787627590093;0.2538020055267487;0.04185444016434565;0.24887557479368702;0.006384928033296779;0.07318361848525257;53150357888;29610352866;26915008834;1073881088;164;296;187;104;-7.8511632086331575;0.09375;0.03125;random_908
6;0.2380546354771868;0.11173900989189237;0.026105787627590093;0.2538020055267487;0.04185444016434565;0.24887557479368702;0.006384928033296779;0.07318361848525257;53150357888;29610352866;26915008834;1073881088;164;296;187;104;-7.8511632086331575;0.078125;;random_908
0;0.11809108254194325;0.01489101445548942;0.20130444849755527;0.18718214481752063;0.09432138850849116;0.1144185052023687;0.15813289684231774;0.11165851913431397;2415919104;42949675010;29610352866;1610752128;44;103;422;182;;;;random_909
1;0.22350086628715765;0.0027692807665022075;0.05262966994137647;0.43884178522662964;0.04310337257013177;0.00745609202988119;0.05762348469859703;0.17407544847972403;2415919136;44090656770;29610352866;1610752128;64;180;293;214;-7.7801856956371;0.09375;0.03125;random_909
2;0.22350086628715765;0.0027692807665022075;0.05262966994137647;0.43884178522662964;0.04310337257013177;0.00745609202988119;0.05762348469859703;0.17407544847972403;2415919136;44090656770;29610352866;1610752128;64;180;293;214;-7.858092923643183;0.078125;0.046875;random_909
3;0.22350086628715765;0.0027692807665022075;0.05262966994137647;0.43884178522662964;0.04310337257013177;0.00745609202988119;0.05762348469859703;0.17407544847972403;2415919136;44090656770;29610352866;1610752128;64;180;293;214;-7.858092923643183;0.09375;;random_909
0;0.1995587831261323;0.09581162029309778;0.13169217438668612;0.0989246644942694;0.09590813244804826;0.06857235313538598;0.13035363636768382;0.17917863574869636;536871040;42949675010;29610352866;18257944576;69;107;385;190;;;;random_91
1;0.22350086628715765;0.0027692807665022075;0.05262966994137647;0.43884178522662964;0.04310337257013177;0.00745609202988119;0.05762348469859703;0.17407544847972403;1610752128;44090656770;29610352866;1073872896;151;157;304;139;-7.7630305383913;0.09375;0.046875;random_91
2;0.22350086628715765;0.0027692807665022075;0.05262966994137647;0.43884178522662964;0.04310337257013177;0.00745609202988119;0.05762348469859703;0.17407544847972403;1610752128;44090656770;29610352866;1073872896;151;157;305;138;-7.876445880685877;0.078125;0.046875;random_91
3;0.22350086628715765;0.0027692807665022075;0.05262966994137647;0.43884178522662964;0.04310337257013177;0.00745609202988119;0.05762348469859703;0.17407544847972403;1610752128;44090656770;29610352866;1073872896;151;157;305;138;-7.8761050239141195;0.078125;;random_91
0;0.07053880527728931;0.07681187991390753;0.13357219849190652;0.25679171834092857;0.12650068525768754;0.014407107373815444;0.24237474898499925;0.0790028563594657;1610752128;63957859680;18257936384;9663815682;130;285;145;191;;;;random_910
1;0.22350086628715765;0.0027692807665022075;0.05262966994137647;0.43884178522662964;0.04310337257013177;0.00745609202988119;0.05762348469859703;0.17407544847972403;1610752128;64229881568;1073872896;9663815682;145;284;137;185;-7.821812375381826;0.078125;0.0625;random_910
2;0.22350086628715765;0.0027692807665022075;0.05262966994137647;0.43884178522662964;0.04310337257013177;0.00745609202988119;0.05762348469859703;0.17407544847972403;1610752128;64229881568;1073872896;9663815682;145;284;137;185;-7.894462095249555;0.078125;0.046875;random_910
3;0.22350086628715765;0.0027692807665022075;0.05262966994137647;0.43884178522662964;0.04310337257013177;0.00745609202988119;0.05762348469859703;0.17407544847972403;1610752128;64229881568;1073872896;9663815682;145;284;137;185;-7.894462095249555;0.09375;;random_910
0;0.012007173366742495;0.021793834489523614;0.051596319460112144;0.19119532682946067;0.11094616174277902;0.2765618689968678;0.23916843970986154;0.09673087540465283;34896611456;29610352866;18257809408;1073881088;52;457;76;166;;;;random_911
1;0.26134525932751307;0.03536846454496428;0.03495186704178024;0.13629963505928602;0.1563266734458403;0.2653978382515108;0.09427124561961439;0.01603901670949092;34896611456;29610352866;18257944576;1073881088;64;425;150;112;-7.724369637425198;0.078125;0.046875;random_911
2;0.22103738533750877;0.09897927894087459;0.1405391727087729;0.2020718870880258;0.05455944957114942;0.2717547839492319;0.003921606738696804;0.007136435665739789;34896611456;29602427378;18257944576;1073881088;83;431;144;93;-7.790365245914871;0.078125;0.046875;random_911
3;0.2433959055189666;0.11211004108308978;0.1469841676472854;0.15982645272432888;0.06300507885826526;0.2630733661659675;0.003366507728089167;0.008238480274007472;34896611456;29602427378;18257944576;1073881088;91;417;150;93;-7.799021327883026;0.09375;0.046875;random_911
4;0.2433959055189666;0.11211004108308978;0.1469841676472854;0.15982645272432888;0.06300507885826526;0.2630733661659675;0.003366507728089167;0.008238480274007472;34896611456;29602427378;18257944576;1073881088;91;417;150;93;-7.799452544727409;0.09375;;random_911
0;0.2020043871166757;0.13653130894900808;0.0035723044968655315;0.09486295396631923;0.18647852106286883;0.060627046516369965;0.18986723121549598;0.12605624667639673;34359740416;2147483680;26915008834;18794832000;86;49;328;288;;;;random_912
1;0.40072647367377445;0.00310362567010429;0.0033302005369709063;0.3927380356007213;0.046225443549343416;0.03708592971439797;0.06602574663090753;0.05076454462378014;34359740416;2147483680;29610352866;18794832000;48;46;395;262;-7.76798270204256;0.078125;0.046875;random_912
2;0.22350086628715765;0.0027692807665022075;0.05262966994137647;0.43884178522662964;0.04310337257013177;0.00745609202988119;0.05762348469859703;0.17407544847972403;34359740416;2415919136;29610352866;18794807424;37;51;401;262;-7.865024246566568;0.078125;0.03125;random_912
3;0.22350086628715765;0.0027692807665022075;0.05262966994137647;0.43884178522662964;0.04310337257013177;0.00745609202988119;0.05762348469859703;0.17407544847972403;34359740416;2415919136;29610352866;18794807424;37;51;401;262;-7.862936674062872;0.078125;0.046875;random_912
4;0.22350086628715765;0.0027692807665022075;0.05262966994137647;0.43884178522662964;0.04310337257013177;0.00745609202988119;0.05762348469859703;0.17407544847972403;34359740416;2415919136;29610352866;18794807424;37;51;401;262;-7.862936674062872;0.078125;;random_912
0;0.1279356857222585;0.08027244957137801;0.2099751538210642;0.09448893890004986;0.13920165286901076;0.13979391551058593;0.14117806641228434;0.06715413719336842;2684354720;46802282550;29530141040;18257936384;67;233;244;207;;;;random_913
1;0.2906641118355563;0.14067944376702426;0.04370243401293573;0.36171664061007197;0.02096649760324183;0.01157177756626059;0.12767700955344577;0.0030220850514635707;2684354720;46802282550;29530141040;18257936384;73;261;204;213;-7.7446244346766875;0.078125;0.046875;random_913
2;0.22350086628715765;0.0027692807665022075;0.05262966994137647;0.43884178522662964;0.04310337257013177;0.00745609202988119;0.05762348469859703;0.17407544847972403;2952790176;46506575906;64229881568;18257936384;91;208;229;223;-7.862502152429952;0.078125;0.046875;random_913
3;0.22350086628715765;0.0027692807665022075;0.05262966994137647;0.43884178522662964;0.04310337257013177;0.00745609202988119;0.05762348469859703;0.17407544847972403;2952790176;46506575906;64229881568;18257936384;91;208;229;223;-7.886525219607982;0.09375;0.03125;random_913
4;0.22350086628715765;0.0027692807665022075;0.05262966994137647;0.43884178522662964;0.04310337257013177;0.00745609202988119;0.05762348469859703;0.17407544847972403;2952790176;46506575906;64229881568;18257936384;91;208;229;223;-7.886525219607982;0.078125;;random_913
0;0.2110121215283057;0.14484969802746142;0.09478754993891121;0.07864060855460289;0.027741075113127612;0.1489098946287669;0.19096997246176675;0.10308907974705758;536871040;2147483680;25769804098;29534331042;60;50;105;536;;;;random_914
1;0.3257764062816763;0.015846737598229965;0.02538661126273391;0.05210030543905993;0.33769325553797436;0.08413220527698048;0.10378784056021695;0.055276638043127976;536871040;2147483680;25773998146;29534331042;60;49;101;541;-7.747093228650758;0.078125;0.046875;random_914
2;0.3257764062816763;0.015846737598229965;0.02538661126273391;0.05210030543905993;0.33769325553797436;0.08413220527698048;0.10378784056021695;0.055276638043127976;536871040;2147483680;25773998146;29534331042;60;49;101;541;-7.753801734593766;0.09375;0.046875;random_914
3;0.3257764062816763;0.015846737598229965;0.02538661126273391;0.05210030543905993;0.33769325553797436;0.08413220527698048;0.10378784056021695;0.055276638043127976;536871040;2147483680;25773998146;29534331042;60;49;101;541;-7.753801734593766;0.078125;;random_914
0;0.1781553429737636;0.024424814989999304;0.09492606857196849;0.12499342974023818;0.11082489322301256;0.17306425634055778;0.13308881234390416;0.1605223818165558;536871040;42949675010;63355365730;18794684544;42;79;395;235;;;;random_915
1;0.29733882025190816;0.006585438005213238;0.09639513903075424;0.2184823345993384;0.06785395966563444;0.29924815921097253;0.009175559626182243;0.004920589609996752;1610752128;44090656770;29602427378;18257936384;127;175;343;106;-7.742869227236848;0.078125;0.03125;random_915
2;0.2380546354771868;0.11173900989189237;0.026105787627590093;0.2538020055267487;0.04185444016434565;0.24887557479368702;0.006384928033296779;0.07318361848525257;1610752128;44090656770;29610352866;1073872896;113;174;376;88;-7.811640838268918;0.078125;0.046875;random_915
3;0.2380546354771868;0.11173900989189237;0.026105787627590093;0.2538020055267487;0.04185444016434565;0.24887557479368702;0.006384928033296779;0.07318361848525257;1610752128;44090656770;29610352866;1073872896;113;172;378;88;-7.829464519816589;0.078125;0.046875;random_915
4;0.2380546354771868;0.11173900989189237;0.026105787627590093;0.2538020055267487;0.04185444016434565;0.24887557479368702;0.006384928033296779;0.07318361848525257;1610752128;44090656770;29610352866;1073872896;113;172;378;88;-7.829656883650524;0.09375;;random_915
0;0.15042577562549986;0.0782073174690799;0.06192723822629917;0.07950633798504742;0.09273238358860426;0.18783913071645353;0.1615147589385296;0.1878470574504863;536871040;42949675010;29610352866;1073881088;75;91;420;165;;;;random_916
1;0.2513448966457677;0.08915769942608719;0.016629634072666266;0.1181371434798492;0.2008391403663697;0.12327716479800704;0.007096098510675712;0.19351822270057709;1610752128;44090656770;29610352866;1073872896;128;187;344;92;-7.7711400416071275;0.078125;0.03125;random_916
2;0.2380546354771868;0.11173900989189237;0.026105787627590093;0.2538020055267487;0.04185444016434565;0.24887557479368702;0.006384928033296779;0.07318361848525257;1610752128;44090656770;29610352866;1073872896;113;174;376;88;-7.7986743827968725;0.078125;0.046875;random_916
3;0.2380546354771868;0.11173900989189237;0.026105787627590093;0.2538020055267487;0.04185444016434565;0.24887557479368702;0.006384928033296779;0.07318361848525257;1610752128;44090656770;29610352866;1073872896;113;174;376;88;-7.829464519816589;0.09375;;random_916
0;0.16429072114710458;0.1446960830522991;0.17088645239258973;0.16868152798720595;0.056998128294666606;0.06966800782099507;0.10214815369020046;0.12263092561493856;2684354720;46506575906;29602427378;18257936384;75;203;297;176;;;;random_917
1;0.3114339044952291;0.12936049714476824;0.0442786732718962;0.3664860621227759;0.059610964092349575;0.011724357455235737;0.07404360860745786;0.003061932810287608;2684354720;44090656770;29540626790;18257936384;83;189;269;210;-7.787754640919679;0.078125;0.046875;random_917
2;0.22350086628715765;0.0027692807665022075;0.05262966994137647;0.43884178522662964;0.04310337257013177;0.00745609202988119;0.05762348469859703;0.17407544847972403;2952790176;44090656770;64229881568;18257936384;90;201;237;223;-7.846710852696487;0.078125;0.046875;random_917
3;0.22350086628715765;0.0027692807665022075;0.05262966994137647;0.43884178522662964;0.04310337257013177;0.00745609202988119;0.05762348469859703;0.17407544847972403;2952790176;44090656770;64229881568;18257936384;90;201;237;223;-7.886907146226282;0.078125;0.046875;random_917
4;0.22350086628715765;0.0027692807665022075;0.05262966994137647;0.43884178522662964;0.04310337257013177;0.00745609202988119;0.05762348469859703;0.17407544847972403;2952790176;44090656770;64229881568;18257936384;90;201;237;223;-7.886907146226282;0.078125;;random_917
0;0.11409914089249562;0.19342085759750866;0.15517657501484616;0.14630397515409027;0.035698850281692986;0.042062816524661276;0.07692138472741346;0.2363163998072915;35433613312;29609828386;2415919104;12348170466;165;304;34;248;;;;random_918
1;0.22350086628715765;0.0027692807665022075;0.05262966994137647;0.43884178522662964;0.04310337257013177;0.00745609202988119;0.05762348469859703;0.17407544847972403;1073872896;29609828386;2415919136;12616605920;154;329;47;221;-7.7689915631391795;0.078125;0.046875;random_918
2;0.22350086628715765;0.0027692807665022075;0.05262966994137647;0.43884178522662964;0.04310337257013177;0.00745609202988119;0.05762348469859703;0.17407544847972403;1073872896;29609828386;2415919136;12616605920;154;329;47;221;-7.843595279765371;0.078125;0.03125;random_918
3;0.22350086628715765;0.0027692807665022075;0.05262966994137647;0.43884178522662964;0.04310337257013177;0.00745609202988119;0.05762348469859703;0.17407544847972403;1073872896;29609828386;2415919136;12616605920;154;329;47;221;-7.843595279765371;0.09375;;random_918
0;0.016663045859934826;0.20995456429700085;0.10431732546696755;0.09532094452967343;0.18516642921568682;0.1817984768175876;0.029294993947604018;0.17748421986554486;34359740416;61746587650;2415919104;12348170466;72;272;74;333;;;;random_919
1;0.1519005607054879;0.1345999058712018;0.09124893447818838;0.18870365915909687;0.0041426526909061874;0.310191002268541;0.001199969389615721;0.11801331543696202;1073872896;27386839058;3489800192;12348170466;135;237;102;277;-7.746342770285152;0.09375;0.046875;random_919
2;0.1630698429893746;0.00407268318921882;0.09797735637200568;0.2025790815233156;0.07132255533094715;0.3329994162083449;0.0012882034078602433;0.12669086097893295;1073872896;27386839058;3489800192;12348170466;136;236;102;277;-7.848495462497815;0.09375;0.046875;random_919
3;0.1630698429893746;0.00407268318921882;0.09797735637200568;0.2025790815233156;0.07132255533094715;0.3329994162083449;0.0012882034078602433;0.12669086097893295;1073872896;27386839058;3489800192;12348170466;136;236;102;277;-7.848864396033216;0.109375;;random_919
0;0.12169791446448108;0.23009975830426663;0.05150689776336862;0.07014069019108236;0.020538797792870017;0.42596046918934866;0.0016939362094353838;0.07836153608514744;18794807424;3296862240;9730924610;1073872896;251;252;177;71;;;;random_92
1;0.1630698429893746;0.00407268318921882;0.09797735637200568;0.2025790815233156;0.07132255533094715;0.3329994162083449;0.0012882034078602433;0.12669086097893295;18794807424;3296862240;9730924610;1073872896;205;234;227;85;-7.85858181186851;0.078125;0.046875;random_92
2;0.1630698429893746;0.00407268318921882;0.09797735637200568;0.2025790815233156;0.07132255533094715;0.3329994162083449;0.0012882034078602433;0.12669086097893295;18794807424;3296862240;9730924610;1073872896;205;234;227;85;-7.8548924813921674;0.09375;;random_92
0;0.1188995367544889;0.07522891899662491;0.025232338548200145;0.13787965563780813;0.18167308337210847;0.20619854372604832;0.226207755240848;0.028680167723873023;536871040;29632917990;26915008834;1073872896;43;296;274;138;;;;random_920
1;0.35033565480167345;0.07313021044589284;0.009242168863010996;0.14729873199225382;0.03079014788024344;0.28686881011606;0.02786004260860249;0.07447423329226299;1610752128;29610352866;26915008834;1073872896;137;308;215;91;-7.804196955527407;0.09375;0.046875;random_920
2;0.1630698429893746;0.00407268318921882;0.09797735637200568;0.2025790815233156;0.07132255533094715;0.3329994162083449;0.0012882034078602433;0.12669086097893295;1610752128;29610352866;26847748162;1073872896;124;286;256;85;-7.846803389117424;0.09375;0.03125;random_920
3;0.1630698429893746;0.00407268318921882;0.09797735637200568;0.2025790815233156;0.07132255533094715;0.3329994162083449;0.0012882034078602433;0.12669086097893295;1610752128;29610352866;26847748162;1073872896;124;286;256;85;-7.841727997529534;0.078125;0.03125;random_920
4;0.1630698429893746;0.00407268318921882;0.09797735637200568;0.2025790815233156;0.07132255533094715;0.3329994162083449;0.0012882034078602433;0.12669086097893295;1610752128;29610352866;26847748162;1073872896;124;286;256;85;-7.841727997529534;0.09375;;random_920
0;0.08263952191258406;0.010138007963495227;0.13240851142857368;0.1848778985303475;0.14313856251449109;0.0809577430830518;0.15827186603198687;0.2075678885354698;536871040;29610352866;2415919104;1073872896;80;492;39;140;;;;random_921
1;0.22350086628715765;0.0027692807665022075;0.05262966994137647;0.43884178522662964;0.04310337257013177;0.00745609202988119;0.05762348469859703;0.17407544847972403;1610752128;29610352866;2415919136;1073872896;155;431;46;119;-7.786258772518591;0.078125;0.03125;random_921
2;0.22350086628715765;0.0027692807665022075;0.05262966994137647;0.43884178522662964;0.04310337257013177;0.00745609202988119;0.05762348469859703;0.17407544847972403;1610752128;29610352866;2415919136;1073872896;155;432;46;118;-7.872818554810086;0.078125;0.046875;random_921
3;0.22350086628715765;0.0027692807665022075;0.05262966994137647;0.43884178522662964;0.04310337257013177;0.00745609202988119;0.05762348469859703;0.17407544847972403;1610752128;29610352866;2415919136;1073872896;155;432;46;118;-7.872377247269405;0.078125;;random_921
0;0.0002863540782807899;0.21132695034921717;0.08326731715209659;0.19065777563304592;0.06049486214598551;0.05150629957923884;0.20661639360772116;0.19584404745441406;34359740416;68265867626;2415919104;1610752128;56;430;19;246;;;;random_922
1;0.17881590766341982;0.3686319127161368;0.024029968207967368;0.036857649766840514;0.10883023546852774;0.05956483061692684;0.05199231253330677;0.17127718302687422;35433613312;63971487074;2415919136;1610752128;143;246;79;283;-7.718977079470621;0.09375;0.046875;random_922
2;0.2538209476784505;0.2462455461066731;0.0017851341317653726;0.06518141635621134;0.09857463484899046;0.2368442390233459;0.011257734080949443;0.08629034777361407;35433613312;29565784290;2415919104;1073881088;154;369;82;146;-7.783165824072039;0.078125;0.046875;random_922
3;0.30897672711074536;0.23176805819176835;0.03233262408093428;0.014013834292101117;0.08721495695692494;0.19627977090001192;0.011318697475461837;0.118095330992052;35433613312;29565784290;2415919104;1073881088;162;399;68;122;-7.82147964474335;0.078125;0.0625;random_922
4;0.23305217935049427;0.24520217241991435;0.013850355910538516;0.23175226723291628;0.10393040132183767;0.15078164055193224;0.014373299585556198;0.007057683626810569;35433613312;29610352866;2415919104;1073881088;148;422;48;133;-7.8069799490525025;0.09375;0.046875;random_922
5;0.2500791569798219;0.2354027773027801;0.014862273932091507;0.2486842722487812;0.05416282486031248;0.14072914265149306;0.02574566700541392;0.030333885019305878;35433613312;29610352866;2415919104;1073881088;145;425;49;132;-7.843904980874218;0.09375;0.03125;random_922
6;0.2500791569798219;0.2354027773027801;0.014862273932091507;0.2486842722487812;0.05416282486031248;0.14072914265149306;0.02574566700541392;0.030333885019305878;35433613312;29610352866;2415919104;1073881088;145;425;49;132;-7.842664385070649;0.078125;;random_922
0;0.19990574630371086;0.18662823106879448;0.023622891730801086;0.21756411555775007;0.09305474750054565;0.05413102716412888;0.139863203941457;0.08523003673281208;536871040;2415919136;29610352866;18257944576;54;39;447;211;;;;random_923
1;0.22350086628715765;0.0027692807665022075;0.05262966994137647;0.43884178522662964;0.04310337257013177;0.00745609202988119;0.05762348469859703;0.17407544847972403;1610752128;2415919136;29610352866;1073872896;155;46;431;119;-7.833058985167417;0.09375;0.046875;random_923
2;0.22350086628715765;0.0027692807665022075;0.05262966994137647;0.43884178522662964;0.04310337257013177;0.00745609202988119;0.05762348469859703;0.17407544847972403;1610752128;2415919136;29610352866;1073872896;155;46;432;118;-7.872818554810086;0.078125;0.046875;random_923
3;0.22350086628715765;0.0027692807665022075;0.05262966994137647;0.43884178522662964;0.04310337257013177;0.00745609202988119;0.05762348469859703;0.17407544847972403;1610752128;2415919136;29610352866;1073872896;155;46;432;118;-7.872377247269405;0.078125;;random_923
0;0.128627334807418;0.1258638471365824;0.1540381911719668;0.18003131538611541;0.14487978083047634;0.02564846073692194;0.1381897267204099;0.10272134321010909;2415919104;44090656770;29610352866;1610752128;30;188;360;173;;;;random_924
1;0.3114339044952291;0.12936049714476824;0.0442786732718962;0.3664860621227759;0.059610964092349575;0.011724357455235737;0.07404360860745786;0.003061932810287608;2147483680;44090656770;29610352866;1610752128;52;187;298;214;-7.787590681581032;0.078125;0.046875;random_924
2;0.22350086628715765;0.0027692807665022075;0.05262966994137647;0.43884178522662964;0.04310337257013177;0.00745609202988119;0.05762348469859703;0.17407544847972403;2415919136;44090656770;29610352866;1610752128;64;180;293;214;-7.837720461403985;0.09375;0.046875;random_924
3;0.22350086628715765;0.0027692807665022075;0.05262966994137647;0.43884178522662964;0.04310337257013177;0.00745609202988119;0.05762348469859703;0.17407544847972403;2415919136;44090656770;29610352866;1610752128;64;180;293;214;-7.858092923643183;0.078125;0.046875;random_924
4;0.22350086628715765;0.0027692807665022075;0.05262966994137647;0.43884178522662964;0.04310337257013177;0.00745609202988119;0.05762348469859703;0.17407544847972403;2415919136;44090656770;29610352866;1610752128;64;180;293;214;-7.858092923643183;0.078125;;random_924
0;0.1523001316486093;0.09120075828465816;0.04346674278398587;0.04679813798350021;0.015576535137131269;0.2177893641404948;0.20118469026082622;0.23168363976079423;536870916;42949675010;20405682208;10200686786;27;99;315;310;;;;random_925
1;0.2977956243406566;0.002414277334198844;0.0028549669237332917;0.16374233296375237;0.05313771057855611;0.2780584216138757;0.050236536037873;0.15176013020735407;1610752128;44090656770;20405682208;27384742082;148;153;259;191;-7.705699157337391;0.078125;0.0625;random_925
2;0.2380546354771868;0.11173900989189237;0.026105787627590093;0.2538020055267487;0.04185444016434565;0.24887557479368702;0.006384928033296779;0.07318361848525257;1610752128;44090656770;20405682208;27384742082;138;167;233;213;-7.798156750905509;0.09375;0.03125;random_925
3;0.2380546354771868;0.11173900989189237;0.026105787627590093;0.2538020055267487;0.04185444016434565;0.24887557479368702;0.006384928033296779;0.07318361848525257;1610752128;44090656770;20405682208;27384742082;138;167;233;213;-7.814856724508956;0.078125;;random_925
0;0.14950859588688656;0.035625498078813336;0.1562639681983204;0.11844702509691427;0.023074201774790835;0.19218190992772585;0.19158628026971047;0.13331252076683842;536871040;42949675010;63355365730;18794684544;44;77;424;206;;;;random_926
1;0.3311853621062243;0.011099658672649736;0.1279659361296148;0.1779622843600336;0.015901950075667925;0.29083918837226885;0.04232622723512917;0.0027193930484117027;536871040;44090656770;29540626790;18811592704;28;182;331;210;-7.730245389407722;0.09375;0.03125;random_926
2;0.2380546354771868;0.11173900989189237;0.026105787627590093;0.2538020055267487;0.04185444016434565;0.24887557479368702;0.006384928033296779;0.07318361848525257;1610752128;44090656770;29610352866;1073872896;113;174;376;88;-7.791323980183701;0.078125;0.0625;random_926
3;0.2380546354771868;0.11173900989189237;0.026105787627590093;0.2538020055267487;0.04185444016434565;0.24887557479368702;0.006384928033296779;0.07318361848525257;1610752128;44090656770;29610352866;1073872896;113;172;378;88;-7.829464519816589;0.09375;0.03125;random_926
4;0.2380546354771868;0.11173900989189237;0.026105787627590093;0.2538020055267487;0.04185444016434565;0.24887557479368702;0.006384928033296779;0.07318361848525257;1610752128;44090656770;29610352866;1073872896;113;172;378;88;-7.829656883650524;0.078125;;random_926
0;0.1341840206414259;0.07607835281772433;0.031208638086848435;0.257725524324626;0.3091279141216768;0.004489617277268003;0.15328004446051607;0.033905888269914565;1610752128;68520487010;20405682208;29632917990;156;107;145;343;;;;random_927
1;0.21256785472030013;0.016065894986262944;0.023201930045254456;0.2589421962013517;0.29642833576954003;0.010541573964788458;0.12278191143990926;0.059470302872592994;1610752128;67713358882;20405682208;29610352866;160;134;149;308;-7.796624656938627;0.09375;0.046875;random_927
2;0.22350086628715765;0.0027692807665022075;0.05262966994137647;0.43884178522662964;0.04310337257013177;0.00745609202988119;0.05762348469859703;0.17407544847972403;1610752128;44090656770;20405682208;64229881568;159;205;164;223;-7.821463534557255;0.09375;0.03125;random_927
3;0.22350086628715765;0.0027692807665022075;0.05262966994137647;0.43884178522662964;0.04310337257013177;0.00745609202988119;0.05762348469859703;0.17407544847972403;1610752128;44090656770;20405682208;64229881568;160;205;163;223;-7.875362256992887;0.078125;0.046875;random_927
4;0.22350086628715765;0.0027692807665022075;0.05262966994137647;0.43884178522662964;0.04310337257013177;0.00745609202988119;0.05762348469859703;0.17407544847972403;1610752128;44090656770;20405682208;64229881568;160;205;163;223;-7.87563125246281;0.09375;;random_927
0;0.09234830322705465;0.12810897202220073;0.09467866536236147;0.003800265396504695;0.21796243362642692;0.2042735420317391;0.17041981468171666;0.08840800365199578;1610752128;48882694208;26847879232;3296862240;158;152;200;241;;;;random_928
1;0.35536557504575755;0.038265523519394884;0.00450023963246392;0.001360380912786598;0.016291722576489084;0.3531279735521729;0.10437146840750454;0.12671711635343055;1610752128;61743184208;26847870978;29058605408;145;176;144;286;-7.778679715495239;0.078125;0.046875;random_928
2;0.35536557504575755;0.038265523519394884;0.00450023963246392;0.001360380912786598;0.016291722576489084;0.3531279735521729;0.10437146840750454;0.12671711635343055;1610752128;61743184208;26847870978;29058605408;143;176;144;288;-7.816601928528301;0.078125;0.046875;random_928
3;0.35536557504575755;0.038265523519394884;0.00450023963246392;0.001360380912786598;0.016291722576489084;0.3531279735521729;0.10437146840750454;0.12671711635343055;1610752128;61743184208;26847870978;29058605408;143;176;144;288;-7.817747484550347;0.09375;;random_928
0;0.15940596027035023;0.1640941563308723;0.0786648153634697;0.009175282024174983;0.14387535292111125;0.2191912283947767;0.1728838991919503;0.05270930550329466;536871040;2147483680;29534331042;29272178690;63;44;368;276;;;;random_929
1;0.35536557504575755;0.038265523519394884;0.00450023963246392;0.001360380912786598;0.016291722576489084;0.3531279735521729;0.10437146840750454;0.12671711635343055;1610752128;2147483680;29611143330;29264060480;267;40;208;236;-7.757792706779229;0.09375;0.046875;random_929
2;0.1630698429893746;0.00407268318921882;0.09797735637200568;0.2025790815233156;0.07132255533094715;0.3329994162083449;0.0012882034078602433;0.12669086097893295;1073872896;3221356576;29534331042;29263667264;147;78;313;213;-7.7929499181023125;0.078125;0.046875;random_929
3;0.1630698429893746;0.00407268318921882;0.09797735637200568;0.2025790815233156;0.07132255533094715;0.3329994162083449;0.0012882034078602433;0.12669086097893295;1073872896;3221356576;29534331042;29263667264;147;78;313;213;-7.821599478658748;0.09375;0.046875;random_929
4;0.1630698429893746;0.00407268318921882;0.09797735637200568;0.2025790815233156;0.07132255533094715;0.3329994162083449;0.0012882034078602433;0.12669086097893295;1073872896;3221356576;29534331042;29263667264;147;78;313;213;-7.821599478658748;0.09375;;random_929
0;0.13266425018829117;0.017613676651725828;0.19089979629664044;0.15577263438583477;0.20918968160411644;0.10988536888500981;0.06502690703539281;0.11894768495298884;2952790144;12348162210;63355365730;1073872896;81;186;381;103;;;;random_93
1;0.22350086628715765;0.0027692807665022075;0.05262966994137647;0.43884178522662964;0.04310337257013177;0.00745609202988119;0.05762348469859703;0.17407544847972403;2684354720;9663815682;64229881568;1073872896;97;185;303;166;-7.7692775737050885;0.078125;0.046875;random_93
2;0.22350086628715765;0.0027692807665022075;0.05262966994137647;0.43884178522662964;0.04310337257013177;0.00745609202988119;0.05762348469859703;0.17407544847972403;2684354720;9663815682;64229881568;1073872896;97;185;303;166;-7.88720497889541;0.09375;0.046875;random_93
3;0.22350086628715765;0.0027692807665022075;0.05262966994137647;0.43884178522662964;0.04310337257013177;0.00745609202988119;0.05762348469859703;0.17407544847972403;2684354720;9663815682;64229881568;1073872896;97;185;303;166;-7.88720497889541;0.09375;;random_93
0;0.11927126600725238;0.08373613240805601;0.11727348319321725;0.15537583932335508;0.10444457590509065;0.19577383720819166;0.14852080797248252;0.07560405798235457;2684354720;46802282550;29632917990;18257936384;72;200;266;213;;;;random_930
1;0.22350086628715765;0.0027692807665022075;0.05262966994137647;0.43884178522662964;0.04310337257013177;0.00745609202988119;0.05762348469859703;0.17407544847972403;2684354720;46506575906;29058605408;18257936384;106;204;208;233;-7.781884208906116;0.078125;0.03125;random_930
2;0.22350086628715765;0.0027692807665022075;0.05262966994137647;0.43884178522662964;0.04310337257013177;0.00745609202988119;0.05762348469859703;0.17407544847972403;2684354720;46506575906;29058605408;18257936384;106;204;208;233;-7.898021290110449;0.09375;0.046875;random_930
3;0.22350086628715765;0.0027692807665022075;0.05262966994137647;0.43884178522662964;0.04310337257013177;0.00745609202988119;0.05762348469859703;0.17407544847972403;2684354720;46506575906;29058605408;18257936384;106;204;208;233;-7.898021290110449;0.09375;;random_930
0;0.154508222537352;0.11490374193801134;0.1998505912562291;0.0018797279358185321;0.14775386006156835;0.005927509612068602;0.2471122947084675;0.12806405195048456;9126805634;2415919136;29534331042;1073872896;86;37;469;159;;;;random_931
1;0.4554956681272346;0.01950704247648652;0.009232546118176182;0.2560081526083127;0.0633016701255059;0.09745217600848076;0.014879842342759403;0.0841229021930442;10200686722;2415919136;29610352866;1073872896;183;65;386;117;-7.771865751918381;0.09375;0.046875;random_931
2;0.29733882025190816;0.006585438005213238;0.09639513903075424;0.2184823345993384;0.06785395966563444;0.29924815921097253;0.009175559626182243;0.004920589609996752;10200690818;2415919104;29610352866;1073881088;170;78;346;157;-7.829232199895458;0.09375;0.046875;random_931
3;0.1630698429893746;0.00407268318921882;0.09797735637200568;0.2025790815233156;0.07132255533094715;0.3329994162083449;0.0012882034078602433;0.12669086097893295;10200686722;3489800192;29610352866;1073872896;178;98;339;136;-7.8313198785427725;0.09375;0.03125;random_931
4;0.1630698429893746;0.00407268318921882;0.09797735637200568;0.2025790815233156;0.07132255533094715;0.3329994162083449;0.0012882034078602433;0.12669086097893295;10200686722;3489800192;29610352866;1073872896;178;99;338;136;-7.842309546982317;0.078125;0.046875;random_931
5;0.1630698429893746;0.00407268318921882;0.09797735637200568;0.2025790815233156;0.07132255533094715;0.3329994162083449;0.0012882034078602433;0.12669086097893295;10200686722;3489800192;29610352866;1073872896;178;99;338;136;-7.842662690606641;0.078125;;random_931
0;0.09548770518415689;0.03791413663711197;0.11702923076896936;0.2171695734779254;0.3332103219118882;0.03233173479909237;0.07200532322644747;0.09485197399440817;536871040;61746587650;2415919104;12348170466;60;365;40;286;;;;random_932
1;0.22350086628715765;0.0027692807665022075;0.05262966994137647;0.43884178522662964;0.04310337257013177;0.00745609202988119;0.05762348469859703;0.17407544847972403;1610752128;61208149506;2415919136;9672204352;238;303;58;152;-7.777748377915803;0.078125;0.046875;random_932
2;0.22350086628715765;0.0027692807665022075;0.05262966994137647;0.43884178522662964;0.04310337257013177;0.00745609202988119;0.05762348469859703;0.17407544847972403;1610752128;61208149506;2415919136;9672204352;238;303;58;152;-7.873698287251762;0.09375;0.046875;random_932
3;0.22350086628715765;0.0027692807665022075;0.05262966994137647;0.43884178522662964;0.04310337257013177;0.00745609202988119;0.05762348469859703;0.17407544847972403;1610752128;61208149506;2415919136;9672204352;238;303;58;152;-7.873698287251762;0.09375;;random_932
0;0.1688139602963329;0.017404363358133845;0.1971095874388326;0.048260917879230716;0.15824076934576375;0.1676123548527845;0.1968200858414951;0.04573796098742659;34896611456;2147483680;25769804098;29800661154;83;74;107;487;;;;random_933
1;0.3691224910500372;0.16633498605116095;0.05646129037790283;0.052094298780113124;0.1832576089313363;0.15996043056036263;0.005107212306760617;0.007661681942326273;35970484352;2147483680;26915008834;29800661154;166;52;258;275;-7.741473260898982;0.078125;0.046875;random_933
2;0.2380546354771868;0.11173900989189237;0.026105787627590093;0.2538020055267487;0.04185444016434565;0.24887557479368702;0.006384928033296779;0.07318361848525257;1073881088;2147483680;26847748162;29800661154;162;93;203;293;-7.788102691250365;0.09375;0.046875;random_933
3;0.2380546354771868;0.11173900989189237;0.026105787627590093;0.2538020055267487;0.04185444016434565;0.24887557479368702;0.006384928033296779;0.07318361848525257;1073881088;2147483680;26847748162;29800661154;164;93;201;293;-7.820088946960392;0.09375;0.03125;random_933
4;0.20642446111882667;0.03247375426306101;0.008323848523663028;0.2607266687233741;0.10171287090797551;0.31275183634833637;0.0006962130348169285;0.07689034707994648;1073881088;2147483680;26847748162;29800661154;190;104;171;286;-7.84410659319082;0.078125;0.046875;random_933
5;0.2380546354771868;0.11173900989189237;0.026105787627590093;0.2538020055267487;0.04185444016434565;0.24887557479368702;0.006384928033296779;0.07318361848525257;1073881088;2147483680;26847748162;29800661154;164;93;198;296;-7.8377297621748365;0.078125;0.046875;random_933
6;0.20642446111882667;0.03247375426306101;0.008323848523663028;0.2607266687233741;0.10171287090797551;0.31275183634833637;0.0006962130348169285;0.07689034707994648;1073881088;2147483680;26847748162;29800661154;190;104;171;286;-7.844077605832441;0.09375;;random_933
0;0.20180689820463457;0.09851562508375654;0.10834026888886848;0.14182975777761317;0.036600229354809076;0.10009169037036239;0.26241631506144486;0.050399215258511036;9126805634;2147483680;29610352866;1073872896;84;42;444;181;;;;random_934
1;0.34371203770743186;0.03363230490021571;0.1343983704314524;0.26756594573415254;0.009646747055790671;0.02526603220970273;0.13853917245186928;0.047239389509384694;43486546050;2415919136;29610352866;1073872896;124;40;435;152;-7.782596468586342;0.09375;0.046875;random_934
2;0.26400356727738417;0.13972626508717423;0.03191848428753177;0.3958529056178151;0.08658313179424464;0.012663840306161888;0.06594451750872049;0.003307288120967658;44585596934;2147483680;29540626790;1073872896;209;48;317;177;-7.819262000329316;0.09375;0.03125;random_934
3;0.22350086628715765;0.0027692807665022075;0.05262966994137647;0.43884178522662964;0.04310337257013177;0.00745609202988119;0.05762348469859703;0.17407544847972403;61744482434;2415919136;64229881568;1073872896;279;47;274;151;-7.8310026991560395;0.078125;0.046875;random_934
4;0.22350086628715765;0.0027692807665022075;0.05262966994137647;0.43884178522662964;0.04310337257013177;0.00745609202988119;0.05762348469859703;0.17407544847972403;61744482434;2415919136;64229881568;1073872896;279;47;273;152;-7.8382803302934265;0.078125;0.046875;random_934
5;0.22350086628715765;0.0027692807665022075;0.05262966994137647;0.43884178522662964;0.04310337257013177;0.00745609202988119;0.05762348469859703;0.17407544847972403;61744482434;2415919136;64229881568;1073872896;279;47;273;152;-7.838340397057954;0.078125;;random_934
0;0.08946716639563486;0.229166138003524;0.07096270096900012;0.04677988104893793;0.05408230070842078;0.2798088907194951;0.11732769717319452;0.11240522498179278;536871040;44090656770;11811291170;18257944576;79;193;258;221;;;;random_935
1;0.2652928102179358;0.15373269069199993;0.04602216215185193;0.05001752882531023;0.025126077006584698;0.33905860638957874;0.0012182451395121444;0.11953187957722651;1610752128;44090656770;29610352866;18257944576;131;170;308;142;-7.805828594024379;0.09375;0.046875;random_935
2;0.24583922759881016;0.08743795752925479;0.10132649713046628;0.051382160824446486;0.08725840913364279;0.3248062312263;0.004794632639486017;0.09715488391759348;1610752128;44090656770;29610352866;18257944576;154;159;313;125;-7.817063407430351;0.09375;0.046875;random_935
3;0.2380546354771868;0.11173900989189237;0.026105787627590093;0.2538020055267487;0.04185444016434565;0.24887557479368702;0.006384928033296779;0.07318361848525257;1610752128;44090656770;29610352866;1073872896;113;172;378;88;-7.7946811030807535;0.078125;0.03125;random_935
4;0.2380546354771868;0.11173900989189237;0.026105787627590093;0.2538020055267487;0.04185444016434565;0.24887557479368702;0.006384928033296779;0.07318361848525257;1610752128;44090656770;29610352866;1073872896;113;172;378;88;-7.829656883650524;0.078125;0.03125;random_935
5;0.2380546354771868;0.11173900989189237;0.026105787627590093;0.2538020055267487;0.04185444016434565;0.24887557479368702;0.006384928033296779;0.07318361848525257;1610752128;44090656770;29610352866;1073872896;113;172;378;88;-7.829656883650524;0.078125;;random_935
0;0.2263995917285835;0.018763407057834924;0.050703284572661676;0.21529284309547006;0.09559735004184575;0.2098492764189614;0.006836789124790901;0.1765574579598518;1610752128;44090656770;29610352866;1073872896;127;154;365;105;;;;random_936
1;0.29733882025190816;0.006585438005213238;0.09639513903075424;0.2184823345993384;0.06785395966563444;0.29924815921097253;0.009175559626182243;0.004920589609996752;1610752128;44090656770;29610352866;1073872896;124;162;363;102;-7.829191535086096;0.078125;0.046875;random_936
2;0.29733882025190816;0.006585438005213238;0.09639513903075424;0.2184823345993384;0.06785395966563444;0.29924815921097253;0.009175559626182243;0.004920589609996752;1610752128;44090656770;29610352866;1073872896;124;162;363;102;-7.849687072973529;0.09375;;random_936
0;0.17488502453231447;0.04654737462258704;0.038153948500316004;0.2982481169911376;0.1622794479414925;0.016034769783340907;0.04773678333195521;0.2161145342968564;34359740416;63355365730;20405682208;1610752128;51;348;160;192;;;;random_937
1;0.22350086628715765;0.0027692807665022075;0.05262966994137647;0.43884178522662964;0.04310337257013177;0.00745609202988119;0.05762348469859703;0.17407544847972403;34359740416;29610352866;20405682208;1610752128;44;401;149;157;-7.83054590269489;0.09375;0.0625;random_937
2;0.22350086628715765;0.0027692807665022075;0.05262966994137647;0.43884178522662964;0.04310337257013177;0.00745609202988119;0.05762348469859703;0.17407544847972403;34359740416;29610352866;20405682208;1610752128;44;401;150;156;-7.845846579045553;0.078125;0.046875;random_937
3;0.22350086628715765;0.0027692807665022075;0.05262966994137647;0.43884178522662964;0.04310337257013177;0.00745609202988119;0.05762348469859703;0.17407544847972403;34359740416;29610352866;20405682208;1610752128;44;401;150;156;-7.8456019221854545;0.09375;;random_937
0;0.08037783342040794;0.10076011457482528;0.07726070795860329;0.15603279442261456;0.13912888380831195;0.1652427995793821;0.15834551018606915;0.12285135604978573;2415919104;46707902626;26915008834;1610752128;65;295;239;152;;;;random_938
1;0.2380546354771868;0.11173900989189237;0.026105787627590093;0.2538020055267487;0.04185444016434565;0.24887557479368702;0.006384928033296779;0.07318361848525257;2415919104;46707902626;26847748162;1610752128;73;301;228;149;-7.7800765936410095;0.09375;0.046875;random_938
2;0.2380546354771868;0.11173900989189237;0.026105787627590093;0.2538020055267487;0.04185444016434565;0.24887557479368702;0.006384928033296779;0.07318361848525257;2415919104;46707902626;26847748162;1610752128;73;301;228;149;-7.822032161886425;0.078125;0.046875;random_938
3;0.2380546354771868;0.11173900989189237;0.026105787627590093;0.2538020055267487;0.04185444016434565;0.24887557479368702;0.006384928033296779;0.07318361848525257;2415919104;46707902626;26847748162;1610752128;73;301;228;149;-7.822032161886425;0.078125;;random_938
0;0.014484991365792246;0.27549713722137137;0.13051517742629654;0.01681961646896056;0.27337983997178844;0.1572784239942162;0.12656798055504886;0.005456832996525751;1610752128;61207611458;29800734774;2147483680;172;247;247;85;;;;random_939
1;0.21611918788694448;0.3117327483488714;0.02403749157487018;0.0841142104867187;0.01573054671542442;0.3142011756737392;0.015179628882736383;0.01888501043069522;1610752128;61207611458;29800661154;2147483680;189;231;224;107;-7.814225075928789;0.09375;0.046875;random_939
2;0.20351755227612883;0.11702777632732324;0.07684897614325388;0.15060676575082368;0.06044924340346322;0.37948267454670465;0.011261351265992668;0.0008056602863097856;1610752128;61207611458;29800661154;2147483680;166;241;221;123;-7.82231725332822;0.09375;0.03125;random_939
3;0.2380546354771868;0.11173900989189237;0.026105787627590093;0.2538020055267487;0.04185444016434565;0.24887557479368702;0.006384928033296779;0.07318361848525257;1073881088;61207611458;29800661154;2147483680;144;248;268;91;-7.820579160248806;0.078125;0.046875;random_939
4;0.20642446111882667;0.03247375426306101;0.008323848523663028;0.2607266687233741;0.10171287090797551;0.31275183634833637;0.0006962130348169285;0.07689034707994648;1073881088;61207611458;29800661154;2147483680;161;224;263;103;-7.838101886283118;0.078125;0.046875;random_939
5;0.2380546354771868;0.11173900989189237;0.026105787627590093;0.2538020055267487;0.04185444016434565;0.24887557479368702;0.006384928033296779;0.07318361848525257;1073881088;61207611458;29800661154;2147483680;144;248;268;91;-7.833637396738582;0.078125;0.046875;random_939
6;0.20642446111882667;0.03247375426306101;0.008323848523663028;0.2607266687233741;0.10171287090797551;0.31275183634833637;0.0006962130348169285;0.07689034707994648;1073881088;61207611458;29800661154;2147483680;161;224;263;103;-7.838101886283118;0.09375;0.046875;random_939
7;0.2380546354771868;0.11173900989189237;0.026105787627590093;0.2538020055267487;0.04185444016434565;0.24887557479368702;0.006384928033296779;0.07318361848525257;1073881088;61207611458;29800661154;2147483680;144;248;268;91;-7.833637396738582;0.09375;;random_939
0;0.2632847706349288;0.14729888109442474;0.07558028302238123;0.24817478921529132;0.10519829541157247;0.0003912845545817759;0.07005842611963835;0.09001326994718117;9126805634;2147483680;64163117378;27384742082;86;51;267;347;;;;random_94
1;0.3213706583755633;0.11903814318268968;0.017556143254973008;0.27872367736218245;0.15140872368796396;0.0725830103446137;0.006198745360259357;0.03312089843175478;10200686722;2147483680;64271383026;27395236032;194;74;265;218;-7.785588244150361;0.078125;0.046875;random_94
2;0.2366789100818342;0.1819432033667347;0.02595492144120827;0.25233527557337193;0.12282527776671816;0.1402530047885955;0.006348029328823759;0.033661377652713445;10200686722;2147483680;64271383026;27395236032;189;72;272;218;-7.796698785078089;0.09375;0.0625;random_94
3;0.2500791569798219;0.2354027773027801;0.014862273932091507;0.2486842722487812;0.05416282486031248;0.14072914265149306;0.02574566700541392;0.030333885019305878;10200686722;2147483680;64271383026;27395236032;187;72;282;210;-7.797033175561781;0.078125;0.0625;random_94
4;0.2500791569798219;0.2354027773027801;0.014862273932091507;0.2486842722487812;0.05416282486031248;0.14072914265149306;0.02574566700541392;0.030333885019305878;10200686722;2147483680;64271383026;27395236032;187;72;282;210;-7.800118906769624;0.078125;;random_94
0;0.11956196055274242;0.051148809592598606;0.2006505984762161;0.002195564242715062;0.1487642787875402;0.012200706133258013;0.19950103282960624;0.26597704938532335;2684354720;29609828386;8589934594;18257936384;152;307;49;243;;;;random_940
1;0.2629460835990283;0.016981998439379246;0.07517373410419614;0.06295064081652342;0.004622011647338709;0.013224385154515527;0.28598288421819046;0.27811826202082823;2684354720;29609828386;8589934594;18257936384;129;330;58;234;-7.748964664594228;0.078125;0.046875;random_940
2;0.24265488072094357;0.04774158604080464;0.12974322700013724;0.165487103809149;0.047542452493914734;0.0021567508552906506;0.0256253964842772;0.33904860259548303;4026540160;64163117378;9663819778;1073872896;178;314;130;129;-7.756855667812218;0.09375;0.046875;random_940
3;0.22350086628715765;0.0027692807665022075;0.05262966994137647;0.43884178522662964;0.04310337257013177;0.00745609202988119;0.05762348469859703;0.17407544847972403;4026540160;64229881568;9663815682;1073872896;173;264;185;129;-7.813185697196157;0.09375;0.046875;random_940
4;0.22350086628715765;0.0027692807665022075;0.05262966994137647;0.43884178522662964;0.04310337257013177;0.00745609202988119;0.05762348469859703;0.17407544847972403;4026540160;64229881568;9663815682;1073872896;173;264;185;129;-7.897287550701566;0.09375;0.046875;random_940
5;0.22350086628715765;0.0027692807665022075;0.05262966994137647;0.43884178522662964;0.04310337257013177;0.00745609202988119;0.05762348469859703;0.17407544847972403;4026540160;64229881568;9663815682;1073872896;173;264;185;129;-7.897287550701566;0.078125;;random_940
0;0.009933483950124914;0.02363739384378246;0.11822644764735435;0.2252804255832527;0.09434780945744917;0.141152047042708;0.17464855451522562;0.21277383796010288;536871040;29610352866;18257809408;1073872896;74;484;83;110;;;;random_941
1;0.22350086628715765;0.0027692807665022075;0.05262966994137647;0.43884178522662964;0.04310337257013177;0.00745609202988119;0.05762348469859703;0.17407544847972403;1610752128;29610352866;18257936384;1073872896;140;415;121;75;-7.738109597286019;0.078125;0.03125;random_941
2;0.22350086628715765;0.0027692807665022075;0.05262966994137647;0.43884178522662964;0.04310337257013177;0.00745609202988119;0.05762348469859703;0.17407544847972403;1610752128;29610352866;18257936384;1073872896;140;415;121;75;-7.853764635352317;0.09375;0.03125;random_941
3;0.22350086628715765;0.0027692807665022075;0.05262966994137647;0.43884178522662964;0.04310337257013177;0.00745609202988119;0.05762348469859703;0.17407544847972403;1610752128;29610352866;18257936384;1073872896;140;415;121;75;-7.853764635352317;0.078125;;random_941
0;0.04041759035009911;0.20810270160650796;0.1430292486633848;0.18394139827824713;0.06748308609694269;0.11418629600810143;0.04771091812333457;0.19512876087338232;34359740416;29602427378;18257936384;1610752128;106;406;124;115;;;;random_942
1;0.3188267260209409;0.3125167311315185;0.01233475156003031;0.05729383544931351;0.06127058421008044;0.16402134228503878;0.02036627212274369;0.05336975722033394;35433613312;29610352866;18257936384;1610752128;174;332;147;98;-7.752625112784599;0.09375;0.03125;random_942
2;0.2526542830843927;0.18668396011088545;0.021331413327387593;0.2591310565658573;0.0622932278017316;0.20683089346856998;0.0006388279167979416;0.010436337724377494;35433613312;29610352866;18257944576;1073881088;127;455;107;62;-7.802926528950053;0.078125;0.046875;random_942
3;0.2585822074963775;0.24340680983118684;0.015367612591904962;0.25713989468106124;0.01733696532270407;0.15018017273826395;0.026621056661126484;0.031365280677374895;35433613312;29610352866;18257944576;1073881088;144;438;107;62;-7.823881571088939;0.09375;0.0625;random_942
4;0.2585822074963775;0.24340680983118684;0.015367612591904962;0.25713989468106124;0.01733696532270407;0.15018017273826395;0.026621056661126484;0.031365280677374895;35433613312;29610352866;18257944576;1073881088;144;438;107;62;-7.826133413029171;0.09375;;random_942
0;0.0629341857108327;0.16868047897664817;0.12856166022973226;0.0152551054709184;0.12678801327266245;0.24130233570437415;0.1627142690723694;0.09376395156246232;2684354720;46802282550;18320720128;29534331042;69;228;131;323;;;;random_943
1;0.15983828140870956;0.31634608926652114;0.03398207493619413;0.006263938844708587;0.2917080292596274;0.004233811715254074;0.024263881652758203;0.16336389291622705;2684354720;63355365730;1073872896;29534331042;83;223;143;302;-7.725221925611854;0.109375;0.046875;random_943
2;0.38589812353111147;0.33822650530596715;0.025394866539336865;0.0870196693724164;0.07977728595257258;0.011696213496250043;0.03381265441055873;0.03817468139178661;2684354720;63355365730;1073872896;29534331042;49;240;142;320;-7.830608213546894;0.09375;0.03125;random_943
3;0.3213706583755633;0.11903814318268968;0.017556143254973008;0.27872367736218245;0.15140872368796396;0.0725830103446137;0.006198745360259357;0.03312089843175478;2684354720;61207873600;1073872896;29534331042;93;236;134;288;-7.813111795316401;0.09375;0.046875;random_943
4;0.22350086628715765;0.0027692807665022075;0.05262966994137647;0.43884178522662964;0.04310337257013177;0.00745609202988119;0.05762348469859703;0.17407544847972403;2684354720;61207873600;1073872896;29534331042;97;198;156;300;-7.825889254770726;0.09375;0.046875;random_943
5;0.22350086628715765;0.0027692807665022075;0.05262966994137647;0.43884178522662964;0.04310337257013177;0.00745609202988119;0.05762348469859703;0.17407544847972403;2684354720;61207873600;1073872896;29534331042;97;198;156;300;-7.8631235157403205;0.078125;;random_943
0;0.10018945765662045;0.1741601515625897;0.15029178631358775;0.02494612353440128;0.11949644230934277;0.04469369806414057;0.22007895649105524;0.1661433840682622;2684354720;46802282550;8589934594;18257936384;112;340;37;262;;;;random_944
1;0.23100146817560832;0.28560526106641454;0.048180961704098677;0.07155834578377031;0.1489056167349243;0.024893341860084312;0.01694696935742803;0.1729080353176716;3758620832;64205240658;9663815682;18257944576;182;294;113;162;-7.733732198563245;0.078125;0.046875;random_944
2;0.23100146817560832;0.28560526106641454;0.048180961704098677;0.07155834578377031;0.1489056167349243;0.024893341860084312;0.01694696935742803;0.1729080353176716;3758620832;64205240658;9663815682;18257944576;182;294;113;162;-7.792983643412639;0.078125;0.046875;random_944
3;0.23100146817560832;0.28560526106641454;0.048180961704098677;0.07155834578377031;0.1489056167349243;0.024893341860084312;0.01694696935742803;0.1729080353176716;3758620832;64205240658;9663815682;18257944576;182;294;113;162;-7.792983643412639;0.078125;;random_944
0;0.0385774167729172;0.11822160005836718;0.03720811320473541;0.17626199152215383;0.3918115241288302;0.031792979457499336;0.07875297520149793;0.12737339965399902;536871040;68520487010;26847879232;11811291170;81;197;240;233;;;;random_945
1;0.22350086628715765;0.0027692807665022075;0.05262966994137647;0.43884178522662964;0.04310337257013177;0.00745609202988119;0.05762348469859703;0.17407544847972403;1610752128;63971487074;26847879232;11811291170;199;188;188;176;-7.738803979861864;0.078125;0.046875;random_945
2;0.22350086628715765;0.0027692807665022075;0.05262966994137647;0.43884178522662964;0.04310337257013177;0.00745609202988119;0.05762348469859703;0.17407544847972403;1610752128;63971487074;26847879232;11811291170;200;187;188;176;-7.801704736627056;0.078125;0.03125;random_945
3;0.22350086628715765;0.0027692807665022075;0.05262966994137647;0.43884178522662964;0.04310337257013177;0.00745609202988119;0.05762348469859703;0.17407544847972403;1610752128;63971487074;26847879232;11811291170;200;187;188;176;-7.801957685819034;0.078125;;random_945
0;0.11799842824853446;0.18428896823802818;0.15555865224952142;0.03799032452396214;0.13425563172721258;0.10519941117859444;0.09295488933699926;0.1717536944971475;2684354720;46802282550;29327761760;18257936384;125;255;177;194;;;;random_946
1;0.3188267260209409;0.3125167311315185;0.01233475156003031;0.05729383544931351;0.06127058421008044;0.16402134228503878;0.02036627212274369;0.05336975722033394;2684354720;61744482434;29327302754;18257944576;90;269;225;167;-7.729083452671482;0.078125;0.046875;random_946
2;0.2366789100818342;0.1819432033667347;0.02595492144120827;0.25233527557337193;0.12282527776671816;0.1402530047885955;0.006348029328823759;0.033661377652713445;2684354720;61744482434;29610352866;1073881088;94;215;290;152;-7.805280987134597;0.078125;0.0625;random_946
3;0.2366789100818342;0.1819432033667347;0.02595492144120827;0.25233527557337193;0.12282527776671816;0.1402530047885955;0.006348029328823759;0.033661377652713445;2684354720;61744482434;29610352866;1073881088;94;215;290;152;-7.836483099095197;0.078125;0.0625;random_946
4;0.2366789100818342;0.1819432033667347;0.02595492144120827;0.25233527557337193;0.12282527776671816;0.1402530047885955;0.006348029328823759;0.033661377652713445;2684354720;61744482434;29610352866;1073881088;94;215;290;152;-7.836483099095197;0.078125;;random_946
0;0.20225580627787826;0.04718593664690333;0.05673185747085886;0.3170634954377196;0.02758229180445365;0.04742818964251332;0.22460355622871;0.077148866490963;536871040;2415919136;1073881088;29610352866;48;31;188;484;;;;random_947
1;0.22350086628715765;0.0027692807665022075;0.05262966994137647;0.43884178522662964;0.04310337257013177;0.00745609202988119;0.05762348469859703;0.17407544847972403;1610752128;2415919136;1073872896;29610352866;155;46;119;431;-7.823886265765519;0.078125;0.046875;random_947
2;0.22350086628715765;0.0027692807665022075;0.05262966994137647;0.43884178522662964;0.04310337257013177;0.00745609202988119;0.05762348469859703;0.17407544847972403;1610752128;2415919136;1073872896;29610352866;155;46;118;432;-7.872818554810086;0.09375;0.03125;random_947
3;0.22350086628715765;0.0027692807665022075;0.05262966994137647;0.43884178522662964;0.04310337257013177;0.00745609202988119;0.05762348469859703;0.17407544847972403;1610752128;2415919136;1073872896;29610352866;155;46;118;432;-7.872377247269405;0.078125;;random_947
0;0.24625183902736;0.12400734948156836;0.1437985352544155;0.03834574177145456;0.00839528897534765;0.22632068921721224;0.02205558696707869;0.19082496930556322;1610752128;9663815682;52617677056;29610352866;117;113;187;334;;;;random_948
1;0.35536557504575755;0.038265523519394884;0.00450023963246392;0.001360380912786598;0.016291722576489084;0.3531279735521729;0.10437146840750454;0.12671711635343055;18794832000;9663815682;52617676800;29611143330;184;120;149;298;-7.798644410933908;0.078125;0.046875;random_948
2;0.35536557504575755;0.038265523519394884;0.00450023963246392;0.001360380912786598;0.016291722576489084;0.3531279735521729;0.10437146840750454;0.12671711635343055;18794832000;9663815682;52617676800;29611143330;184;121;148;298;-7.842248762180872;0.078125;0.03125;random_948
3;0.35536557504575755;0.038265523519394884;0.00450023963246392;0.001360380912786598;0.016291722576489084;0.3531279735521729;0.10437146840750454;0.12671711635343055;18794832000;9663815682;52617676800;29611143330;184;121;148;298;-7.842134989936709;0.078125;;random_948
0;0.17553796093263704;0.16931990313887926;0.09786608314916724;0.246891088475811;0.13082562100538736;0.04939416856598963;0.018301624140418988;0.11186355059170945;2415919136;63624054786;26915008834;1610752128;49;264;254;184;;;;random_949
1;0.22350086628715765;0.0027692807665022075;0.05262966994137647;0.43884178522662964;0.04310337257013177;0.00745609202988119;0.05762348469859703;0.17407544847972403;2415919136;61208149506;26847879232;1610752128;58;241;233;219;-7.793960094489715;0.09375;0.03125;random_949
2;0.22350086628715765;0.0027692807665022075;0.05262966994137647;0.43884178522662964;0.04310337257013177;0.00745609202988119;0.05762348469859703;0.17407544847972403;2415919136;61208149506;26847879232;1610752128;58;241;233;219;-7.855805569360026;0.078125;0.046875;random_949
3;0.22350086628715765;0.0027692807665022075;0.05262966994137647;0.43884178522662964;0.04310337257013177;0.00745609202988119;0.05762348469859703;0.17407544847972403;2415919136;61208149506;26847879232;1610752128;58;241;233;219;-7.855805569360026;0.09375;;random_949
0;0.16226902922435088;0.08663578932659115;0.0840063348973958;0.063507707766369;0.16640723513647523;0.17856614007451416;0.18742117342729372;0.07118659014701001;536871040;2147483680;25769804098;29800661154;59;77;116;499;;;;random_95
1;0.45249803974032876;0.015998319980197045;0.32658574236170335;0.012063972968431229;0.05414171338312983;0.01500825265715381;0.11978440413503287;0.003919554774023344;35970484352;2147483680;25769804098;29534331042;210;50;97;394;-7.735569966102856;0.078125;0.0625;random_95
2;0.2733434987265134;0.009451244750347686;0.2398005343986876;0.2401717970099991;0.14574613539676542;0.02565288041491666;0.03355627799325328;0.03227763130951691;1073881088;2415919136;29327761760;29534331042;123;45;212;371;-7.771224070915491;0.078125;0.046875;random_95
3;0.22350086628715765;0.0027692807665022075;0.05262966994137647;0.43884178522662964;0.04310337257013177;0.00745609202988119;0.05762348469859703;0.17407544847972403;1073872896;2415919136;29058605408;29534331042;164;48;181;358;-7.80748415403856;0.078125;0.03125;random_95
4;0.22350086628715765;0.0027692807665022075;0.05262966994137647;0.43884178522662964;0.04310337257013177;0.00745609202988119;0.05762348469859703;0.17407544847972403;1073872896;2415919136;29058605408;29534331042;164;48;181;358;-7.848500926361029;0.078125;0.046875;random_95
5;0.22350086628715765;0.0027692807665022075;0.05262966994137647;0.43884178522662964;0.04310337257013177;0.00745609202988119;0.05762348469859703;0.17407544847972403;1073872896;2415919136;29058605408;29534331042;164;48;181;358;-7.848500926361029;0.09375;;random_95
0;0.16764974645524197;0.060746058021686006;0.20463683323404505;0.029977313965101244;0.13012766042973195;0.14797729651468802;0.22636517161707886;0.03251991976242692;9126805634;2147483680;29534331042;34359740416;70;54;564;63;;;;random_950
1;0.3654385366671609;0.13866785552606806;0.0018778672905659368;0.16532125704780357;0.137943764862944;0.06497480183749599;0.08000235854611207;0.045773558221849565;9126805634;2147483680;29610352866;35433613312;77;46;453;175;-7.747654063478603;0.09375;0.03125;random_950
2;0.40072647367377445;0.00310362567010429;0.0033302005369709063;0.3927380356007213;0.046225443549343416;0.03708592971439797;0.06602574663090753;0.05076454462378014;61744482434;2147483680;29530141040;1073872896;263;61;277;150;-7.810555435038211;0.078125;0.03125;random_950
3;0.22350086628715765;0.0027692807665022075;0.05262966994137647;0.43884178522662964;0.04310337257013177;0.00745609202988119;0.05762348469859703;0.17407544847972403;61744482434;2415919136;29530141040;1073872896;286;50;269;146;-7.839396573345442;0.078125;0.046875;random_950
4;0.22350086628715765;0.0027692807665022075;0.05262966994137647;0.43884178522662964;0.04310337257013177;0.00745609202988119;0.05762348469859703;0.17407544847972403;61744482434;2415919136;29530141040;1073872896;287;50;268;146;-7.837794642550649;0.09375;0.046875;random_950
5;0.22350086628715765;0.0027692807665022075;0.05262966994137647;0.43884178522662964;0.04310337257013177;0.00745609202988119;0.05762348469859703;0.17407544847972403;61744482434;2415919136;29530141040;1073872896;287;50;268;146;-7.837948283050312;0.078125;;random_950
0;0.0007193853447256908;0.22922047962581701;0.06473420396326976;0.24553390119638316;0.014131271646648173;0.2107377116206617;0.1678170915225197;0.06710595507997487;34359740416;29610352866;18257809408;1610752128;103;442;72;134;;;;random_951
1;0.2500791569798219;0.2354027773027801;0.014862273932091507;0.2486842722487812;0.05416282486031248;0.14072914265149306;0.02574566700541392;0.030333885019305878;35433613312;29610352866;18257944576;1610752128;142;422;129;58;-7.748720791590996;0.09375;0.046875;random_951
2;0.2366789100818342;0.1819432033667347;0.02595492144120827;0.25233527557337193;0.12282527776671816;0.1402530047885955;0.006348029328823759;0.033661377652713445;35433613312;29610352866;18257944576;1610752128;128;436;130;57;-7.810101913436365;0.09375;0.03125;random_951
3;0.2366789100818342;0.1819432033667347;0.02595492144120827;0.25233527557337193;0.12282527776671816;0.1402530047885955;0.006348029328823759;0.033661377652713445;35433613312;29610352866;18257944576;1610752128;128;436;130;57;-7.809268071115786;0.078125;;random_951
0;0.10187106536812712;0.10390091398794557;0.014780794719506073;0.14739280670185495;0.19895295185066855;0.13357365242008856;0.13656732308448402;0.16296049186732517;34359740416;29610352866;2415919104;1610752128;66;428;61;196;;;;random_952
1;0.30522206586436296;0.04868402081309793;0.03583363664666638;0.2916528238407722;0.0007329383397563701;0.27595291718955317;0.007092754580266215;0.03482884272552479;35433613312;29610352866;2415919104;1073881088;82;465;70;134;-7.800792578434805;0.09375;0.046875;random_952
2;0.30522206586436296;0.04868402081309793;0.03583363664666638;0.2916528238407722;0.0007329383397563701;0.27595291718955317;0.007092754580266215;0.03482884272552479;35433613312;29610352866;2415919104;1073881088;82;465;70;134;-7.862267535743202;0.09375;0.03125;random_952
3;0.30522206586436296;0.04868402081309793;0.03583363664666638;0.2916528238407722;0.0007329383397563701;0.27595291718955317;0.007092754580266215;0.03482884272552479;35433613312;29610352866;2415919104;1073881088;82;465;70;134;-7.862267535743202;0.078125;;random_952
0;0.1734698863789687;0.1820697858958779;0.09130293008377044;0.17512610703888;0.06657380274339754;0.1348450212421715;0.17360425546060299;0.003008211156330885;536871040;2147483680;18811592704;29540626790;30;49;243;429;;;;random_953
1;0.21441745143005972;0.1441016272306112;0.044044851136924176;0.40824856950054417;0.1047067635431164;0.013060393434033321;0.06800949180181319;0.0034108519228977572;536871040;2147483680;18811592704;29540626790;24;48;283;396;-7.813811496179195;0.09375;0.03125;random_953
2;0.26400356727738417;0.13972626508717423;0.03191848428753177;0.3958529056178151;0.08658313179424464;0.012663840306161888;0.06594451750872049;0.003307288120967658;35433613312;2147483680;18811592704;29540626790;120;41;197;393;-7.87759533130115;0.078125;0.046875;random_953
3;0.22350086628715765;0.0027692807665022075;0.05262966994137647;0.43884178522662964;0.04310337257013177;0.00745609202988119;0.05762348469859703;0.17407544847972403;1073872896;2415919136;18794807424;29610352866;104;40;205;402;-7.85680270025501;0.09375;0.046875;random_953
4;0.22350086628715765;0.0027692807665022075;0.05262966994137647;0.43884178522662964;0.04310337257013177;0.00745609202988119;0.05762348469859703;0.17407544847972403;1073872896;2415919136;18794807424;29610352866;104;40;205;402;-7.8806399958518725;0.078125;0.046875;random_953
5;0.22350086628715765;0.0027692807665022075;0.05262966994137647;0.43884178522662964;0.04310337257013177;0.00745609202988119;0.05762348469859703;0.17407544847972403;1073872896;2415919136;18794807424;29610352866;104;40;205;402;-7.8806399958518725;0.09375;;random_953
0;0.18599633686464825;0.1788249278870632;0.04151853472223498;0.08278288864804745;0.024835990675156582;0.15096956089238617;0.15707689524000984;0.17799486507045356;536871040;42949675010;29610352866;1073881088;67;127;408;149;;;;random_954
1;0.34314325560387116;0.03556848054081891;0.08244544717550244;0.2483312542942355;0.10030174320740712;0.026348300356753486;0.009152220805661353;0.15470929801575004;1610752128;44090656770;29610352866;1073872896;134;167;338;112;-7.7648019609546814;0.078125;0.046875;random_954
2;0.22350086628715765;0.0027692807665022075;0.05262966994137647;0.43884178522662964;0.04310337257013177;0.00745609202988119;0.05762348469859703;0.17407544847972403;1610752128;44090656770;29610352866;1073872896;151;157;305;138;-7.823749950854555;0.078125;0.046875;random_954
3;0.22350086628715765;0.0027692807665022075;0.05262966994137647;0.43884178522662964;0.04310337257013177;0.00745609202988119;0.05762348469859703;0.17407544847972403;1610752128;44090656770;29610352866;1073872896;151;157;305;138;-7.8761050239141195;0.078125;;random_954
0;0.10535039290352897;0.15036115241562464;0.20133243398942954;0.02228428750389004;0.028436525129337694;0.19516038486484383;0.10547389490860172;0.19160092828474348;536871040;44090656770;29534331042;29811212306;73;194;319;165;;;;random_955
1;0.08365946100027769;0.041121742231133386;0.09186568040930077;0.044696011818012756;0.21723168090227032;0.3311928691550277;0.0033295270512081624;0.18690302743276893;1610752128;1073872896;29610352866;3489800192;130;134;374;113;-7.770691441898024;0.078125;0.046875;random_955
2;0.08365946100027769;0.041121742231133386;0.09186568040930077;0.044696011818012756;0.21723168090227032;0.3311928691550277;0.0033295270512081624;0.18690302743276893;1610752128;1073872896;29610352866;3489800192;130;134;374;113;-7.831225413677393;0.078125;0.03125;random_955
3;0.08365946100027769;0.041121742231133386;0.09186568040930077;0.044696011818012756;0.21723168090227032;0.3311928691550277;0.0033295270512081624;0.18690302743276893;1610752128;1073872896;29610352866;3489800192;130;134;374;113;-7.831225413677393;0.09375;;random_955
0;4.2154470718239056e-05;0.032244400598889764;0.1032531171056781;0.11147033072938427;0.23371704717356848;0.1429010303438893;0.25732165808989077;0.11905026148798119;34359740416;29626667110;2415919104;1610752128;18;426;58;249;;;;random_956
1;0.2656090911089838;0.01884687944855792;0.03543411274683017;0.13200102992498403;0.024849983397286245;0.3665970267701169;0.020291817661606877;0.1363700589416341;1073872896;29610352866;3489800192;1610752128;140;353;110;148;-7.750109739373017;0.078125;0.046875;random_956
2;0.1630698429893746;0.00407268318921882;0.09797735637200568;0.2025790815233156;0.07132255533094715;0.3329994162083449;0.0012882034078602433;0.12669086097893295;1073872896;29610352866;3489800192;1610752128;127;397;101;126;-7.841502263764516;0.078125;0.046875;random_956
3;0.1630698429893746;0.00407268318921882;0.09797735637200568;0.2025790815233156;0.07132255533094715;0.3329994162083449;0.0012882034078602433;0.12669086097893295;1073872896;29610352866;3489800192;1610752128;127;397;101;126;-7.837158738835387;0.078125;;random_956
0;0.022823953943288667;0.15609174514444518;0.1400881995775619;0.18727696393793505;0.21807931549487866;0.020076994794961712;0.210478680346868;0.04508414676006094;1610752128;63355365730;26847879232;9663815682;170;276;177;128;;;;random_957
1;0.29367196430529735;0.0431497126012566;0.2162087121398788;0.3542349238155285;0.010690672475181013;0.005330983715718444;0.007158337437897366;0.06955469350924194;1610752128;63355365730;26847879232;9663815682;200;225;199;127;-7.798167013479562;0.078125;0.0625;random_957
2;0.22350086628715765;0.0027692807665022075;0.05262966994137647;0.43884178522662964;0.04310337257013177;0.00745609202988119;0.05762348469859703;0.17407544847972403;1610752128;63355365730;26847879232;11811291170;221;171;182;177;-7.81189829355686;0.078125;0.046875;random_957
3;0.22350086628715765;0.0027692807665022075;0.05262966994137647;0.43884178522662964;0.04310337257013177;0.00745609202988119;0.05762348469859703;0.17407544847972403;1610752128;63355365730;26847879232;11811291170;221;171;182;177;-7.813665728477189;0.078125;0.03125;random_957
4;0.22350086628715765;0.0027692807665022075;0.05262966994137647;0.43884178522662964;0.04310337257013177;0.00745609202988119;0.05762348469859703;0.17407544847972403;1610752128;63355365730;26847879232;11811291170;221;171;182;177;-7.813665728477189;0.078125;;random_957
0;0.1717703835722875;0.3549588151194829;0.05323865185441186;0.08304216235942397;0.16827206292775168;0.024023996527242346;0.11387758784602435;0.03081633979337528;9126805634;2147483680;29800661154;18796912912;81;43;361;266;;;;random_958
1;0.40072647367377445;0.00310362567010429;0.0033302005369709063;0.3927380356007213;0.046225443549343416;0.03708592971439797;0.06602574663090753;0.05076454462378014;44090656770;2415919136;29610352866;18794832000;170;54;256;271;-7.80213856736763;0.09375;0.046875;random_958
2;0.22350086628715765;0.0027692807665022075;0.05262966994137647;0.43884178522662964;0.04310337257013177;0.00745609202988119;0.05762348469859703;0.17407544847972403;44090656770;2415919136;64229881568;18794807424;218;50;223;260;-7.8800910385535845;0.09375;0.046875;random_958
3;0.22350086628715765;0.0027692807665022075;0.05262966994137647;0.43884178522662964;0.04310337257013177;0.00745609202988119;0.05762348469859703;0.17407544847972403;44090656770;2415919136;64229881568;18794807424;218;50;223;260;-7.884359220432953;0.078125;0.03125;random_958
4;0.22350086628715765;0.0027692807665022075;0.05262966994137647;0.43884178522662964;0.04310337257013177;0.00745609202988119;0.05762348469859703;0.17407544847972403;44090656770;2415919136;64229881568;18794807424;218;50;223;260;-7.884359220432953;0.078125;;random_958
0;0.11033081090018233;0.13261122645507853;0.17329427797331515;0.2135271177808519;0.10121310920464992;0.14520009909845988;0.013892614743585862;0.10993074384387641;2415919104;44090656770;29610352866;1073881088;61;180;410;100;;;;random_959
1;0.2380546354771868;0.11173900989189237;0.026105787627590093;0.2538020055267487;0.04185444016434565;0.24887557479368702;0.006384928033296779;0.07318361848525257;2415919104;44090656770;29610352866;1073881088;70;179;358;144;-7.810933715685225;0.09375;0.03125;random_959
2;0.20642446111882667;0.03247375426306101;0.008323848523663028;0.2607266687233741;0.10171287090797551;0.31275183634833637;0.0006962130348169285;0.07689034707994648;2415919104;44090656770;29565784290;1073881088;84;159;336;172;-7.851099297758951;0.078125;0.046875;random_959
3;0.1536894198364882;0.002031259805225586;0.015509271266870073;0.24031944545001954;0.08378739188450274;0.3347126832399806;0.042266667114845044;0.12768386140206808;2415919104;44090656770;29565784290;1073881088;98;138;339;176;-7.847482670748459;0.078125;0.03125;random_959
4;0.1630698429893746;0.00407268318921882;0.09797735637200568;0.2025790815233156;0.07132255533094715;0.3329994162083449;0.0012882034078602433;0.12669086097893295;3489800192;44090656770;29610352866;1073872896;102;140;372;137;-7.846846156902229;0.09375;0.046875;random_959
5;0.1630698429893746;0.00407268318921882;0.09797735637200568;0.2025790815233156;0.07132255533094715;0.3329994162083449;0.0012882034078602433;0.12669086097893295;3489800192;44090656770;29610352866;1073872896;102;140;372;137;-7.845462033926394;0.09375;0.046875;random_959
6;0.1630698429893746;0.00407268318921882;0.09797735637200568;0.2025790815233156;0.07132255533094715;0.3329994162083449;0.0012882034078602433;0.12669086097893295;3489800192;44090656770;29610352866;1073872896;102;140;372;137;-7.845462033926394;0.09375;;random_959
0;0.22584387395852798;0.18510751182285695;0.15794716985113702;0.05724466692350488;0.05059843254707198;0.0388148663250053;0.21570095591243268;0.06874252265946323;9126805634;2415919136;29534331042;1073872896;81;38;472;160;;;;random_96
1;0.34371203770743186;0.03363230490021571;0.1343983704314524;0.26756594573415254;0.009646747055790671;0.02526603220970273;0.13853917245186928;0.047239389509384694;43486546050;2415919136;29610352866;1073872896;124;40;435;152;-7.77829184996148;0.078125;0.046875;random_96
2;0.26400356727738417;0.13972626508717423;0.03191848428753177;0.3958529056178151;0.08658313179424464;0.012663840306161888;0.06594451750872049;0.003307288120967658;44585596934;2147483680;29540626790;1073872896;209;48;317;177;-7.819262000329316;0.078125;0.046875;random_96
3;0.22350086628715765;0.0027692807665022075;0.05262966994137647;0.43884178522662964;0.04310337257013177;0.00745609202988119;0.05762348469859703;0.17407544847972403;61744482434;2415919136;64229881568;1073872896;279;47;274;151;-7.8310026991560395;0.078125;0.0625;random_96
4;0.22350086628715765;0.0027692807665022075;0.05262966994137647;0.43884178522662964;0.04310337257013177;0.00745609202988119;0.05762348469859703;0.17407544847972403;61744482434;2415919136;64229881568;1073872896;279;47;273;152;-7.8382803302934265;0.078125;0.046875;random_96
5;0.22350086628715765;0.0027692807665022075;0.05262966994137647;0.43884178522662964;0.04310337257013177;0.00745609202988119;0.05762348469859703;0.17407544847972403;61744482434;2415919136;64229881568;1073872896;279;47;273;152;-7.838340397057954;0.09375;;random_96
0;0.22032817884795192;0.14999377022675003;0.09499392157790577;0.022601496322506576;0.1262661942491031;0.23266036292141837;0.0187136125650567;0.13444246328930762;1610752128;29062463522;9730924610;1073872896;187;353;123;88;;;;random_960
1;0.1630698429893746;0.00407268318921882;0.09797735637200568;0.2025790815233156;0.07132255533094715;0.3329994162083449;0.0012882034078602433;0.12669086097893295;1610752128;29062463522;9730924610;1073872896;153;329;163;106;-7.817128209519556;0.09375;0.046875;random_960
2;0.29733882025190816;0.006585438005213238;0.09639513903075424;0.2184823345993384;0.06785395966563444;0.29924815921097253;0.009175559626182243;0.004920589609996752;1610752128;29534331042;9730924610;1073872896;124;347;170;110;-7.845921752849945;0.09375;0.046875;random_960
3;0.2380546354771868;0.11173900989189237;0.026105787627590093;0.2538020055267487;0.04185444016434565;0.24887557479368702;0.006384928033296779;0.07318361848525257;1610752128;29534331042;9730924610;1073872896;127;349;165;110;-7.844471570159193;0.09375;0.046875;random_960
4;0.34884434049438995;0.00273272513097807;0.06775407423558436;0.38042746609519695;0.011189118644623321;0.09961849730817919;0.034426194101241654;0.05500758398980671;1610752128;29534331042;9730924610;1073872896;144;309;173;125;-7.841300288095217;0.078125;0.03125;random_960
5;0.22350086628715765;0.0027692807665022075;0.05262966994137647;0.43884178522662964;0.04310337257013177;0.00745609202988119;0.05762348469859703;0.17407544847972403;1610752128;29062463522;29058605408;1073872896;180;229;213;129;-7.832490981247004;0.078125;0.03125;random_960
6;0.22350086628715765;0.0027692807665022075;0.05262966994137647;0.43884178522662964;0.04310337257013177;0.00745609202988119;0.05762348469859703;0.17407544847972403;1610752128;29062463522;29058605408;1073872896;180;229;213;129;-7.879179788046749;0.078125;0.046875;random_960
7;0.22350086628715765;0.0027692807665022075;0.05262966994137647;0.43884178522662964;0.04310337257013177;0.00745609202988119;0.05762348469859703;0.17407544847972403;1610752128;29062463522;29058605408;1073872896;180;229;213;129;-7.879179788046749;0.09375;;random_960
0;0.12442543048160987;0.22165483533602484;0.04411432295636746;0.04996453819889397;0.208970874151847;0.1984503525980042;0.15108934142454505;0.0013303048527075502;9126805634;2147483680;29540626790;18257936384;83;61;361;246;;;;random_961
1;0.3462756393079222;0.008205280802740194;0.004277236468970023;0.1072427835096712;0.20480471150285293;0.033308968913574766;0.2223050048994628;0.0735803745948058;43486546050;2147483680;29632917990;18257936384;87;41;407;216;-7.779553680970874;0.078125;0.046875;random_961
2;0.40072647367377445;0.00310362567010429;0.0033302005369709063;0.3927380356007213;0.046225443549343416;0.03708592971439797;0.06602574663090753;0.05076454462378014;61744482434;2147483680;29530141040;18257944576;231;58;235;227;-7.810324012193956;0.09375;0.0625;random_961
3;0.22350086628715765;0.0027692807665022075;0.05262966994137647;0.43884178522662964;0.04310337257013177;0.00745609202988119;0.05762348469859703;0.17407544847972403;61744482434;2415919136;29530141040;18257944576;259;49;237;206;-7.866983082327938;0.078125;0.046875;random_961
4;0.22350086628715765;0.0027692807665022075;0.05262966994137647;0.43884178522662964;0.04310337257013177;0.00745609202988119;0.05762348469859703;0.17407544847972403;61744482434;2415919136;29530141040;18257944576;259;49;237;206;-7.8540047159226445;0.078125;0.046875;random_961
5;0.22350086628715765;0.0027692807665022075;0.05262966994137647;0.43884178522662964;0.04310337257013177;0.00745609202988119;0.05762348469859703;0.17407544847972403;61744482434;2415919136;29530141040;18257944576;259;49;237;206;-7.8540047159226445;0.078125;;random_961
0;0.1609410633633138;0.18571856163512832;0.12553885994601618;0.17552983614332196;0.1425365300214997;0.128683277049135;0.06606877148767845;0.014983100353906516;1073881088;2147483680;20961435680;29803290626;135;40;227;349;;;;random_962
1;0.28781070354548244;0.055796013662973175;0.025259102217814636;0.2890178041962452;0.036218807741291055;0.23046486245127196;0.0734298625641276;0.002002843620793949;1073872896;2147483680;20961435680;29803290626;162;31;208;350;-7.7996470751317695;0.078125;0.046875;random_962
2;0.34884434049438995;0.00273272513097807;0.06775407423558436;0.38042746609519695;0.011189118644623321;0.09961849730817919;0.034426194101241654;0.05500758398980671;1073872896;2147483680;18794807424;29610352866;69;68;211;403;-7.814071513972944;0.078125;0.046875;random_962
3;0.22350086628715765;0.0027692807665022075;0.05262966994137647;0.43884178522662964;0.04310337257013177;0.00745609202988119;0.05762348469859703;0.17407544847972403;1073872896;2415919136;18794807424;29610352866;104;40;205;402;-7.875176206146897;0.078125;0.03125;random_962
4;0.22350086628715765;0.0027692807665022075;0.05262966994137647;0.43884178522662964;0.04310337257013177;0.00745609202988119;0.05762348469859703;0.17407544847972403;1073872896;2415919136;18794807424;29610352866;104;40;205;402;-7.8806399958518725;0.078125;0.0625;random_962
5;0.22350086628715765;0.0027692807665022075;0.05262966994137647;0.43884178522662964;0.04310337257013177;0.00745609202988119;0.05762348469859703;0.17407544847972403;1073872896;2415919136;18794807424;29610352866;104;40;205;402;-7.8806399958518725;0.09375;;random_962
0;0.0188467290813392;0.2639532485331444;0.26921062447599814;0.22623957416698093;0.01752985167534841;0.11678276758019275;0.0799745273085998;0.007462677178396168;1073881088;61746587650;29530141040;8589934594;104;282;280;85;;;;random_963
1;0.22640489491937024;0.14040778342269264;0.23553400791039525;0.22551251693419355;0.02247310429551629;0.10390134101795649;0.01008702381414555;0.03567932768572991;1073881088;61746587650;29532451296;9663815682;128;240;292;91;-7.780547986727674;0.09375;0.046875;random_963
2;0.22350086628715765;0.0027692807665022075;0.05262966994137647;0.43884178522662964;0.04310337257013177;0.00745609202988119;0.05762348469859703;0.17407544847972403;1073872896;61746587650;29532451296;9663815682;166;208;267;110;-7.7768479704682045;0.078125;0.046875;random_963
3;0.22350086628715765;0.0027692807665022075;0.05262966994137647;0.43884178522662964;0.04310337257013177;0.00745609202988119;0.05762348469859703;0.17407544847972403;1073872896;61746587650;29532451296;9663815682;166;208;267;110;-7.817869003245053;0.078125;0.046875;random_963
4;0.22350086628715765;0.0027692807665022075;0.05262966994137647;0.43884178522662964;0.04310337257013177;0.00745609202988119;0.05762348469859703;0.17407544847972403;1073872896;61746587650;29532451296;9663815682;166;208;267;110;-7.817869003245053;0.078125;;random_963
0;0.18492169809126377;0.02955300255434152;0.04432071927101705;0.029602941035699257;0.22838888752882625;0.26384587089959666;0.035481186908974546;0.18388569371028096;1610752128;61207611458;29610352866;2147483680;182;253;236;80;;;;random_964
1;0.35536557504575755;0.038265523519394884;0.00450023963246392;0.001360380912786598;0.016291722576489084;0.3531279735521729;0.10437146840750454;0.12671711635343055;1610752128;61207611458;29611143330;2147483680;185;255;256;55;-7.8127984513175575;0.078125;0.046875;random_964
2;0.2380546354771868;0.11173900989189237;0.026105787627590093;0.2538020055267487;0.04185444016434565;0.24887557479368702;0.006384928033296779;0.07318361848525257;1073881088;61207611458;29534331042;2147483680;153;257;266;75;-7.802429085444535;0.078125;0.046875;random_964
3;0.34884434049438995;0.00273272513097807;0.06775407423558436;0.38042746609519695;0.011189118644623321;0.09961849730817919;0.034426194101241654;0.05500758398980671;1073881088;61207873600;29534331042;2147483680;149;204;328;70;-7.821381210802353;0.09375;0.046875;random_964
4;0.22350086628715765;0.0027692807665022075;0.05262966994137647;0.43884178522662964;0.04310337257013177;0.00745609202988119;0.05762348469859703;0.17407544847972403;1073872896;61207873600;29534331042;2415919136;152;197;352;50;-7.835835687276236;0.078125;0.046875;random_964
5;0.22350086628715765;0.0027692807665022075;0.05262966994137647;0.43884178522662964;0.04310337257013177;0.00745609202988119;0.05762348469859703;0.17407544847972403;1073872896;61207873600;29534331042;2415919136;152;197;352;50;-7.842453151494269;0.078125;0.046875;random_964
6;0.22350086628715765;0.0027692807665022075;0.05262966994137647;0.43884178522662964;0.04310337257013177;0.00745609202988119;0.05762348469859703;0.17407544847972403;1073872896;61207873600;29534331042;2415919136;152;197;352;50;-7.842453151494269;0.078125;;random_964
0;0.13409408526067088;0.06087608469824865;0.12734805335483673;0.0937575996077046;0.023293296354628314;0.20735455607724348;0.146849550474803;0.20642677417186447;536870928;42949675010;29610352866;18794807424;40;98;377;236;;;;random_965
1;0.1630698429893746;0.00407268318921882;0.09797735637200568;0.2025790815233156;0.07132255533094715;0.3329994162083449;0.0012882034078602433;0.12669086097893295;1073872896;44090656770;29610352866;1610752128;106;150;372;123;-7.742321101352269;0.078125;0.0625;random_965
2;0.29733882025190816;0.006585438005213238;0.09639513903075424;0.2184823345993384;0.06785395966563444;0.29924815921097253;0.009175559626182243;0.004920589609996752;1073872896;44090656770;29610352866;1610752128;102;162;363;124;-7.842945546409206;0.078125;0.046875;random_965
3;0.29733882025190816;0.006585438005213238;0.09639513903075424;0.2184823345993384;0.06785395966563444;0.29924815921097253;0.009175559626182243;0.004920589609996752;1073872896;44090656770;29610352866;1610752128;102;162;363;124;-7.849687072973529;0.078125;;random_965
0;0.045935264865335855;0.24154986528238617;0.1279375924451293;0.28277343500955104;0.20895524086443212;0.044761856431894946;0.009877470997869434;0.03820927410340128;1073881088;46707902626;2415919104;9672204352;178;334;54;185;;;;random_966
1;0.22350086628715765;0.0027692807665022075;0.05262966994137647;0.43884178522662964;0.04310337257013177;0.00745609202988119;0.05762348469859703;0.17407544847972403;1073881088;29800661154;2415919136;29058605408;193;328;39;191;-7.841077885700958;0.078125;0.0625;random_966
2;0.22350086628715765;0.0027692807665022075;0.05262966994137647;0.43884178522662964;0.04310337257013177;0.00745609202988119;0.05762348469859703;0.17407544847972403;1073881088;29800661154;2415919136;29058605408;194;327;39;191;-7.84865941225509;0.09375;0.046875;random_966
3;0.22350086628715765;0.0027692807665022075;0.05262966994137647;0.43884178522662964;0.04310337257013177;0.00745609202988119;0.05762348469859703;0.17407544847972403;1073881088;29800661154;2415919136;29058605408;194;327;39;191;-7.848835228589732;0.09375;;random_966
0;0.22012355089055752;0.0032559770383227163;0.14771824070244782;0.1708177460582587;0.2508794571566601;0.1379366554692365;0.0016946375310970218;0.06757373515341968;1610752128;2147483680;1073872896;29610352866;131;66;105;449;;;;random_967
1;0.22352177554152336;0.013933884125510719;0.06253197493453261;0.21163666058181785;0.26261692524996455;0.19475658839223114;0.02758841884629807;0.0034137723281217284;1610752128;2147483680;1073872896;29610352866;128;75;107;441;-7.804093015155685;0.09375;0.046875;random_967
2;0.29733882025190816;0.006585438005213238;0.09639513903075424;0.2184823345993384;0.06785395966563444;0.29924815921097253;0.009175559626182243;0.004920589609996752;1610752128;2147483680;1073872896;29610352866;136;70;123;422;-7.85376222419499;0.09375;0.046875;random_967
3;0.29733882025190816;0.006585438005213238;0.09639513903075424;0.2184823345993384;0.06785395966563444;0.29924815921097253;0.009175559626182243;0.004920589609996752;1610752128;2147483680;1073872896;29610352866;136;70;123;422;-7.842665764041827;0.09375;;random_967
0;0.015286960099857822;0.3153401986410403;0.2052293514630698;0.0006172184441358656;0.01238572206619818;0.0724970573040398;0.2503734672861088;0.12827002469554954;2684354720;46802282550;29327761760;29534331042;59;230;185;277;;;;random_968
1;0.23100146817560832;0.28560526106641454;0.048180961704098677;0.07155834578377031;0.1489056167349243;0.024893341860084312;0.01694696935742803;0.1729080353176716;2684354720;63355365730;1073872896;29534331042;77;243;130;301;-7.7116746197063835;0.09375;0.0625;random_968
2;0.2963177614337514;0.25714294623322764;0.10802448581574585;0.006813970576452823;0.16620558015219397;0.04051311730045964;0.0017104719231181037;0.12327166656505047;2684354720;63355365730;1073872896;29610352866;69;237;127;318;-7.797616773874124;0.078125;0.046875;random_968
3;0.23100146817560832;0.28560526106641454;0.048180961704098677;0.07155834578377031;0.1489056167349243;0.024893341860084312;0.01694696935742803;0.1729080353176716;2684354720;63355365730;1073872896;29610352866;73;222;130;326;-7.797672589941574;0.078125;0.046875;random_968
4;0.3188267260209409;0.3125167311315185;0.01233475156003031;0.05729383544931351;0.06127058421008044;0.16402134228503878;0.02036627212274369;0.05336975722033394;2684354720;61207611458;1073881088;29610352866;60;240;137;314;-7.810175832092085;0.09375;0.046875;random_968
5;0.3213706583755633;0.11903814318268968;0.017556143254973008;0.27872367736218245;0.15140872368796396;0.0725830103446137;0.006198745360259357;0.03312089843175478;2684354720;61207611458;1073881088;29610352866;92;240;138;281;-7.79996850487259;0.09375;0.046875;random_968
6;0.2366789100818342;0.1819432033667347;0.02595492144120827;0.25233527557337193;0.12282527776671816;0.1402530047885955;0.006348029328823759;0.033661377652713445;2684354720;61207611458;1073881088;29610352866;97;243;151;260;-7.810361657066972;0.09375;0.046875;random_968
7;0.2366789100818342;0.1819432033667347;0.02595492144120827;0.25233527557337193;0.12282527776671816;0.1402530047885955;0.006348029328823759;0.033661377652713445;2684354720;61207611458;1073881088;29610352866;97;243;151;260;-7.8266979564947485;0.078125;;random_968
0;0.10435405307523836;0.18016735542836826;0.18403583517747876;0.0883457927527822;0.156967960254073;0.04835577296879266;0.03617484568829595;0.20159838465497074;536871040;29610352866;2415919104;35433613312;92;439;42;178;;;;random_969
1;0.36193442665461406;0.11513028157588424;0.19158479815497936;0.03469919649421562;0.1519672610039248;0.023569997948277938;0.0036352375031071023;0.11747880066499677;1610752128;29610352866;2415919136;35433613312;134;433;40;144;-7.7871369727859445;0.09375;0.046875;random_969
2;0.27653246838277823;0.023216873330402718;0.20598125407863904;0.009811897398631602;0.3446435397584224;0.006078174795350939;0.08465167857338271;0.049084113682392405;1610752128;29610352866;2147483680;35433613312;146;430;42;133;-7.7677236595463635;0.09375;0.03125;random_969
3;0.4119807570143515;4.829496155221253e-05;0.15409063363725392;0.24826915988256826;0.05781067310387891;0.06990611589670567;0.041094391249730515;0.01679997425395898;1610752128;29610352866;2415919136;35433613312;132;469;46;104;-7.779295036473436;0.078125;0.046875;random_969
4;0.26400356727738417;0.13972626508717423;0.03191848428753177;0.3958529056178151;0.08658313179424464;0.012663840306161888;0.06594451750872049;0.003307288120967658;1610752128;29540626790;2147483680;35433613312;188;407;49;107;-7.818533508490023;0.09375;0.046875;random_969
5;0.2053915564828493;0.11863678979949728;0.05127573581718119;0.2502002985675514;0.2864209047479846;0.010185690057680255;0.020426441167318572;0.05746258335993754;1610752128;29610352866;2415919136;35433613312;171;428;42;110;-7.851288575985935;0.078125;0.046875;random_969
6;0.2053915564828493;0.11863678979949728;0.05127573581718119;0.2502002985675514;0.2864209047479846;0.010185690057680255;0.020426441167318572;0.05746258335993754;1610752128;29610352866;2415919136;35433613312;171;428;42;110;-7.833015132155109;0.078125;0.03125;random_969
7;0.2053915564828493;0.11863678979949728;0.05127573581718119;0.2502002985675514;0.2864209047479846;0.010185690057680255;0.020426441167318572;0.05746258335993754;1610752128;29610352866;2415919136;35433613312;171;428;42;110;-7.833015132155109;0.078125;;random_969
0;0.09446698257017315;0.10298675510090177;0.1622433374124526;0.17601708739238137;0.028995685924850727;0.0890065745929686;0.17572935167043727;0.17055422533583448;2684354720;46506575906;29602427378;18257936384;76;189;304;182;;;;random_97
1;0.22350086628715765;0.0027692807665022075;0.05262966994137647;0.43884178522662964;0.04310337257013177;0.00745609202988119;0.05762348469859703;0.17407544847972403;2952790176;46506575906;64229881568;18257936384;91;208;229;223;-7.770270126198233;0.078125;0.0625;random_97
2;0.22350086628715765;0.0027692807665022075;0.05262966994137647;0.43884178522662964;0.04310337257013177;0.00745609202988119;0.05762348469859703;0.17407544847972403;2952790176;46506575906;64229881568;18257936384;91;208;229;223;-7.886525219607982;0.09375;0.046875;random_97
3;0.22350086628715765;0.0027692807665022075;0.05262966994137647;0.43884178522662964;0.04310337257013177;0.00745609202988119;0.05762348469859703;0.17407544847972403;2952790176;46506575906;64229881568;18257936384;91;208;229;223;-7.886525219607982;0.09375;;random_97
0;0.13865159841624336;0.14279820276809915;0.19071362048337973;0.0058733267197789195;0.06211034029558066;0.1562424231278394;0.09876861836458323;0.20484186982449556;536871040;42949675010;3221356576;27395236032;90;99;217;345;;;;random_970
1;0.368120525847558;0.08574050552388894;0.03447528825883143;0.0008184330424053836;0.07322425182661166;0.08355157155894652;0.06452016782417691;0.2895492561175813;536871040;42949675010;3221356576;27395236032;73;104;199;375;-7.7623736694575545;0.09375;0.046875;random_970
2;0.2141875990279326;0.14140163163174538;0.04634367787947426;0.10831711571244376;0.05335031274434084;0.00656554995798805;0.03182409513900542;0.3980100179070696;1610752128;44090656770;3489792032;29542588512;168;224;126;233;-7.766040240656954;0.078125;0.046875;random_970
3;0.2662768379220859;0.07890248395138788;0.008959830700271097;0.15573491732164238;0.12796644946908076;0.08790434806141358;0.0004115609187673381;0.27384357165535117;1610752128;44090656770;3489792032;29542588512;161;201;143;246;-7.810323829763241;0.09375;0.046875;random_970
4;0.2308093585983686;0.12859103137220315;0.012810719944813947;0.2926995990654124;0.00829441579153979;0.08442058700028815;0.0014980813812954942;0.2408762068460784;1610752128;61274851586;1073872896;29542588512;129;242;108;272;-7.8046949222611275;0.078125;0.0625;random_970
5;0.22350086628715765;0.0027692807665022075;0.05262966994137647;0.43884178522662964;0.04310337257013177;0.00745609202988119;0.05762348469859703;0.17407544847972403;1610752128;61208149506;1073872896;29542588512;140;236;128;247;-7.821631996897101;0.078125;0.03125;random_970
6;0.22350086628715765;0.0027692807665022075;0.05262966994137647;0.43884178522662964;0.04310337257013177;0.00745609202988119;0.05762348469859703;0.17407544847972403;1610752128;61208149506;1073872896;29542588512;139;236;128;248;-7.863616375583805;0.078125;0.03125;random_970
7;0.22350086628715765;0.0027692807665022075;0.05262966994137647;0.43884178522662964;0.04310337257013177;0.00745609202988119;0.05762348469859703;0.17407544847972403;1610752128;61208149506;1073872896;29542588512;139;236;128;248;-7.863326294619878;0.09375;;random_970
0;0.1539958822469635;0.043416657282436634;0.31009412663029834;0.0017487938426956652;0.25932771320215137;0.002849617640611862;0.15831612825332947;0.07025108090151305;9126805634;2415919136;29534331042;61271845122;104;42;321;284;;;;random_971
1;0.2934176041342687;0.008147269441769392;0.28181307548086226;0.0006436050552196409;0.01812809725620379;0.09956354404161875;0.07160141015084243;0.2266853944392151;10200686786;2415919136;29609828386;1073872896;184;65;384;118;-7.745772951645308;0.078125;0.03125;random_971
2;0.2337700385736786;0.0030813621737787885;0.24985205292281729;0.04691282902530974;0.1648275416836902;0.10245125319663659;0.0009746452323179247;0.1981302771917709;10200686786;2415919136;29609828386;1073872896;203;68;386;94;-7.80697602373628;0.078125;0.03125;random_971
3;0.2337700385736786;0.0030813621737787885;0.24985205292281729;0.04691282902530974;0.1648275416836902;0.10245125319663659;0.0009746452323179247;0.1981302771917709;10200686786;2415919136;29609828386;1073872896;203;68;386;94;-7.811845991122804;0.09375;;random_971
0;0.24056584815180523;0.10028994358811799;0.007824401640444678;0.19636176459815424;0.0800275915215337;0.161645310977119;0.1024354683610607;0.11084967116176443;44090656770;2147483680;29610352866;18790621568;188;62;298;203;;;;random_972
1;0.34884434049438995;0.00273272513097807;0.06775407423558436;0.38042746609519695;0.011189118644623321;0.09961849730817919;0.034426194101241654;0.05500758398980671;44090656770;2147483680;29610352866;18794807424;164;77;270;240;-7.831747079059695;0.078125;0.0625;random_972
2;0.22350086628715765;0.0027692807665022075;0.05262966994137647;0.43884178522662964;0.04310337257013177;0.00745609202988119;0.05762348469859703;0.17407544847972403;44090656770;2415919136;64229881568;18794807424;218;50;223;260;-7.862792849177967;0.078125;0.046875;random_972
3;0.22350086628715765;0.0027692807665022075;0.05262966994137647;0.43884178522662964;0.04310337257013177;0.00745609202988119;0.05762348469859703;0.17407544847972403;44090656770;2415919136;64229881568;18794807424;218;50;223;260;-7.884359220432953;0.078125;0.03125;random_972
4;0.22350086628715765;0.0027692807665022075;0.05262966994137647;0.43884178522662964;0.04310337257013177;0.00745609202988119;0.05762348469859703;0.17407544847972403;44090656770;2415919136;64229881568;18794807424;218;50;223;260;-7.884359220432953;0.078125;;random_972
0;0.06888395292172919;0.2058536716237157;0.12108920077890371;0.010345134785495097;0.24670270975598727;0.1297586408602174;0.12689962158140944;0.09046706769254216;2684354720;59943335988;12146835520;29534331042;67;217;170;297;;;;random_973
1;0.23245338645520686;0.23428285114496028;0.019027442455752393;0.04922853468107655;0.15924847664860817;0.11469737055866375;0.012986171885580933;0.17807576617015108;2684354720;61207611458;1073872896;29610352866;86;224;124;317;-7.727865265685077;0.09375;0.046875;random_973
2;0.3188267260209409;0.3125167311315185;0.01233475156003031;0.05729383544931351;0.06127058421008044;0.16402134228503878;0.02036627212274369;0.05336975722033394;2684354720;61207611458;1073881088;29610352866;60;240;137;314;-7.792468853840792;0.09375;0.046875;random_973
3;0.3213706583755633;0.11903814318268968;0.017556143254973008;0.27872367736218245;0.15140872368796396;0.0725830103446137;0.006198745360259357;0.03312089843175478;2684354720;61207611458;1073881088;29610352866;92;240;136;283;-7.79996850487259;0.078125;0.03125;random_973
4;0.2366789100818342;0.1819432033667347;0.02595492144120827;0.25233527557337193;0.12282527776671816;0.1402530047885955;0.006348029328823759;0.033661377652713445;2684354720;61207611458;1073881088;29610352866;97;244;151;259;-7.809720652141426;0.09375;0.046875;random_973
5;0.2366789100818342;0.1819432033667347;0.02595492144120827;0.25233527557337193;0.12282527776671816;0.1402530047885955;0.006348029328823759;0.033661377652713445;2684354720;61207611458;1073881088;29610352866;97;244;151;259;-7.826703702109171;0.078125;;random_973
0;0.1343950631335376;0.0849650126284288;0.1585872120433052;0.18548181029236538;0.10362546709291647;0.138077792319509;0.06253459523990804;0.1323330472500293;2415919104;46506575906;26915008834;1610752128;56;247;271;177;;;;random_974
1;0.2366789100818342;0.1819432033667347;0.02595492144120827;0.25233527557337193;0.12282527776671816;0.1402530047885955;0.006348029328823759;0.033661377652713445;2415919104;63352015138;26847748162;1610752128;71;265;270;145;-7.776851681921754;0.078125;0.046875;random_974
2;0.2366789100818342;0.1819432033667347;0.02595492144120827;0.25233527557337193;0.12282527776671816;0.1402530047885955;0.006348029328823759;0.033661377652713445;2415919104;63352015138;26847748162;1610752128;71;265;270;145;-7.820767717303896;0.09375;0.046875;random_974
3;0.2366789100818342;0.1819432033667347;0.02595492144120827;0.25233527557337193;0.12282527776671816;0.1402530047885955;0.006348029328823759;0.033661377652713445;2415919104;63352015138;26847748162;1610752128;71;265;270;145;-7.820767717303896;0.09375;;random_974
0;0.14866641160615882;0.11981856871496463;0.03740910920981702;0.1697457939677392;0.0748116640455176;0.09085472407383764;0.19928859910998017;0.15940512927198477;2684354720;61271845122;29610352866;1073872896;75;197;346;133;;;;random_975
1;0.22350086628715765;0.0027692807665022075;0.05262966994137647;0.43884178522662964;0.04310337257013177;0.00745609202988119;0.05762348469859703;0.17407544847972403;2684354720;61208149506;27395236032;1073872896;105;236;260;150;-7.773683552463679;0.078125;0.046875;random_975
2;0.22350086628715765;0.0027692807665022075;0.05262966994137647;0.43884178522662964;0.04310337257013177;0.00745609202988119;0.05762348469859703;0.17407544847972403;2684354720;61208149506;27395236032;1073872896;105;236;260;150;-7.86841256604295;0.09375;0.046875;random_975
3;0.22350086628715765;0.0027692807665022075;0.05262966994137647;0.43884178522662964;0.04310337257013177;0.00745609202988119;0.05762348469859703;0.17407544847972403;2684354720;61208149506;27395236032;1073872896;105;236;260;150;-7.86841256604295;0.09375;;random_975
0;0.018926638846759266;0.12943763998747046;0.01989945278374709;0.14777052514460384;0.09035152686216248;0.18612762386503998;0.17861379573199557;0.2288727967782213;536871040;29610352866;2415919104;35433613312;72;453;66;160;;;;random_976
1;0.29719147522465106;0.002114788964385149;0.009729372294519041;0.01865339772566685;0.18256787795576887;0.2664510610817588;0.07653652584660828;0.14675550090664197;18790621568;29610352866;2415919104;1073872896;250;293;87;121;-7.7547449796972945;0.078125;0.046875;random_976
2;0.173774107802524;0.005944439597428946;0.1460460754256834;0.05636071752935284;0.15193135180814402;0.2964315205646726;0.0005845289065144723;0.16892725836567982;18790621568;29610352866;3489800192;1073872896;195;324;107;125;-7.828356430550847;0.078125;0.046875;random_976
3;0.173774107802524;0.005944439597428946;0.1460460754256834;0.05636071752935284;0.15193135180814402;0.2964315205646726;0.0005845289065144723;0.16892725836567982;18790621568;29610352866;3489800192;1073872896;195;324;107;125;-7.8306142550672515;0.078125;0.03125;random_976
4;0.173774107802524;0.005944439597428946;0.1460460754256834;0.05636071752935284;0.15193135180814402;0.2964315205646726;0.0005845289065144723;0.16892725836567982;18790621568;29610352866;3489800192;1073872896;195;324;107;125;-7.8306142550672515;0.09375;;random_976
0;0.08946323376776426;0.052355185858187506;0.05541716671726005;0.17909944334156633;0.10004136212521046;0.27118391441175477;0.023730522226246265;0.22870917155201045;34359740416;63971487074;1073872896;12348170466;58;326;107;260;;;;random_977
1;0.2513448966457677;0.08915769942608719;0.016629634072666266;0.1181371434798492;0.2008391403663697;0.12327716479800704;0.007096098510675712;0.19351822270057709;34359740416;63971487074;1073872896;12348170466;63;293;127;268;-7.76429934266727;0.09375;0.046875;random_977
2;0.2728906132536246;0.22574134141881513;0.007850845711535324;0.09366291420121786;0.1901890432000778;0.030496471033815854;0.017465535814759247;0.1617032353661542;35433613312;63971487074;1073872896;29565784290;114;181;117;339;-7.766642828937579;0.09375;0.046875;random_977
3;0.3188267260209409;0.3125167311315185;0.01233475156003031;0.05729383544931351;0.06127058421008044;0.16402134228503878;0.02036627212274369;0.05336975722033394;35433613312;63971487074;1073881088;29565784290;120;157;125;349;-7.784917904654475;0.109375;0.046875;random_977
4;0.27108794754259014;0.1831778606953081;0.020925739515263015;0.1971217476648742;0.1559468901172474;0.13987100957370288;0.020175438554036883;0.011693366336977266;35433613312;64271383026;1073881088;29610352866;85;187;138;341;-7.784196746762235;0.09375;0.03125;random_977
5;0.2500791569798219;0.2354027773027801;0.014862273932091507;0.2486842722487812;0.05416282486031248;0.14072914265149306;0.02574566700541392;0.030333885019305878;35433613312;64163117378;1073881088;29610352866;95;194;140;322;-7.808537813305021;0.09375;0.046875;random_977
6;0.2500791569798219;0.2354027773027801;0.014862273932091507;0.2486842722487812;0.05416282486031248;0.14072914265149306;0.02574566700541392;0.030333885019305878;35433613312;64163117378;1073881088;29610352866;95;194;140;322;-7.8092440705719985;0.078125;0.046875;random_977
7;0.2500791569798219;0.2354027773027801;0.014862273932091507;0.2486842722487812;0.05416282486031248;0.14072914265149306;0.02574566700541392;0.030333885019305878;35433613312;64163117378;1073881088;29610352866;95;194;140;322;-7.8092440705719985;0.078125;;random_977
0;0.0986637575672391;0.1284259973395871;0.11843105585912289;0.10683310006926049;0.1406985427569072;0.10994541053835442;0.18585367678940193;0.11114845908012679;2684354720;46802282550;29602427378;18257936384;68;218;273;192;;;;random_978
1;0.3213706583755633;0.11903814318268968;0.017556143254973008;0.27872367736218245;0.15140872368796396;0.0725830103446137;0.006198745360259357;0.03312089843175478;2684354720;44090656770;29610352866;18257944576;95;168;297;191;-7.748901131434104;0.09375;0.03125;random_978
2;0.22350086628715765;0.0027692807665022075;0.05262966994137647;0.43884178522662964;0.04310337257013177;0.00745609202988119;0.05762348469859703;0.17407544847972403;2952790176;44090656770;64229881568;18257936384;90;201;237;223;-7.831952963351711;0.078125;0.046875;random_978
3;0.22350086628715765;0.0027692807665022075;0.05262966994137647;0.43884178522662964;0.04310337257013177;0.00745609202988119;0.05762348469859703;0.17407544847972403;2952790176;44090656770;64229881568;18257936384;90;201;237;223;-7.886907146226282;0.09375;0.046875;random_978
4;0.22350086628715765;0.0027692807665022075;0.05262966994137647;0.43884178522662964;0.04310337257013177;0.00745609202988119;0.05762348469859703;0.17407544847972403;2952790176;44090656770;64229881568;18257936384;90;201;237;223;-7.886907146226282;0.09375;;random_978
0;0.18158933925409906;0.1592120363056032;0.16734955959465908;0.17717071955205496;0.03999506091135674;0.06763790857002254;0.1775826977497694;0.029462678062434907;9126805634;2415919136;29610352866;1073872896;99;40;446;166;;;;random_979
1;0.26944712927038167;0.009030505292281932;0.1843464987843593;0.2648111191012427;0.1051204705266616;0.008471646098846347;0.15656017610759415;0.002212454818632198;43486546050;2415919136;29610352866;1073872896;117;39;433;162;-7.791734082017474;0.09375;0.03125;random_979
2;0.27002795685226705;0.14532099445965768;0.0831791085664718;0.41170311013635125;0.0045732289880018;0.013170908603486808;0.068584978332819;0.0034397140609446495;44585596934;2147483680;29610352866;1073872896;206;46;334;165;-7.819940630507743;0.09375;0.03125;random_979
3;0.22350086628715765;0.0027692807665022075;0.05262966994137647;0.43884178522662964;0.04310337257013177;0.00745609202988119;0.05762348469859703;0.17407544847972403;44090656770;2415919136;64229881568;1073872896;195;48;346;162;-7.825089014722776;0.078125;0.046875;random_979
4;0.22350086628715765;0.0027692807665022075;0.05262966994137647;0.43884178522662964;0.04310337257013177;0.00745609202988119;0.05762348469859703;0.17407544847972403;44090656770;2415919136;64229881568;1073872896;195;48;345;163;-7.864914607260789;0.09375;0.046875;random_979
5;0.22350086628715765;0.0027692807665022075;0.05262966994137647;0.43884178522662964;0.04310337257013177;0.00745609202988119;0.05762348469859703;0.17407544847972403;44090656770;2415919136;64229881568;1073872896;195;48;345;163;-7.86499269525641;0.09375;;random_979
0;0.051583175669198886;0.07876627006264723;0.15321705583535758;0.037956424581364646;0.2138918306168165;0.05420426975567123;0.2861965852587995;0.1241843882201443;2415919104;59943335988;28189917282;12348170466;23;279;100;349;;;;random_98
1;0.24145956840245672;0.05947457259723816;0.0359955116060136;0.04530355062257905;0.2610176795247368;0.01531019065682124;0.21254464815685423;0.1288942784333001;2415919104;59943335988;28189917282;12348170466;17;207;107;420;-7.72421029988413;0.09375;0.046875;random_98
2;0.42454000929625346;0.0033256986507659643;0.043745609924104235;0.27976735458040436;0.08648933318160516;0.013617043425939312;0.13689034718363297;0.01162460375729453;2415919136;18794807424;25773998082;29632917990;59;272;94;326;-7.736728791398075;0.078125;0.03125;random_98
3;0.26400356727738417;0.13972626508717423;0.03191848428753177;0.3958529056178151;0.08658313179424464;0.012663840306161888;0.06594451750872049;0.003307288120967658;2415919136;18811592704;27468636162;29530141040;61;294;205;191;-7.85789095676744;0.078125;0.046875;random_98
4;0.22350086628715765;0.0027692807665022075;0.05262966994137647;0.43884178522662964;0.04310337257013177;0.00745609202988119;0.05762348469859703;0.17407544847972403;2415919136;18257944576;29062463522;64229881568;52;221;196;282;-7.915338433005369;0.09375;0.046875;random_98
5;0.22350086628715765;0.0027692807665022075;0.05262966994137647;0.43884178522662964;0.04310337257013177;0.00745609202988119;0.05762348469859703;0.17407544847972403;2415919136;18257944576;29062463522;64229881568;52;220;196;283;-7.882526112588348;0.09375;0.046875;random_98
6;0.22350086628715765;0.0027692807665022075;0.05262966994137647;0.43884178522662964;0.04310337257013177;0.00745609202988119;0.05762348469859703;0.17407544847972403;2415919136;18257944576;29062463522;64229881568;52;220;196;283;-7.882530702430993;0.078125;;random_98
0;0.14741277182592172;0.03150348823968936;0.045878979767489;0.17711048979169425;0.11912890100770564;0.1274268724124899;0.1528222918383379;0.19871620511667232;536871040;42949675010;20938367392;11878268962;48;106;382;215;;;;random_980
1;0.40072647367377445;0.00310362567010429;0.0033302005369709063;0.3927380356007213;0.046225443549343416;0.03708592971439797;0.06602574663090753;0.05076454462378014;536871040;44090656770;20405682208;29610352866;57;171;265;258;-7.720314091041064;0.078125;0.046875;random_980
2;0.22350086628715765;0.0027692807665022075;0.05262966994137647;0.43884178522662964;0.04310337257013177;0.00745609202988119;0.05762348469859703;0.17407544847972403;1610752128;44090656770;3489792032;29610352866;136;152;180;283;-7.858474017587428;0.078125;0.046875;random_980
3;0.22350086628715765;0.0027692807665022075;0.05262966994137647;0.43884178522662964;0.04310337257013177;0.00745609202988119;0.05762348469859703;0.17407544847972403;1610752128;44090656770;3489792032;29610352866;136;152;180;283;-7.883853662013675;0.09375;0.03125;random_980
4;0.22350086628715765;0.0027692807665022075;0.05262966994137647;0.43884178522662964;0.04310337257013177;0.00745609202988119;0.05762348469859703;0.17407544847972403;1610752128;44090656770;3489792032;29610352866;136;152;180;283;-7.883853662013675;0.078125;;random_980
0;0.15246344356024794;0.10435553678810958;0.058871437617122956;0.14182053654735258;0.11466999424396536;0.2489850809425841;0.004670786916595095;0.17416318338402245;536870916;44090656770;29610352866;18794807424;18;186;340;207;;;;random_981
1;0.2380546354771868;0.11173900989189237;0.026105787627590093;0.2538020055267487;0.04185444016434565;0.24887557479368702;0.006384928033296779;0.07318361848525257;1073872896;44090656770;29610352866;1610752128;88;174;376;113;-7.762843743440406;0.09375;0.03125;random_981
2;0.2380546354771868;0.11173900989189237;0.026105787627590093;0.2538020055267487;0.04185444016434565;0.24887557479368702;0.006384928033296779;0.07318361848525257;1073872896;44090656770;29610352866;1610752128;88;174;376;113;-7.829464519816589;0.078125;0.03125;random_981
3;0.2380546354771868;0.11173900989189237;0.026105787627590093;0.2538020055267487;0.04185444016434565;0.24887557479368702;0.006384928033296779;0.07318361848525257;1073872896;44090656770;29610352866;1610752128;88;174;376;113;-7.829464519816589;0.09375;;random_981
0;0.14068029520709904;0.22471581448238254;0.20139289122195705;0.1177304970769688;0.06562831433638883;0.002316771310328985;0.05477015692419659;0.1927652594406782;2684354720;46707902626;9730924610;18257936384;90;247;203;211;;;;random_982
1;0.23100146817560832;0.28560526106641454;0.048180961704098677;0.07155834578377031;0.1489056167349243;0.024893341860084312;0.01694696935742803;0.1729080353176716;2684354720;64271383026;9730924610;18257936384;123;296;147;185;-7.75239245785509;0.078125;0.046875;random_982
2;0.23100146817560832;0.28560526106641454;0.048180961704098677;0.07155834578377031;0.1489056167349243;0.024893341860084312;0.01694696935742803;0.1729080353176716;2684354720;64271383026;9730924610;18257936384;124;295;147;185;-7.785532778573151;0.078125;0.046875;random_982
3;0.23100146817560832;0.28560526106641454;0.048180961704098677;0.07155834578377031;0.1489056167349243;0.024893341860084312;0.01694696935742803;0.1729080353176716;2684354720;64271383026;9730924610;18257936384;124;295;147;185;-7.785596875904955;0.078125;;random_982
0;0.22979451404368129;0.1655251842685584;0.14257538595445665;0.14313730717935436;0.15344901103776504;0.00042242693368697046;0.08735049205223173;0.0777456785302656;536871040;2415919136;1073872896;29610352866;59;36;126;530;;;;random_983
1;0.22350086628715765;0.0027692807665022075;0.05262966994137647;0.43884178522662964;0.04310337257013177;0.00745609202988119;0.05762348469859703;0.17407544847972403;1610752128;2415919136;1073872896;29610352866;155;46;119;431;-7.792378185832547;0.078125;0.046875;random_983
2;0.22350086628715765;0.0027692807665022075;0.05262966994137647;0.43884178522662964;0.04310337257013177;0.00745609202988119;0.05762348469859703;0.17407544847972403;1610752128;2415919136;1073872896;29610352866;155;46;118;432;-7.872818554810086;0.078125;0.046875;random_983
3;0.22350086628715765;0.0027692807665022075;0.05262966994137647;0.43884178522662964;0.04310337257013177;0.00745609202988119;0.05762348469859703;0.17407544847972403;1610752128;2415919136;1073872896;29610352866;155;46;118;432;-7.872377247269405;0.078125;;random_983
0;0.36069943580088903;0.00026803459821233953;0.27159229989059697;0.14948542704648335;0.023886121073561754;0.13313332105860612;0.04715556666808785;0.01377979386356259;1610752128;2147483680;63971487074;18257936384;177;56;374;144;;;;random_984
1;0.4682526859512232;0.02841164940586077;0.14784858962968722;0.1206860771539388;0.0836880441484303;0.08636668438611077;0.04740547708220037;0.017340792242548714;1610752128;2147483680;63971487074;18257936384;171;50;394;136;-7.81394151280925;0.09375;0.046875;random_984
2;0.3185978616200468;0.0399253692728866;0.07682932231412168;0.20500689188455026;0.19099429936681292;0.12665723020531697;0.02933711933047395;0.012651906005790876;1610752128;2147483680;63971487074;18257936384;144;62;429;116;-7.806016702944189;0.078125;0.03125;random_984
3;0.3185978616200468;0.0399253692728866;0.07682932231412168;0.20500689188455026;0.19099429936681292;0.12665723020531697;0.02933711933047395;0.012651906005790876;1610752128;2147483680;63971487074;18257936384;144;62;429;116;-7.829303655011743;0.078125;;random_984
0;0.3119237170366937;0.011265885712960439;0.005460342487063173;0.19441645323877502;0.059589211760665915;0.20360986255816885;0.1670557808673019;0.04667874633837091;536871040;2147483680;27384742082;34359740416;41;129;528;53;;;;random_985
1;0.2380546354771868;0.11173900989189237;0.026105787627590093;0.2538020055267487;0.04185444016434565;0.24887557479368702;0.006384928033296779;0.07318361848525257;1073881088;3221356576;27384742082;35433613312;93;183;388;87;-7.759506192687339;0.078125;0.03125;random_985
2;0.20351755227612883;0.11702777632732324;0.07684897614325388;0.15060676575082368;0.06044924340346322;0.37948267454670465;0.011261351265992668;0.0008056602863097856;1073881088;3827437728;27384742082;35433613312;81;249;323;98;-7.845598560996197;0.09375;0.046875;random_985
3;0.2380546354771868;0.11173900989189237;0.026105787627590093;0.2538020055267487;0.04185444016434565;0.24887557479368702;0.006384928033296779;0.07318361848525257;1073881088;3221356576;27384742082;35433613312;93;183;388;87;-7.839005908814123;0.09375;0.046875;random_985
4;0.20351755227612883;0.11702777632732324;0.07684897614325388;0.15060676575082368;0.06044924340346322;0.37948267454670465;0.011261351265992668;0.0008056602863097856;1073881088;3827437728;27384742082;35433613312;81;249;323;98;-7.845598560996197;0.09375;0.046875;random_985
5;0.2380546354771868;0.11173900989189237;0.026105787627590093;0.2538020055267487;0.04185444016434565;0.24887557479368702;0.006384928033296779;0.07318361848525257;1073881088;3221356576;27384742082;35433613312;93;183;388;87;-7.839005908814123;0.078125;;random_985
0;0.16735628982477674;0.16997635574049041;0.16865670120893098;0.22619922987601426;0.0017721047401683145;0.007255867033120121;0.13686731134698762;0.1219161402295115;2415919104;44090656770;29610352866;1610752128;29;195;353;174;;;;random_986
1;0.29367196430529735;0.0431497126012566;0.2162087121398788;0.3542349238155285;0.010690672475181013;0.005330983715718444;0.007158337437897366;0.06955469350924194;2415919136;44090656770;29610352866;1610752128;46;166;371;168;-7.802430669606992;0.078125;0.046875;random_986
2;0.22350086628715765;0.0027692807665022075;0.05262966994137647;0.43884178522662964;0.04310337257013177;0.00745609202988119;0.05762348469859703;0.17407544847972403;2415919136;44090656770;29610352866;1610752128;64;180;293;214;-7.820184282725646;0.09375;0.03125;random_986
3;0.22350086628715765;0.0027692807665022075;0.05262966994137647;0.43884178522662964;0.04310337257013177;0.00745609202988119;0.05762348469859703;0.17407544847972403;2415919136;44090656770;29610352866;1610752128;64;180;293;214;-7.858092923643183;0.078125;;random_986
0;0.25707040766306316;0.09278716036090608;0.10097966707562041;0.2168811134871335;0.161703835728256;0.018445296040249363;0.014963643366194926;0.13716887627857652;2415919104;61744482434;26847748162;1073872896;52;338;246;115;;;;random_987
1;0.22350086628715765;0.0027692807665022075;0.05262966994137647;0.43884178522662964;0.04310337257013177;0.00745609202988119;0.05762348469859703;0.17407544847972403;2415919136;61744482434;29004800096;1073872896;46;330;202;173;-7.795284445849359;0.09375;0.046875;random_987
2;0.22350086628715765;0.0027692807665022075;0.05262966994137647;0.43884178522662964;0.04310337257013177;0.00745609202988119;0.05762348469859703;0.17407544847972403;2415919136;61744482434;29004800096;1073872896;46;330;202;173;-7.8414945504818;0.09375;0.046875;random_987
3;0.22350086628715765;0.0027692807665022075;0.05262966994137647;0.43884178522662964;0.04310337257013177;0.00745609202988119;0.05762348469859703;0.17407544847972403;2415919136;61744482434;29004800096;1073872896;46;330;202;173;-7.8414945504818;0.078125;;random_987
0;0.11839196580334697;0.21944361957475822;0.1874059932265646;9.14669150997668e-05;0.005036084344463659;0.25056042417200697;0.04911018352784316;0.16996026243591655;1610752128;44023552064;29534331042;2415919104;154;183;323;91;;;;random_988
1;0.1630698429893746;0.00407268318921882;0.09797735637200568;0.2025790815233156;0.07132255533094715;0.3329994162083449;0.0012882034078602433;0.12669086097893295;1073872896;44023552064;29534331042;3489800192;138;133;376;104;-7.795889485861094;0.09375;0.046875;random_988
2;0.1630698429893746;0.00407268318921882;0.09797735637200568;0.2025790815233156;0.07132255533094715;0.3329994162083449;0.0012882034078602433;0.12669086097893295;1073872896;44023552064;29534331042;3489800192;138;133;376;104;-7.833571586950508;0.078125;0.0625;random_988
3;0.1630698429893746;0.00407268318921882;0.09797735637200568;0.2025790815233156;0.07132255533094715;0.3329994162083449;0.0012882034078602433;0.12669086097893295;1073872896;44023552064;29534331042;3489800192;138;133;376;104;-7.833571586950508;0.09375;;random_988
0;0.15954499036172823;0.16397423805971256;0.14321823661807848;0.1507961005664776;0.15353331143044138;0.012986855256777802;0.14542186236623958;0.07052440534054451;536871040;2415919136;1073872896;29610352866;56;34;154;507;;;;random_989
1;0.22350086628715765;0.0027692807665022075;0.05262966994137647;0.43884178522662964;0.04310337257013177;0.00745609202988119;0.05762348469859703;0.17407544847972403;1610752128;2415919136;1073872896;29610352866;155;46;119;431;-7.784553728920169;0.078125;0.046875;random_989
2;0.22350086628715765;0.0027692807665022075;0.05262966994137647;0.43884178522662964;0.04310337257013177;0.00745609202988119;0.05762348469859703;0.17407544847972403;1610752128;2415919136;1073872896;29610352866;155;46;118;432;-7.872818554810086;0.078125;0.03125;random_989
3;0.22350086628715765;0.0027692807665022075;0.05262966994137647;0.43884178522662964;0.04310337257013177;0.00745609202988119;0.05762348469859703;0.17407544847972403;1610752128;2415919136;1073872896;29610352866;155;46;118;432;-7.872377247269405;0.09375;;random_989
0;0.14947556287446842;0.029453785589347397;0.2445719377520863;0.23371459256665442;0.09819051177204152;0.060693787410870864;0.06275375391387565;0.1211460681206554;2952790176;9663815682;29610352866;1073872896;102;128;392;129;;;;random_99
1;0.22350086628715765;0.0027692807665022075;0.05262966994137647;0.43884178522662964;0.04310337257013177;0.00745609202988119;0.05762348469859703;0.17407544847972403;2684354720;9663815682;64229881568;1073872896;97;185;303;166;-7.830566924391644;0.078125;0.046875;random_99
2;0.22350086628715765;0.0027692807665022075;0.05262966994137647;0.43884178522662964;0.04310337257013177;0.00745609202988119;0.05762348469859703;0.17407544847972403;2684354720;9663815682;64229881568;1073872896;97;185;303;166;-7.88720497889541;0.078125;0.046875;random_99
3;0.22350086628715765;0.0027692807665022075;0.05262966994137647;0.43884178522662964;0.04310337257013177;0.00745609202988119;0.05762348469859703;0.17407544847972403;2684354720;9663815682;64229881568;1073872896;97;185;303;166;-7.88720497889541;0.09375;;random_99
0;0.015509642107549331;0.19381615181279901;0.04242377166447373;0.028759364972765572;0.16997231708789282;0.11442351904431045;0.3203729559554927;0.11472227735471625;2684354720;64205240658;11274289314;1073872896;58;424;91;178;;;;random_990
1;0.27030745696100894;0.13642494857402934;0.0331687474370747;0.12923737892849604;0.083918474374899;0.0008813780530181986;0.32945765348065315;0.016603962190820536;2147483680;64205240658;8589934594;1073872896;42;472;54;183;-7.720510336794404;0.09375;0.046875;random_990
2;0.40072647367377445;0.00310362567010429;0.0033302005369709063;0.3927380356007213;0.046225443549343416;0.03708592971439797;0.06602574663090753;0.05076454462378014;2147483680;63967544802;8589934594;1073872896;62;407;95;187;-7.798585327937106;0.09375;0.046875;random_990
3;0.22350086628715765;0.0027692807665022075;0.05262966994137647;0.43884178522662964;0.04310337257013177;0.00745609202988119;0.05762348469859703;0.17407544847972403;2415919136;63967544802;9663815682;1073872896;50;370;150;181;-7.838831490704867;0.09375;0.03125;random_990
4;0.22350086628715765;0.0027692807665022075;0.05262966994137647;0.43884178522662964;0.04310337257013177;0.00745609202988119;0.05762348469859703;0.17407544847972403;2415919136;63967544802;9663815682;1073872896;50;369;151;181;-7.85607266317066;0.09375;0.046875;random_990
5;0.22350086628715765;0.0027692807665022075;0.05262966994137647;0.43884178522662964;0.04310337257013177;0.00745609202988119;0.05762348469859703;0.17407544847972403;2415919136;63967544802;9663815682;1073872896;50;369;151;181;-7.856577912736917;0.09375;;random_990
0;0.26281945946491136;0.0015627807701687716;0.3032794327698092;0.01735854152781253;0.08399325516758886;0.007951450456641097;0.30652128672967316;0.01651379311339506;34896611456;2147483680;9663807490;29609828386;65;44;189;453;;;;random_991
1;0.3390158253081446;0.049906143803161655;0.28840838440329897;0.037190624011152626;0.21071511312791613;0.018287054144669277;0.027686437307190698;0.02879041789446592;35970484352;2147483680;9663807490;29610352866;146;46;140;419;-7.779641033028902;0.078125;0.046875;random_991
2;0.2733434987265134;0.009451244750347686;0.2398005343986876;0.2401717970099991;0.14574613539676542;0.02565288041491666;0.03355627799325328;0.03227763130951691;1073881088;2415919136;9663807490;29610352866;139;51;136;425;-7.796557450823427;0.078125;0.046875;random_991
3;0.26400356727738417;0.13972626508717423;0.03191848428753177;0.3958529056178151;0.08658313179424464;0.012663840306161888;0.06594451750872049;0.003307288120967658;1073881088;2147483680;29800661154;29530141040;217;43;245;246;-7.82220244566271;0.078125;0.046875;random_991
4;0.37340059868882525;0.034454710893647704;0.021988553198505963;0.4433429767374552;0.03507017768372346;0.0141831083682436;0.0738558143111319;0.0037040601184669896;1073881088;2147483680;29800661154;29530141040;217;43;237;254;-7.890219846015931;0.078125;0.046875;random_991
5;0.37340059868882525;0.034454710893647704;0.021988553198505963;0.4433429767374552;0.03507017768372346;0.0141831083682436;0.0738558143111319;0.0037040601184669896;1073881088;2147483680;29800661154;29530141040;217;43;237;254;-7.890701914263463;0.078125;;random_991
0;0.09982425343978481;0.1898761738325866;0.0921051757782472;0.0021414090985018217;0.06881021265748488;0.2044213126860107;0.10819780102182468;0.23462366148555935;536871040;29534331042;2415919104;35433613312;92;379;65;215;;;;random_992
1;0.24133863354290885;0.0034479921744328826;0.10899294801921862;0.00953337496740819;0.14839113593438724;0.2304924863812504;0.00859613419616861;0.24920729478422524;1610752128;29610352866;2415919104;1073872896;142;384;80;145;-7.784592410280197;0.09375;0.0625;random_992
2;0.22981236824301193;0.06474314081029917;0.05554132337516681;0.016073467164186665;0.18053825708676366;0.2551802717984384;0.02254044521833937;0.17557072630379392;1610752128;29610352866;2415919104;1073872896;159;346;98;148;-7.812135104331264;0.078125;0.046875;random_992
3;0.173774107802524;0.005944439597428946;0.1460460754256834;0.05636071752935284;0.15193135180814402;0.2964315205646726;0.0005845289065144723;0.16892725836567982;1610752128;29610352866;3489800192;1073872896;137;383;107;124;-7.820884856819001;0.09375;0.046875;random_992
4;0.173774107802524;0.005944439597428946;0.1460460754256834;0.05636071752935284;0.15193135180814402;0.2964315205646726;0.0005845289065144723;0.16892725836567982;1610752128;29610352866;3489800192;1073872896;137;383;107;124;-7.83074865801356;0.09375;0.046875;random_992
5;0.173774107802524;0.005944439597428946;0.1460460754256834;0.05636071752935284;0.15193135180814402;0.2964315205646726;0.0005845289065144723;0.16892725836567982;1610752128;29610352866;3489800192;1073872896;137;383;107;124;-7.83074865801356;0.09375;;random_992
0;0.1645392489439736;0.13047415964770823;0.021035616182023837;0.2186492889243606;0.11593158697025414;0.05793080433248688;0.1340696433265021;0.15736965167269054;2684354720;46802282550;26915008834;18257936384;100;261;206;184;;;;random_993
1;0.22350086628715765;0.0027692807665022075;0.05262966994137647;0.43884178522662964;0.04310337257013177;0.00745609202988119;0.05762348469859703;0.17407544847972403;2684354720;46506575906;29058605408;18257936384;106;204;208;233;-7.805986725590766;0.078125;0.046875;random_993
2;0.22350086628715765;0.0027692807665022075;0.05262966994137647;0.43884178522662964;0.04310337257013177;0.00745609202988119;0.05762348469859703;0.17407544847972403;2684354720;46506575906;29058605408;18257936384;106;204;208;233;-7.898021290110449;0.078125;0.046875;random_993
3;0.22350086628715765;0.0027692807665022075;0.05262966994137647;0.43884178522662964;0.04310337257013177;0.00745609202988119;0.05762348469859703;0.17407544847972403;2684354720;46506575906;29058605408;18257936384;106;204;208;233;-7.898021290110449;0.078125;;random_993
0;0.11189160572377344;0.1536145631419751;0.025858109061820712;0.2091971272235713;0.162923412022631;0.18500517643233014;0.02722112528612276;0.12428888110777565;2415919104;63352015138;26915008834;1610752128;77;307;212;155;;;;random_994
1;0.2380546354771868;0.11173900989189237;0.026105787627590093;0.2538020055267487;0.04185444016434565;0.24887557479368702;0.006384928033296779;0.07318361848525257;2415919104;63352015138;26847748162;1610752128;76;296;224;155;-7.805409420123035;0.078125;0.046875;random_994
2;0.2380546354771868;0.11173900989189237;0.026105787627590093;0.2538020055267487;0.04185444016434565;0.24887557479368702;0.006384928033296779;0.07318361848525257;2415919104;63352015138;26847748162;1610752128;76;296;225;154;-7.825083870713602;0.078125;0.046875;random_994
3;0.2380546354771868;0.11173900989189237;0.026105787627590093;0.2538020055267487;0.04185444016434565;0.24887557479368702;0.006384928033296779;0.07318361848525257;2415919104;63352015138;26847748162;1610752128;76;296;225;154;-7.825641853379267;0.078125;;random_994
0;0.15912574545908398;0.11999606422702312;0.02279356654009771;0.013936632665745565;0.14153159317358957;0.18308817772101083;0.2289785362734205;0.13054968394002867;536871040;2147483680;25773998082;29805125826;57;117;74;503;;;;random_995
1;0.35536557504575755;0.038265523519394884;0.00450023963246392;0.001360380912786598;0.016291722576489084;0.3531279735521729;0.10437146840750454;0.12671711635343055;1610752128;2147483680;26847870978;29805125826;209;162;209;171;-7.7714296748934695;0.078125;0.03125;random_995
2;0.1630698429893746;0.00407268318921882;0.09797735637200568;0.2025790815233156;0.07132255533094715;0.3329994162083449;0.0012882034078602433;0.12669086097893295;1073881088;3296862240;26847870978;29800542402;127;172;207;245;-7.814084436067677;0.078125;0.046875;random_995
3;0.1630698429893746;0.00407268318921882;0.09797735637200568;0.2025790815233156;0.07132255533094715;0.3329994162083449;0.0012882034078602433;0.12669086097893295;1073881088;3296862240;26847870978;29800542402;127;172;207;245;-7.848817000020019;0.09375;0.046875;random_995
4;0.1630698429893746;0.00407268318921882;0.09797735637200568;0.2025790815233156;0.07132255533094715;0.3329994162083449;0.0012882034078602433;0.12669086097893295;1073881088;3296862240;26847870978;29800542402;127;172;207;245;-7.848817000020019;0.078125;;random_995
0;0.08816322099843084;0.1556133657305188;0.04096646487577118;0.15899169077202618;0.3227569054373565;0.14989830539530255;0.019873862305728004;0.06373618448486594;2415919104;44090656770;29610352866;1073881088;72;182;374;123;;;;random_996
1;0.20642446111882667;0.03247375426306101;0.008323848523663028;0.2607266687233741;0.10171287090797551;0.31275183634833637;0.0006962130348169285;0.07689034707994648;2415919104;44090656770;29565784290;1073881088;84;159;336;172;-7.834296704740035;0.078125;0.046875;random_996
2;0.1536894198364882;0.002031259805225586;0.015509271266870073;0.24031944545001954;0.08378739188450274;0.3347126832399806;0.042266667114845044;0.12768386140206808;2415919104;44090656770;29565784290;1073881088;98;138;339;176;-7.847482670748459;0.078125;0.046875;random_996
3;0.1630698429893746;0.00407268318921882;0.09797735637200568;0.2025790815233156;0.07132255533094715;0.3329994162083449;0.0012882034078602433;0.12669086097893295;3489800192;44090656770;29610352866;1073872896;101;140;373;137;-7.846846156902229;0.09375;0.046875;random_996
4;0.1630698429893746;0.00407268318921882;0.09797735637200568;0.2025790815233156;0.07132255533094715;0.3329994162083449;0.0012882034078602433;0.12669086097893295;3489800192;44090656770;29610352866;1073872896;102;140;372;137;-7.845097541378051;0.078125;0.03125;random_996
5;0.1630698429893746;0.00407268318921882;0.09797735637200568;0.2025790815233156;0.07132255533094715;0.3329994162083449;0.0012882034078602433;0.12669086097893295;3489800192;44090656770;29610352866;1073872896;102;140;372;137;-7.845462033926394;0.078125;;random_996
0;0.15920144564483665;0.16432397366771376;0.047080159154613756;0.19259369715635266;0.066767375447721;0.13210932390844451;0.0731503869235092;0.16477363809680834;2684354720;46802282550;26915008834;1073872896;128;271;241;111;;;;random_997
1;0.37025333210684236;0.022956605155466023;0.07191222226505606;0.4037747516473602;0.08737804219003784;0.0029004357188159953;0.03653897053246483;0.004285640383956738;2684354720;64161454086;29532451296;1073872896;76;282;226;167;-7.798910937855189;0.09375;0.0625;random_997
2;0.22350086628715765;0.0027692807665022075;0.05262966994137647;0.43884178522662964;0.04310337257013177;0.00745609202988119;0.05762348469859703;0.17407544847972403;2684354720;63624054786;27395236032;1073872896;102;234;266;149;-7.847987644225835;0.109375;0.046875;random_997
3;0.22350086628715765;0.0027692807665022075;0.05262966994137647;0.43884178522662964;0.04310337257013177;0.00745609202988119;0.05762348469859703;0.17407544847972403;2684354720;63624054786;27395236032;1073872896;102;234;266;149;-7.864897286543851;0.09375;0.03125;random_997
4;0.22350086628715765;0.0027692807665022075;0.05262966994137647;0.43884178522662964;0.04310337257013177;0.00745609202988119;0.05762348469859703;0.17407544847972403;2684354720;63624054786;27395236032;1073872896;102;234;266;149;-7.864897286543851;0.09375;;random_997
0;0.08611781670749294;0.174632671563497;0.11081809344761563;0.14677223070775447;0.21228362280864368;0.09979618178849849;0.1262270008441986;0.04335238213229897;1073881088;63355365730;21206532512;10200686722;105;330;158;158;;;;random_998
1;0.2366789100818342;0.1819432033667347;0.02595492144120827;0.25233527557337193;0.12282527776671816;0.1402530047885955;0.006348029328823759;0.033661377652713445;1073881088;63355365730;20950556832;10276184194;118;286;164;183;-7.784675782795097;0.09375;0.046875;random_998
2;0.2366789100818342;0.1819432033667347;0.02595492144120827;0.25233527557337193;0.12282527776671816;0.1402530047885955;0.006348029328823759;0.033661377652713445;1073881088;63355365730;20950556832;10276184194;118;287;164;182;-7.820677519177299;0.09375;0.046875;random_998
3;0.2366789100818342;0.1819432033667347;0.02595492144120827;0.25233527557337193;0.12282527776671816;0.1402530047885955;0.006348029328823759;0.033661377652713445;1073881088;63355365730;20950556832;10276184194;118;287;164;182;-7.820701419629524;0.09375;;random_998
0;0.1229757246025913;0.03772228957994527;0.12235962330985138;0.16372060735993052;0.16693362145905322;0.1421990399770335;0.09561380534764768;0.14847528836394722;2415919104;11811291170;26915008834;1610752128;67;217;279;188;;;;random_999
1;0.20642446111882667;0.03247375426306101;0.008323848523663028;0.2607266687233741;0.10171287090797551;0.31275183634833637;0.0006962130348169285;0.07689034707994648;3489800192;29528301986;26847748162;1073881088;111;286;174;180;-7.7883912927798375;0.09375;0.046875;random_999
2;0.1630698429893746;0.00407268318921882;0.09797735637200568;0.2025790815233156;0.07132255533094715;0.3329994162083449;0.0012882034078602433;0.12669086097893295;37849409536;12348162210;26847748162;1073881088;118;268;244;121;-7.855395709848132;0.09375;0.03125;random_999
3;0.1630698429893746;0.00407268318921882;0.09797735637200568;0.2025790815233156;0.07132255533094715;0.3329994162083449;0.0012882034078602433;0.12669086097893295;37849409536;12348162210;26847748162;1073881088;118;268;244;121;-7.852900485707933;0.09375;0.0625;random_999
4;0.1630698429893746;0.00407268318921882;0.09797735637200568;0.2025790815233156;0.07132255533094715;0.3329994162083449;0.0012882034078602433;0.12669086097893295;37849409536;12348162210;26847748162;1073881088;118;268;244;121;-7.852900485707933;0.09375;;random_999
